<TICKER>,<PER>,<DATE>,<TIME>,<OPEN>,<HIGH>,<LOW>,<CLOSE>,<VOL>,<OPENINT>
INHD.US,D,20231214,000000,50400,92208,25200,66576,509.31000000000006,0
INHD.US,D,20231215,000000,35808,35808,9408,10224,1436.6000000000001,0
INHD.US,D,20231218,000000,9840,10731.8,7728.48,8880,336.70450000000005,0
INHD.US,D,20231219,000000,8400,8832,7536,8136,173.53750000000002,0
INHD.US,D,20231220,000000,7824,8299.68,7296.48,7536,98.6085,0
INHD.US,D,20231221,000000,7632,7920,7200,7200,73.046,0
INHD.US,D,20231222,000000,7200,7680,7104,7152,92.2265,0
INHD.US,D,20231226,000000,7200,7296,6336,6624,106.0955,0
INHD.US,D,20231227,000000,6432,6606.72,6000,6000.48,88.87200000000001,0
INHD.US,D,20231228,000000,6000,7440,6000,7224,199.5705,0
INHD.US,D,20231229,000000,7104,7296,6672,6912,56.032500000000006,0
INHD.US,D,20240102,000000,7056,7056,6432,6672,40.36580000000001,0
INHD.US,D,20240103,000000,6528,7080.96,6432,6912,58.74450000000001,0
INHD.US,D,20240104,000000,6480,7104,6480,6672,30.7904,0
INHD.US,D,20240105,000000,6672,6911.52,6534.24,6720,20.664150000000003,0
INHD.US,D,20240108,000000,6720,6945.6,6528,6672,14.852250000000002,0
INHD.US,D,20240109,000000,6576,6720,6432,6480,14.93645,0
INHD.US,D,20240110,000000,6672,6672,6096,6240,21.35395,0
INHD.US,D,20240111,000000,6192,6480,5809.92,6000,26.522050000000004,0
INHD.US,D,20240112,000000,5904,6240,5568,5664,19.960400000000003,0
INHD.US,D,20240116,000000,5664,5999.52,5328,5424,34.7654,0
INHD.US,D,20240117,000000,5520,5663.52,5040,5184,19.855400000000003,0
INHD.US,D,20240118,000000,5088,5376,4992,5136,11.6252,0
INHD.US,D,20240119,000000,5267.04,5280,4944,5088,11.103950000000001,0
INHD.US,D,20240122,000000,5088,5136,4704,5088,117.4465,0
INHD.US,D,20240123,000000,4800,5087.52,4608,4622.4,49.1233,0
INHD.US,D,20240124,000000,4650.72,4800,4561.44,4656,19.0827,0
INHD.US,D,20240125,000000,4800,5616,4611.84,5405.76,75.9145,0
INHD.US,D,20240126,000000,4992,5423.52,4992,5184,15.319749999999999,0
INHD.US,D,20240129,000000,5232,6000,5040,5589.12,40.9829,0
INHD.US,D,20240130,000000,5856,5856,5232,5424,8.7631,0
INHD.US,D,20240131,000000,5712,5712,5184.48,5376,7.6779,0
INHD.US,D,20240201,000000,5184,5568,5136,5520,12.948750000000002,0
INHD.US,D,20240202,000000,5342.88,5568,5328.48,5520,3.8156250000000003,0
INHD.US,D,20240205,000000,5664,5664,5232,5280,9.149550000000001,0
INHD.US,D,20240206,000000,5400,5760,5328,5337.6,14.3335,0
INHD.US,D,20240207,000000,5424,5485.44,5184,5289.6,8.08395,0
INHD.US,D,20240208,000000,5472,5856,5472,5808,32.12725,0
INHD.US,D,20240209,000000,5856,5999.52,5520.48,5856,16.857499999999998,0
INHD.US,D,20240212,000000,5856,6336,5616,6000,41.4031,0
INHD.US,D,20240213,000000,5904,6240,5280,5568,28.84435,0
INHD.US,D,20240214,000000,5664,5808,5376,5520,11.251000000000001,0
INHD.US,D,20240215,000000,5424,5760,5376,5712,26.0483,0
INHD.US,D,20240216,000000,5712,6288,5616,6000,28.150000000000002,0
INHD.US,D,20240220,000000,6048,6336,5760,5904,12.3908,0
INHD.US,D,20240221,000000,5904,6192,5621.76,5760,6.661650000000001,0
INHD.US,D,20240222,000000,5664,5964,5616,5760,8.4856,0
INHD.US,D,20240223,000000,5808,6144,5619.36,5856,19.99475,0
INHD.US,D,20240226,000000,5760,5868,5040,5424,27.1181,0
INHD.US,D,20240227,000000,5424,5663.52,5088,5184,21.5458,0
INHD.US,D,20240228,000000,5185.92,5424,5088,5136,8.254150000000001,0
INHD.US,D,20240229,000000,5136,5280,4138.56,4416,51.59,0
INHD.US,D,20240301,000000,4416,4608.48,4186.56,4252.8,19.710400000000003,0
INHD.US,D,20240304,000000,4416,4704,4272,4440,12.193750000000001,0
INHD.US,D,20240305,000000,4944,4944,4320.48,4656,8.0002,0
INHD.US,D,20240306,000000,4608,4656,4368.48,4560,11.0135,0
INHD.US,D,20240307,000000,4416,4799.52,4324.32,4377.6,7.408100000000001,0
INHD.US,D,20240308,000000,4440,4512,4176,4368,8.95475,0
INHD.US,D,20240311,000000,4368,5135.04,4272,4756.8,35.49,0
INHD.US,D,20240312,000000,4896,4896,4572,4717.2,15.218950000000001,0
INHD.US,D,20240313,000000,4699.2,4848,4526.4,4589.76,5.2433000000000005,0
INHD.US,D,20240314,000000,4800,4800,4416,4560,4.57333,0
INHD.US,D,20240315,000000,4512,4800,4419.36,4419.36,5.1733,0
INHD.US,D,20240318,000000,4800,4800,4135.2,4159.68,29.78705,0
INHD.US,D,20240319,000000,4224.48,4322.4,4135.2,4176,4.018540000000001,0
INHD.US,D,20240320,000000,4164.48,4560,3888.48,4083.84,14.146,0
INHD.US,D,20240321,000000,4128,4289.76,3888,3892.32,9.948500000000001,0
INHD.US,D,20240322,000000,3937.44,4080,3697.44,3888.48,13.658500000000002,0
INHD.US,D,20240325,000000,3845.04,3888.72,3652.8,3699.12,10.518500000000001,0
INHD.US,D,20240326,000000,3700.8,3700.8,3413.28,3526.08,12.521450000000002,0
INHD.US,D,20240327,000000,3612.96,3612.96,3168,3408,26.609350000000003,0
INHD.US,D,20240328,000000,3360,3695.52,3360,3456,6.138300000000001,0
INHD.US,D,20240401,000000,3578.4,3696,3552,3695.04,12.9552,0
INHD.US,D,20240402,000000,3695.96,3695.96,3120,3249.6,36.73500000000001,0
INHD.US,D,20240403,000000,3232.32,3408,2931.36,2952.96,15.184750000000001,0
INHD.US,D,20240404,000000,3014.4,3187.44,3014.4,3015.36,2.722705,0
INHD.US,D,20240405,000000,2976,3120,2833.44,2875.68,12.53725,0
INHD.US,D,20240408,000000,2894.88,3272.64,2894.88,3026.88,8.236650000000001,0
INHD.US,D,20240409,000000,3119.76,3215.04,3024,3031.2,5.6235,0
INHD.US,D,20240410,000000,3118.56,3216,3063.84,3216,6.797499999999999,0
INHD.US,D,20240411,000000,3264,3264,2964,2995.2,2.8077050000000003,0
INHD.US,D,20240412,000000,2990.4,3071.76,2793.6,2837.76,6.16145,0
INHD.US,D,20240415,000000,2891.76,2980.32,2688,2750.4,6.594750000000001,0
INHD.US,D,20240416,000000,2887.68,2887.68,2645.76,2645.76,5.206,0
INHD.US,D,20240417,000000,2654.4,2880,2645.28,2647.2,6.0733,0
INHD.US,D,20240418,000000,2832,2877.6,2645.76,2759.52,3.4310400000000003,0
INHD.US,D,20240419,000000,2875.2,2875.2,2733.12,2733.12,2.6291650000000004,0
INHD.US,D,20240422,000000,2647.2,2736,2644.8,2731.46,3.9325000000000006,0
INHD.US,D,20240423,000000,2640,2833.92,2640,2645.28,9.073950000000002,0
INHD.US,D,20240424,000000,2644.8,2925.6,2644.8,2880,6.930400000000001,0
INHD.US,D,20240425,000000,2822.88,3130.56,2742.24,3008.4,31.04665,0
INHD.US,D,20240426,000000,3206.4,3206.4,2976,3026.4,16.28725,0
INHD.US,D,20240429,000000,3982.56,4001.76,2928.96,3220.8,3636.8550000000005,0
INHD.US,D,20240430,000000,2918.4,3738.24,2918.4,3597.6,170.335,0
INHD.US,D,20240501,000000,3360,4128,3226.08,3652.8,148.886,0
INHD.US,D,20240502,000000,3460.8,3696,3192,3216,37.13225,0
INHD.US,D,20240503,000000,3355.2,3360,3120,3187.54,19.10145,0
INHD.US,D,20240506,000000,3168.48,3384.48,3048,3086.4,17.7054,0
INHD.US,D,20240507,000000,3028.8,3259.2,2947.68,2985.6,24.2179,0
INHD.US,D,20240508,000000,2906.4,3055.68,2880,2956.8,12.519350000000001,0
INHD.US,D,20240509,000000,2976,3119.52,2955.36,3024,8.133750000000001,0
INHD.US,D,20240510,000000,3000,3072,2932.8,2933.28,8.03395,0
INHD.US,D,20240513,000000,2956.8,2956.8,2740.8,2772.24,15.74185,0
INHD.US,D,20240514,000000,2784,2878.56,2736,2832,7.8633,0
INHD.US,D,20240515,000000,2875.68,2880,2688.48,2698.08,7.939350000000001,0
INHD.US,D,20240516,000000,2702.4,2784,2544,2666.44,16.14475,0
INHD.US,D,20240517,000000,2798.4,3167.52,2688,2904,53.591,0
INHD.US,D,20240520,000000,2974.08,3071.52,2600.64,2832.48,21.091450000000002,0
INHD.US,D,20240521,000000,2832.48,2949.6,2688,2784,9.68185,0
INHD.US,D,20240522,000000,2870.4,2870.4,2640.48,2692.8,8.76665,0
INHD.US,D,20240523,000000,2639.04,2639.52,2407.24,2638.56,21.2433,0
INHD.US,D,20240524,000000,2544,2638.56,2452.8,2543.52,11.5456,0
INHD.US,D,20240528,000000,2671.2,3120,2543.52,2880,22.6552,0
INHD.US,D,20240529,000000,3038.4,3038.4,2791.68,2916.96,8.28895,0
INHD.US,D,20240530,000000,2917.44,3336,2520,3201.6,42.1606,0
INHD.US,D,20240531,000000,3105.6,3169.44,2977.44,3169.44,7.612900000000001,0
INHD.US,D,20240603,000000,3124.8,3211.2,2878.08,3124.8,4.868125,0
INHD.US,D,20240604,000000,3048,3124.8,2892.48,3000,4.835000000000001,0
INHD.US,D,20240605,000000,2976,3360,2934.96,3146.4,75.8,0
INHD.US,D,20240606,000000,3552,4368,3120,3500.64,527.735,0
INHD.US,D,20240607,000000,3067.2,3309.22,3024,3093.12,48.09225000000001,0
INHD.US,D,20240610,000000,3132,3743.52,3024,3120,35.53475,0
INHD.US,D,20240611,000000,3120,3229.92,3024,3216,12.8625,0
INHD.US,D,20240612,000000,3055.2,3264,3014.4,3264,10.405000000000001,0
INHD.US,D,20240613,000000,3163.2,3216,3072,3216,3.35708,0
INHD.US,D,20240614,000000,3216,3696,3025.44,3408,15.436250000000001,0
INHD.US,D,20240617,000000,3345.6,3345.6,3120,3120,9.5358,0
INHD.US,D,20240618,000000,3123.36,3215.52,3040.32,3215.52,1.965205,0
INHD.US,D,20240620,000000,3230.4,3230.4,3000,3128.16,7.6306,0
INHD.US,D,20240621,000000,3145.2,3210.72,2640,3210.72,22.535800000000002,0
INHD.US,D,20240624,000000,3187.2,3264,2978.4,3168,2.6947900000000002,0
INHD.US,D,20240625,000000,3168,3168,3024.48,3124.8,3.9012500000000006,0
INHD.US,D,20240626,000000,3055.2,3168,3025.92,3168,3.7254150000000004,0
INHD.US,D,20240627,000000,3026.4,3168,3026.4,3168,4.2020800000000005,0
INHD.US,D,20240628,000000,3028.8,3114.24,3027.84,3109.44,6.942900000000001,0
INHD.US,D,20240701,000000,3032.62,3176.64,3027.84,3176.64,2.274165,0
INHD.US,D,20240702,000000,3029.28,3120,2932.8,2976,12.2704,0
INHD.US,D,20240703,000000,3048,3072,2928,2928,2.082915,0
INHD.US,D,20240705,000000,2901.6,3072,2832,3062.4,11.013300000000001,0
INHD.US,D,20240708,000000,3045.12,3045.12,2493.36,2640,21.20625,0
INHD.US,D,20240709,000000,2688,2874.24,2640,2783.04,16.547900000000002,0
INHD.US,D,20240710,000000,2880,3216,2875.2,3119.04,30.9131,0
INHD.US,D,20240711,000000,3216,3302.4,3096,3264,10.737050000000002,0
INHD.US,D,20240712,000000,3288,3456,3288,3420.04,12.0252,0
INHD.US,D,20240715,000000,3403.68,3456,3360,3396,8.72915,0
INHD.US,D,20240716,000000,3360,3480,3360,3479.04,2.6252050000000002,0
INHD.US,D,20240717,000000,3379.2,3456,3360,3408,4.345000000000001,0
INHD.US,D,20240718,000000,3451.2,3453.6,3312,3441.6,4.016665,0
INHD.US,D,20240719,000000,3441.12,3441.12,3288,3363.84,2.356875,0
INHD.US,D,20240722,000000,3360,3408.96,3336,3407.52,2.01729,0
INHD.US,D,20240723,000000,3408,3542.4,3408,3480,22.105400000000003,0
INHD.US,D,20240724,000000,3481.92,3595.2,3360,3477.6,34.41645,0
INHD.US,D,20240725,000000,3594.72,3600,3364.32,3600,4.685205,0
INHD.US,D,20240726,000000,3458.4,3576,3408,3461.28,4.188750000000001,0
INHD.US,D,20240729,000000,3552,3599.04,3368.16,3542.4,3.9675,0
INHD.US,D,20240730,000000,3542.4,3542.4,3316.8,3360,8.28185,0
INHD.US,D,20240731,000000,3360,3504,3216,3354.24,7.131,0
INHD.US,D,20240801,000000,3312,3453.6,3120,3124.8,7.30205,0
INHD.US,D,20240802,000000,3038.4,3215.52,2712,2980.8,1.10354,0
INHD.US,D,20240805,000000,2666.88,3133.44,2666.88,3092.16,2.559165,0
INHD.US,D,20240806,000000,2832,3042.72,2832,2884.8,2.737705,0
INHD.US,D,20240807,000000,3072,3072,2884.8,3023.52,1.5947900000000002,0
INHD.US,D,20240808,000000,3072,3072.48,2688,2745.36,6.3525,0
INHD.US,D,20240809,000000,2882.88,2928,2640,2784,3.63375,0
INHD.US,D,20240812,000000,2784,2784,2453.76,2551.68,14.676,0
INHD.US,D,20240813,000000,2716.8,2716.8,2306.64,2534.4,9.684750000000001,0
INHD.US,D,20240814,000000,2523.66,2523.66,2376,2494.56,1.000205,0
INHD.US,D,20240815,000000,2496,2496.48,1660.8,1972.8,16.667250000000003,0
INHD.US,D,20240816,000000,1889.76,2066.4,1889.76,1932,7.0125,0
INHD.US,D,20240819,000000,1848,2160,1848,2160,3.19,0
INHD.US,D,20240820,000000,1830.72,2188.8,1830.72,2188.8,0.7050000000000001,0
INHD.US,D,20240821,000000,2075.04,2279.62,1968,2159.52,3.889165,0
INHD.US,D,20240822,000000,2160,2399.52,2160,2244,1.81583,0
INHD.US,D,20240823,000000,2234.88,2354.4,2165.28,2354.4,1,0
INHD.US,D,20240826,000000,2354.4,2400,2160.48,2213.28,7.33625,0
INHD.US,D,20240827,000000,2208,2343.84,2208,2212.8,1.4572900000000002,0
INHD.US,D,20240828,000000,2217.6,2218.08,2160,2217.12,2.075625,0
INHD.US,D,20240829,000000,2304,2304,2123.52,2126.4,1.5268750000000002,0
INHD.US,D,20240830,000000,2131.2,2217.12,1920,2208,1.01854,0
INHD.US,D,20240903,000000,2217.6,2217.6,1920.96,1920.96,1.421665,0
INHD.US,D,20240904,000000,2236.8,2237.28,1924.8,2155.2,2.57458,0
INHD.US,D,20240905,000000,2238.24,2260.8,2050.56,2068.8,3.5277050000000005,0
INHD.US,D,20240906,000000,2064,2184,2064,2119.68,1.5766650000000002,0
INHD.US,D,20240909,000000,2203.2,2441.28,2112,2399.52,6.0327,0
INHD.US,D,20240910,000000,2352,2760,2352,2754.24,13.256,0
INHD.US,D,20240911,000000,2743.2,2793.12,2400.96,2793.12,1.71729,0
INHD.US,D,20240912,000000,2647.2,2934,2422.48,2784,4.01229,0
INHD.US,D,20240913,000000,2664,3023.52,2400,2700.48,8.2104,0
INHD.US,D,20240916,000000,2117.76,3023.52,2117.76,2688,3.005625,0
INHD.US,D,20240917,000000,2822.4,3023.52,2709.12,2997.12,2.772705,0
INHD.US,D,20240918,000000,2722.56,2996.64,2561.28,2641.92,1.321665,0
INHD.US,D,20240919,000000,2640,2783.52,2423.04,2428.8,4.160205,0
INHD.US,D,20240920,000000,2472,2809.44,2170.08,2809.44,24.87705,0
INHD.US,D,20240923,000000,2775.36,2781.64,2479.2,2666.4,1.04125,0
INHD.US,D,20240924,000000,2666.4,2965.44,2472,2784.96,7.03475,0
INHD.US,D,20240925,000000,2845.82,2845.82,2640,2640,1.82354,0
INHD.US,D,20240926,000000,2640.48,2736,2639.52,2639.52,2.265,0
INHD.US,D,20240927,000000,2635.2,2635.2,2544,2544,1.791455,0
INHD.US,D,20240930,000000,2664,2783.04,2664,2685.6,2.817915,0
INHD.US,D,20241001,000000,2417.28,2735.52,2417.28,2551.2,2.425415,0
INHD.US,D,20241002,000000,2491.2,2616,2491.2,2616,0.629165,0
INHD.US,D,20241003,000000,2438.92,2592,2438.92,2500.8,0.19625,0
INHD.US,D,20241004,000000,2433.6,2736,2304.48,2640,1.7397900000000002,0
INHD.US,D,20241007,000000,2498.88,2640,2376.48,2639.28,3.0541650000000002,0
INHD.US,D,20241008,000000,2498.4,2791.68,1892.16,2688,125.14600000000002,0
INHD.US,D,20241009,000000,2822.4,3834.24,2739.84,3264,273.7,0
INHD.US,D,20241010,000000,2472,2640,2164.8,2313.6,198.3895,0
INHD.US,D,20241011,000000,2160,2160,1608,1752,536.975,0
INHD.US,D,20241014,000000,1737.6,1902.91,1728,1771.15,162.6725,0
INHD.US,D,20241015,000000,1747.2,2289.6,1747.2,2092.8,765.08,0
INHD.US,D,20241016,000000,2016,2260.8,1924.8,2198.4,124.9915,0
INHD.US,D,20241017,000000,2088,2212.6,1934.4,1977.6,118.30000000000001,0
INHD.US,D,20241018,000000,1977.6,3254.4,1977.6,2803.2,837.8000000000001,0
INHD.US,D,20241021,000000,2352,2688,2352,2529.6,176.67700000000002,0
INHD.US,D,20241022,000000,2452.8,2544,2414.4,2443.2,31.0854,0
INHD.US,D,20241023,000000,2448,2503.78,2102.4,2107.2,110.4935,0
INHD.US,D,20241024,000000,1948.8,2400,1752,1896,353.425,0
INHD.US,D,20241025,000000,1867.2,2640,1867.2,2256,871.2350000000001,0
INHD.US,D,20241028,000000,2136,2208,1920,1924.8,156.2415,0
INHD.US,D,20241029,000000,1920,2090.12,1881.6,1886.4,60.17250000000001,0
INHD.US,D,20241030,000000,1920,1982.4,1848.96,1852.8,18.1854,0
INHD.US,D,20241031,000000,1896,1982.4,1728.53,1939.2,138.604,0
INHD.US,D,20241101,000000,1992,2238.28,1900.8,2174.4,531.5300000000001,0
INHD.US,D,20241104,000000,2097.6,2137.82,1934.4,1968,103.6705,0
INHD.US,D,20241105,000000,2054.4,2400,1972.8,2065.92,161.583,0
INHD.US,D,20241106,000000,2203.2,2731.2,2112,2630.4,242.3725,0
INHD.US,D,20241107,000000,2544,2592,2403.88,2462.4,30.97915,0
INHD.US,D,20241108,000000,2558.4,2558.4,2342.5,2414.4,65.71849999999999,0
INHD.US,D,20241111,000000,2524.8,2524.8,2352.14,2448,74.31,0
INHD.US,D,20241112,000000,2318.4,2486.4,2112,2260.8,99.29750000000001,0
INHD.US,D,20241113,000000,2342.4,4315.2,1440,2448,1946.2700000000002,0
INHD.US,D,20241114,000000,2040,2448,1899.79,2280,313.3645,0
INHD.US,D,20241115,000000,2246.4,2328,2092.8,2222.4,75.39750000000001,0
INHD.US,D,20241118,000000,2193.6,2371.2,2117.28,2260.8,165.625,0
INHD.US,D,20241119,000000,2304,2496,2275.2,2433.6,115.277,0
INHD.US,D,20241120,000000,2414.4,2640,2309.76,2380.8,111.57249999999999,0
INHD.US,D,20241121,000000,2376,2491.2,2280,2428.8,92.8435,0
INHD.US,D,20241122,000000,2243.32,2469.08,2243.32,2380.8,8.35,0
INHD.US,D,20241125,000000,2328,2352,2222.4,2251.2,25.658300000000004,0
INHD.US,D,20241126,000000,2212.8,2659.2,2169.6,2524.8,86.956,0
INHD.US,D,20241127,000000,2395.2,2487.56,2308.8,2345.28,31.856250000000003,0
INHD.US,D,20241129,000000,2561.42,2561.42,2310.1,2356.8,17.410400000000003,0
INHD.US,D,20241202,000000,2583.98,2827.2,2361.6,2462.4,152.32500000000002,0
INHD.US,D,20241203,000000,2448,2468.26,2376,2414.4,32.74165,0
INHD.US,D,20241204,000000,2366.4,2515.2,2366.4,2390.5,55.785000000000004,0
INHD.US,D,20241205,000000,2400,2462.4,2246.4,2385.6,148.1665,0
INHD.US,D,20241206,000000,2328,2424,2256,2356.8,123.304,0
INHD.US,D,20241209,000000,2318.4,2438.4,2246.4,2337.6,78.8875,0
INHD.US,D,20241210,000000,2347.2,2356.8,2198.4,2270.4,37.18125,0
INHD.US,D,20241211,000000,2352,2352,2112,2246.4,41.65415,0
INHD.US,D,20241212,000000,2131.2,2400,2131.2,2342.4,45.82705000000001,0
INHD.US,D,20241213,000000,2268,2801.72,2203.2,2462.4,222.6415,0
INHD.US,D,20241216,000000,2390.6,2428.8,2324.16,2376,24.76875,0
INHD.US,D,20241217,000000,2414.4,2457.36,2222.4,2222.4,30.2604,0
INHD.US,D,20241218,000000,2254.08,2332.8,2155.2,2160,40.947900000000004,0
INHD.US,D,20241219,000000,2222.4,2280,2126.4,2136,95.0125,0
INHD.US,D,20241220,000000,2175.74,2256,2113,2246.4,30.639550000000003,0
INHD.US,D,20241223,000000,2160,2256,2160,2256,21.972900000000003,0
INHD.US,D,20241224,000000,2278.32,2448,2203.2,2203.2,28.65625,0
INHD.US,D,20241226,000000,2399.96,2399.96,2246.4,2380.8,81.25,0
INHD.US,D,20241227,000000,2347.2,2443.2,2347.2,2419.2,30.039550000000006,0
INHD.US,D,20241230,000000,2260.8,2361.6,2260.8,2284.8,25.5375,0
INHD.US,D,20241231,000000,2270.4,2313.6,2212.8,2258.4,34.2479,0
INHD.US,D,20250102,000000,2260.8,2400,2260.8,2395.2,22.391650000000002,0
INHD.US,D,20250103,000000,2347.2,2400,2347.2,2400,8.410400000000001,0
INHD.US,D,20250106,000000,2433.6,2544,2419.24,2452.8,43.0229,0
INHD.US,D,20250107,000000,2448,2448,2308.8,2424,11.833300000000001,0
INHD.US,D,20250108,000000,2424,2438.4,2376,2376,32.79375,0
INHD.US,D,20250110,000000,2376,2414.4,2376,2414.4,1.8333300000000001,0
INHD.US,D,20250113,000000,2414.4,2490.48,2414.4,2472,45.7104,0
INHD.US,D,20250114,000000,2496,2688,2491.2,2544,29.358300000000003,0
INHD.US,D,20250115,000000,2505.36,2577.6,2505.36,2524.8,27.056250000000002,0
INHD.US,D,20250116,000000,2433.6,2534.4,2433.6,2472,21.23955,0
INHD.US,D,20250117,000000,2491.2,2496,2436,2467.2,17.8583,0
INHD.US,D,20250121,000000,2539.2,2556,2493.6,2496,28.8729,0
INHD.US,D,20250122,000000,2517.6,2517.6,2438.4,2438.4,20.366650000000003,0
INHD.US,D,20250123,000000,2496,2510.4,2443.2,2500.8,33.1,0
INHD.US,D,20250124,000000,2534.4,2664,2376,2376,115.36,0
INHD.US,D,20250127,000000,2352,2404.8,1718.4,1771.2,154.958,0
INHD.US,D,20250128,000000,1920,2544,1920,2256,275.5225,0
INHD.US,D,20250129,000000,2232,2400,2208,2400,31.652050000000003,0
INHD.US,D,20250130,000000,2390.4,2390.4,2280,2333.86,72.7395,0
INHD.US,D,20250131,000000,2344.8,2344.8,2208,2208,65.72250000000001,0
INHD.US,D,20250203,000000,2208,2253.6,2208,2229.6,11.89165,0
INHD.US,D,20250204,000000,2289.08,2289.08,2217.6,2217.6,9.89375,0
INHD.US,D,20250205,000000,2277.6,2277.6,2269.34,2275.2,6.0125,0
INHD.US,D,20250206,000000,2222.4,2280,2212.8,2232,11.318750000000001,0
INHD.US,D,20250207,000000,2241.6,2241.6,2184,2217.6,5.5645500000000006,0
INHD.US,D,20250210,000000,2217.6,2404.8,2217.6,2318.4,175.131,0
INHD.US,D,20250211,000000,2385.6,2385.6,2284.8,2323.2,31.84165,0
INHD.US,D,20250212,000000,2340,2340,2184,2294.4,16.070800000000002,0
INHD.US,D,20250213,000000,2253.6,2304,2222.4,2280,11.966650000000001,0
INHD.US,D,20250214,000000,2227.2,2332.76,2227.2,2251.2,5.825,0
INHD.US,D,20250218,000000,2318.4,2318.4,2160,2160,38.30415,0
INHD.US,D,20250219,000000,2256.82,2256.82,2145.6,2145.6,8.67915,0
INHD.US,D,20250220,000000,2193.6,2265.6,2155.2,2232,9.8208,0
INHD.US,D,20250221,000000,2222.4,2222.44,2217.6,2222.4,2.86458,0
INHD.US,D,20250224,000000,2222.4,2256,2217.74,2236.8,6.8208,0
INHD.US,D,20250225,000000,2244,2280,2217.6,2232,8.481250000000001,0
INHD.US,D,20250226,000000,2193.6,2234.4,2188.8,2203.2,12.058300000000001,0
INHD.US,D,20250227,000000,2217.6,2217.6,2193.6,2193.6,2.704165,0
INHD.US,D,20250228,000000,2270.4,2270.4,2244,2244,1.5437500000000002,0
INHD.US,D,20250303,000000,2208,2222.4,2181.6,2188.84,15.085400000000002,0
INHD.US,D,20250304,000000,2188.8,2200.8,2107.2,2160,10.3583,0
INHD.US,D,20250305,000000,2184,2260.8,2114.4,2246.4,8.90415,0
INHD.US,D,20250306,000000,2208.76,2208.76,2184,2184,2.416665,0
INHD.US,D,20250307,000000,2104.8,2160,2104.8,2160,4.385415,0
INHD.US,D,20250310,000000,2169.6,2284.8,2164.8,2164.8,9.106250000000001,0
INHD.US,D,20250311,000000,2280,2323.2,2210.4,2256,5.4333,0
INHD.US,D,20250312,000000,2227.2,2304,2169.6,2179.2,18.85415,0
INHD.US,D,20250313,000000,2323.2,2323.2,2112,2318.4,16.6458,0
INHD.US,D,20250314,000000,2193.6,2284.8,2160,2284.8,9.4875,0
INHD.US,D,20250317,000000,2174.4,2236.8,2112,2112,25.7479,0
INHD.US,D,20250318,000000,2208,2275.2,2136,2140.8,9.2979,0
INHD.US,D,20250319,000000,2150.68,2294.4,2140.8,2140.8,14.7958,0
INHD.US,D,20250320,000000,2236.8,2236.8,2184,2188.8,19.59165,0
INHD.US,D,20250321,000000,2160,2160,2073.6,2073.6,46.98125,0
INHD.US,D,20250324,000000,2088,2140.8,2078.4,2078.4,9.36455,0
INHD.US,D,20250325,000000,2096.98,2198.4,2092.8,2116.8,34.39165,0
INHD.US,D,20250326,000000,2116.8,2160,2112,2112,3.5166649999999997,0
INHD.US,D,20250327,000000,2160,2160,2160,2160,0.925,0
INHD.US,D,20250328,000000,2239.2,2308.94,2193.6,2273.66,2.9729150000000004,0
INHD.US,D,20250331,000000,2203.2,2284.8,2203.2,2280,5.11875,0
INHD.US,D,20250401,000000,2064,2323.2,2064,2323.2,11.904150000000001,0
INHD.US,D,20250402,000000,2217.6,2395.2,2208,2332.8,55.54750000000001,0
INHD.US,D,20250403,000000,2208,2534.4,2208,2486.4,160.08100000000002,0
INHD.US,D,20250404,000000,2400,2640,2347.2,2592,157.579,0
INHD.US,D,20250407,000000,2587.2,2659.2,2529.6,2616,53.56,0
INHD.US,D,20250408,000000,2616,2784,2616,2736,30.01875,0
INHD.US,D,20250409,000000,2668.8,2668.8,2522.5,2587.2,41.3729,0
INHD.US,D,20250410,000000,2529.6,2548.8,2489.62,2539.2,24.370800000000003,0
INHD.US,D,20250411,000000,2582.4,2592,2544,2544,15.739550000000001,0
INHD.US,D,20250414,000000,2505.6,2640,2505.6,2589.22,11.552050000000001,0
INHD.US,D,20250415,000000,2640,2692.8,2640,2692.8,4.579165,0
INHD.US,D,20250416,000000,2735.72,2808,2731.2,2808,13.8375,0
INHD.US,D,20250417,000000,2807.96,3028.8,2807.96,2988.28,17.93955,0
INHD.US,D,20250421,000000,3345.6,4118.4,3273.6,4108.8,279.3725,0
INHD.US,D,20250422,000000,3921.6,4908.14,3398.4,3460.8,638.62,0
INHD.US,D,20250423,000000,3504,3508.8,3244.8,3489.6,104.7225,0
INHD.US,D,20250424,000000,3372,3748.8,3372,3720,8.81875,0
INHD.US,D,20250425,000000,3825.6,4204.8,3469.06,4190.4,324.129,0
INHD.US,D,20250428,000000,4224,4464,3393.6,3552,459.12700000000007,0
INHD.US,D,20250429,000000,3480,3633.6,3148.8,3244.8,154.3705,0
INHD.US,D,20250430,000000,3336,3600,3052.8,3110.4,67.7895,0
INHD.US,D,20250501,000000,2956.8,3252,2659.2,3187.2,37.0854,0
INHD.US,D,20250502,000000,3216,3480,3182.4,3441.6,14.918750000000001,0
INHD.US,D,20250505,000000,3364.8,3441.6,3226.9,3271.2,16.3104,0
INHD.US,D,20250506,000000,3258.48,3312,3120,3120,71.91250000000001,0
INHD.US,D,20250507,000000,3168,3236.44,2880,2880,114.2415,0
INHD.US,D,20250508,000000,3067.2,3067.2,2718.24,2718.24,104.7435,0
INHD.US,D,20250509,000000,2736,2820,2448,2592,154.22500000000002,0
INHD.US,D,20250512,000000,3019.2,9494.4,1060.8,1132.8,59415,0
INHD.US,D,20250513,000000,1588.8,1684.8,1413.6,1603.2,28070,0
INHD.US,D,20250514,000000,1444.8,1680,621.552,912,12052.25,0
INHD.US,D,20250515,000000,912,912,729.6,840,2121.4150000000004,0
INHD.US,D,20250516,000000,907.2,907.2,801.6,806.4,1079.525,0
INHD.US,D,20250519,000000,777.6,811.152,691.2,696,891,0
INHD.US,D,20250520,000000,696,730.416,662.4,696,569.875,0
INHD.US,D,20250521,000000,676.8,751.2,648,676.8,932.975,0
INHD.US,D,20250522,000000,667.2,691.2,556.8,600.096,905.85,0
INHD.US,D,20250523,000000,614.4,672,595.2,633.6,485.70000000000005,0
INHD.US,D,20250527,000000,643.2,657.6,609.6,619.2,369.35200000000003,0
INHD.US,D,20250528,000000,628.8,628.8,532.8,561.6,692.29,0
INHD.US,D,20250529,000000,566.4,576,532.8,532.8,369.6705,0
INHD.US,D,20250530,000000,571.2,619.2,542.4,600,4466.635,0
INHD.US,D,20250602,000000,633.6,736.8,619.2,720,3263.8250000000003,0
INHD.US,D,20250603,000000,667.2,691.2,633.6,648,840.015,0
INHD.US,D,20250604,000000,648,681.6,648,662.4,478.19750000000005,0
INHD.US,D,20250605,000000,643.2,643.2,585.552,624,653.825,0
INHD.US,D,20250606,000000,624,652.8,596.064,633.6,325.9375,0
INHD.US,D,20250609,000000,628.8,672,628.8,633.6,323.529,0
INHD.US,D,20250610,000000,638.4,652.8,602.4,624,195.154,0
INHD.US,D,20250611,000000,624,633.6,595.2,600,231.36450000000002,0
INHD.US,D,20250612,000000,624,662.4,547.2,576,1029.2250000000001,0
INHD.US,D,20250613,000000,576,614.4,552.096,561.6,419.65000000000003,0
INHD.US,D,20250616,000000,561.6,576,547.2,571.2,258.60200000000003,0
INHD.US,D,20250617,000000,571.2,691.2,556.8,676.8,1586.545,0
INHD.US,D,20250618,000000,624,801.6,624,792,2706.715,0
INHD.US,D,20250620,000000,782.4,787.2,686.4,696,877.605,0
INHD.US,D,20250623,000000,691.2,717.6,657.6,667.2,176.76,0
INHD.US,D,20250624,000000,648,686.4,643.2,676.8,173.58100000000002,0
INHD.US,D,20250625,000000,672,691.2,643.44,684,129.583,0
INHD.US,D,20250626,000000,700.8,710.4,657.216,691.2,138.8665,0
INHD.US,D,20250627,000000,672,691.2,657.6,672,77.81,0
INHD.US,D,20250630,000000,686.4,686.4,624,667.2,101.12700000000001,0
INHD.US,D,20250701,000000,667.2,715.2,659.568,686.4,166.76850000000002,0
INHD.US,D,20250702,000000,696,727.2,676.8,700.8,72.8895,0
INHD.US,D,20250703,000000,700.8,720,566.4,566.4,22263.5,0
INHD.US,D,20250707,000000,686.4,705.6,619.2,648,7816,0
INHD.US,D,20250708,000000,657.6,725.136,610.08,681.6,1240.365,0
INHD.US,D,20250709,000000,657.6,720,657.6,696,429,0
INHD.US,D,20250710,000000,705.6,715.2,676.8,686.4,252.1685,0
INHD.US,D,20250711,000000,700.8,768.048,676.8,724.8,633.445,0
INHD.US,D,20250714,000000,720,748.8,710.4,720,406.7935,0
INHD.US,D,20250715,000000,729.6,729.6,681.6,691.2,251,0
INHD.US,D,20250716,000000,715.2,715.2,672,700.8,138.7205,0
INHD.US,D,20250717,000000,705.6,715.2,672,705.6,178.5685,0
INHD.US,D,20250718,000000,724.8,724.8,690.048,700.8,142.6125,0
INHD.US,D,20250721,000000,696,720,696,700.8,104.72500000000001,0
INHD.US,D,20250722,000000,720,720,681.6,691.2,101.27250000000001,0
INHD.US,D,20250723,000000,705.6,720,681.6,691.2,103.0225,0
INHD.US,D,20250724,000000,676.8,705.36,624,681.6,234.281,0
INHD.US,D,20250725,000000,676.8,698.256,667.2,676.8,45.14580000000001,0
INHD.US,D,20250728,000000,681.6,681.6,647.76,652.8,190.958,0
INHD.US,D,20250729,000000,676.8,681.264,628.8,628.8,190.856,0
INHD.US,D,20250730,000000,628.8,651.216,552,619.2,173.235,0
INHD.US,D,20250731,000000,608.352,609.6,576,590.4,270.3645,0
INHD.US,D,20250801,000000,576,595.2,561.6,576,135.252,0
INHD.US,D,20250804,000000,585.6,590.4,566.4,576,73.608,0
INHD.US,D,20250805,000000,571.2,595.2,566.4,580.944,55.8685,0
INHD.US,D,20250806,000000,580.8,609.6,580.8,600,61.966499999999996,0
INHD.US,D,20250807,000000,580.8,604.8,561.6,581.28,105.325,0
INHD.US,D,20250808,000000,566.4,590.4,566.4,580.8,41.02705,0
INHD.US,D,20250811,000000,566.4,600,566.4,580.8,65.875,0
INHD.US,D,20250812,000000,614.4,614.4,574.8,590.4,26.4875,0
INHD.US,D,20250813,000000,610.176,610.176,566.4,585.6,64.229,0
INHD.US,D,20250814,000000,576,614.4,576,612,171.5205,0
INHD.US,D,20250815,000000,600,628.8,585.84,609.6,46.7854,0
INHD.US,D,20250818,000000,624,624,585.6,604.8,68.7665,0
INHD.US,D,20250819,000000,595.2,604.8,590.4,590.4,36.206250000000004,0
INHD.US,D,20250820,000000,600,600,585.6,590.4,24.65415,0
INHD.US,D,20250821,000000,619.2,619.2,590.64,604.752,48.883300000000006,0
INHD.US,D,20250822,000000,614.4,667.2,600.384,628.8,106.3685,0
INHD.US,D,20250825,000000,638.4,2995.2,604.8,2280,403806.80000000005,0
INHD.US,D,20250826,000000,1569.6,1934.4,1392,1900.8,16414.15,0
INHD.US,D,20250827,000000,2049.6,3422.4,1992,2582.4,144251.80000000002,0
INHD.US,D,20250828,000000,2452.8,2755.2,2160,2404.8,7678.3,0
INHD.US,D,20250829,000000,2452.8,2640,2088,2491.2,4644.01,0
INHD.US,D,20250902,000000,2404.8,2923.2,2352,2448,3725.775,0
INHD.US,D,20250903,000000,2347.2,2544,2270.4,2284.8,1199.465,0
INHD.US,D,20250904,000000,2304,5251.2,2261.76,3936,86790.95000000001,0
INHD.US,D,20250905,000000,4305.6,5611.2,4060.84,4632,23757.7,0
INHD.US,D,20250908,000000,4344,7651.2,2400,3724.8,23560.75,0
INHD.US,D,20250909,000000,3393.6,3720,3264,3451.2,1591.2200000000003,0
INHD.US,D,20250910,000000,2937.6,3360,2088,2424,3653.425,0
INHD.US,D,20250911,000000,2462.64,2462.64,2016,2356.8,2567.445,0
INHD.US,D,20250912,000000,2400,2426.4,2121.64,2160,1329.2,0
INHD.US,D,20250915,000000,2092.8,2207.18,1872,1958.4,917.815,0
INHD.US,D,20250916,000000,1929.6,2015.18,1728,1800,1342.92,0
INHD.US,D,20250917,000000,1756.8,1977.6,1737.6,1843.2,735.4000000000001,0
INHD.US,D,20250918,000000,1814.4,2011.2,1759.2,2001.6,749.23,0
INHD.US,D,20250919,000000,1929.6,1996.8,1808.74,1929.6,655.54,0
INHD.US,D,20250922,000000,2001.6,2001.6,1785.6,1804.8,399.76,0
INHD.US,D,20250923,000000,1790.4,1790.4,1046.4,1084.8,3542.47,0
INHD.US,D,20250924,000000,1084.8,1089.6,720,768,6441.650000000001,0
INHD.US,D,20250925,000000,792,840,648,792,3830.1400000000003,0
INHD.US,D,20250926,000000,806.4,825.6,614.4,696,7589.900000000001,0
INHD.US,D,20250929,000000,729.6,777.6,628.8,657.6,7204.950000000001,0
INHD.US,D,20250930,000000,648,681.6,624,667.2,2261.21,0
INHD.US,D,20251001,000000,662.4,668.16,638.4,648,1610.8500000000001,0
INHD.US,D,20251002,000000,648,667.2,619.2,628.8,2259.145,0
INHD.US,D,20251003,000000,619.2,638.4,609.6,633.6,1347.5100000000002,0
INHD.US,D,20251006,000000,643.2,662.4,619.2,643.2,1281.265,0
INHD.US,D,20251007,000000,638.4,667.2,624,628.8,895.2350000000001,0
INHD.US,D,20251008,000000,624,638.4,614.4,628.8,808.74,0
INHD.US,D,20251009,000000,619.2,638.4,614.4,619.2,580.6750000000001,0
INHD.US,D,20251010,000000,624,624,504,528,4033.5699999999997,0
INHD.US,D,20251013,000000,547.2,561.6,484.8,528,29046.45,0
INHD.US,D,20251014,000000,513.6,633.6,513.6,604.8,4739.995,0
INHD.US,D,20251015,000000,624,624,561.6,585.6,1334.1000000000001,0
INHD.US,D,20251016,000000,590.4,623.76,542.4,556.8,1995.11,0
INHD.US,D,20251017,000000,537.6,571.2,537.6,547.2,918.9200000000001,0
INHD.US,D,20251020,000000,552,590.4,552,576,793.62,0
INHD.US,D,20251021,000000,585.6,590.352,542.4,552,965.2850000000001,0
INHD.US,D,20251022,000000,552,552,456,499.2,2801.025,0
INHD.US,D,20251023,000000,508.8,518.4,484.8,499.2,904.4250000000001,0
INHD.US,D,20251024,000000,499.2,528,494.4,508.8,630.495,0
INHD.US,D,20251027,000000,518.4,542.4,513.6,528,546.61,0
INHD.US,D,20251028,000000,528,532.8,508.8,518.4,564.515,0
INHD.US,D,20251029,000000,523.2,559.2,499.2,528,1627.94,0
INHD.US,D,20251030,000000,523.2,542.4,504,504,839.3600000000001,0
INHD.US,D,20251031,000000,499.2,528,494.4,523.2,603.415,0
INHD.US,D,20251103,000000,528,547.2,513.6,513.6,760.6700000000001,0
INHD.US,D,20251104,000000,504,518.4,480,494.4,524.4,0
INHD.US,D,20251105,000000,489.6,528,489.6,508.8,173.3185,0
INHD.US,D,20251106,000000,518.4,523.2,484.8,504,568.65,0
INHD.US,D,20251107,000000,504,504,448.8,494.4,642.375,0
INHD.US,D,20251110,000000,504,513.6,484.8,513.6,246.529,0
INHD.US,D,20251111,000000,504,518.4,489.6,494.4,370.135,0
INHD.US,D,20251112,000000,494.4,501.6,475.2,494.4,452.1415,0
INHD.US,D,20251113,000000,475.2,491.712,436.848,447.792,850.25,0
INHD.US,D,20251114,000000,372.192,392.256,350.448,370.704,1396.875,0
INHD.US,D,20251117,000000,379.2,379.2,326.4,339.408,508.23500000000007,0
INHD.US,D,20251118,000000,331.536,362.976,326.592,362.304,478.88750000000005,0
INHD.US,D,20251119,000000,360,383.904,343.152,355.056,268.708,0
INHD.US,D,20251120,000000,355.056,367.2,328.8,342.72,622.09,0
INHD.US,D,20251121,000000,338.4,351.936,330.768,348,278.0455,0
INHD.US,D,20251124,000000,450.504,1656,217.584,230.928,707010.1000000001,0
INHD.US,D,20251125,000000,298.08,302.4,120,129.36,268907.2,0
INHD.US,D,20251126,000000,168.048,168.048,97.728,108.24,299515.25,0
INHD.US,D,20251128,000000,111.36,116.016,98.352,107.16,79549.20000000001,0
INHD.US,D,20251201,000000,103.2,103.2,78.216,83.52,91453.05,0
INHD.US,D,20251202,000000,76.464,77.28,66.48,70.656,67658.35,0
INHD.US,D,20251203,000000,73.248,73.248,60.48,65.952,96718.20000000001,0
INHD.US,D,20251204,000000,61.44,72.672,56.544,66.624,123583.15000000001,0
INHD.US,D,20251205,000000,84.72,87.888,68.064,73.92,287265.7,0
INHD.US,D,20251208,000000,72,72.096,66.384,68.64,47711,0
INHD.US,D,20251209,000000,69.408,76.8,67.392,75.84,44598.5,0
INHD.US,D,20251210,000000,77.28,78.672,70.32,73.392,29342.350000000002,0
INHD.US,D,20251211,000000,66.912,69.84,66.144,67.2,21165.350000000002,0
INHD.US,D,20251212,000000,67.2,69.792,65.928,67.728,20076.600000000002,0
INHD.US,D,20251215,000000,66.912,66.912,58.656,62.448,19438.15,0
INHD.US,D,20251216,000000,57.6,57.6,52.128,53.52,31772,0
INHD.US,D,20251217,000000,55.584,55.584,52.176,54.24,21651,0
INHD.US,D,20251218,000000,34.272,35.52,31.872,33.888,91725.45000000001,0
INHD.US,D,20251219,000000,32.016,33.6,30.048,33.36,34012.4,0
INHD.US,D,20251222,000000,36.4,40,30.4,31.6,72380.35,0
INHD.US,D,20251223,000000,30.2,31,28.2,29.2,38701.950000000004,0
INHD.US,D,20251224,000000,28.2,28.798,26.2,26.2,23573.800000000003,0
INHD.US,D,20251226,000000,26.2,36.6,26,27.4,229082.7,0
INHD.US,D,20251229,000000,26.4,27.198,23.5,24.2,43768.700000000004,0
INHD.US,D,20251230,000000,24,29.4,23.2,23.4,62957.55,0
INHD.US,D,20251231,000000,23.8,25.3,21.202,22.8,22307.4,0
INHD.US,D,20260102,000000,23,27.168,23,26,22765.45,0
INHD.US,D,20260105,000000,27,27.8,25.6,27,15812,0
INHD.US,D,20260106,000000,27,29.4,26.2,28.2,15407.7,0
INHD.US,D,20260107,000000,28.8,29,25.8,25.8,10953.75,0
INHD.US,D,20260108,000000,25.8,33.8,25.4,31.2,43660.100000000006,0
INHD.US,D,20260109,000000,31.6,31.73,27.4,27.6,16449,0
INHD.US,D,20260112,000000,28.6,28.774,27.6,27.6,7394.05,0
INHD.US,D,20260113,000000,28,28,25.8,26.4,11177.85,0
INHD.US,D,20260114,000000,27.4,29.018,26.6,27.4,10860.85,0
INHD.US,D,20260115,000000,27.4,31.2,27.4,29.8,13797.150000000001,0
INHD.US,D,20260116,000000,29.8,29.8,28,28.2,10321.900000000001,0
INHD.US,D,20260120,000000,28.6,31.6,27.816,29.4,17126.600000000002,0
INHD.US,D,20260121,000000,29.4,29.4,26,27.2,12716.25,0
INHD.US,D,20260122,000000,27.2,28.9,27.2,28.2,9087.300000000001,0
INHD.US,D,20260123,000000,28.4,28.8,27.6,28,6733.35,0
INHD.US,D,20260126,000000,28.4,28.4,25.7,25.8,14872.650000000001,0
INHD.US,D,20260127,000000,25.8,27.9,25.8,27.6,10557.6,0
INHD.US,D,20260128,000000,27.6,28,27,27,5557.05,0
INHD.US,D,20260129,000000,27.2,27.2,24.6,25.2,11878.150000000001,0
INHD.US,D,20260130,000000,24.6,25,23.8,24.4,7492.35,0
INHD.US,D,20260202,000000,23.8,24.4,22,22.4,13259.95,0
INHD.US,D,20260203,000000,22.8,27,22.2,23.2,216568,0
INHD.US,D,20260204,000000,26.6,27.8,21.4,23.4,196556.5,0
INHD.US,D,20260205,000000,22.4,23.4,21,22.4,22459.9,0
INHD.US,D,20260206,000000,21.6,24.3,21.2,24.2,13640.150000000001,0
INHD.US,D,20260209,000000,23.6,24.8,22.6,24,11012.650000000001,0
INHD.US,D,20260210,000000,23.8,24.256,22.8,23,6035.75,0
INHD.US,D,20260211,000000,22.8,23.2,21.2,23.2,10343.550000000001,0
INHD.US,D,20260212,000000,22.6,22.794,21.402,21.8,7186.35,0
INHD.US,D,20260213,000000,21.6,23.4,21.506,22.8,8034.200000000001,0
INHD.US,D,20260217,000000,22.4,22.822,21.6,21.8,4179.45,0
INHD.US,D,20260218,000000,21.6,21.8,21,21.6,7836.450000000001,0
INHD.US,D,20260219,000000,21.524,22,20.9,22,4194.150000000001,0
INHD.US,D,20260220,000000,21.4,21.782,19.41,20,10245.5,0
INHD.US,D,20260223,000000,20.2,22.6,19.992,21.8,9400.5,0
INHD.US,D,20260224,000000,21.8,22.2,21.4,22,3855,0
INHD.US,D,20260225,000000,22.2,25.6,21.8,22.2,26225,0
INHD.US,D,20260226,000000,22,23,22,22.2,5659.75,0
INHD.US,D,20260227,000000,22.4,22.664,21.4,21.4,4699.05,0
INHD.US,D,20260302,000000,20.6,22.2,20.6,21,4819.85,0
INHD.US,D,20260303,000000,20.6,21.2,20.2,20.8,4910.75,0
INHD.US,D,20260304,000000,20.602,21.224,20.2,20.7,12732.2,0
INHD.US,D,20260305,000000,20.4,21.6,20.2,20.4,8845.550000000001,0
INHD.US,D,20260306,000000,20.6,21.2,20.2,20.6,5047.25,0
INHD.US,D,20260309,000000,20.4,22,20,21.6,7705.700000000001,0
INHD.US,D,20260310,000000,22.4,22.6,21.4,22.2,7243.400000000001,0
INHD.US,D,20260311,000000,22,23.8,22,23.8,4915.450000000001,0
INHD.US,D,20260312,000000,23.6,23.9,22.2,22.6,5154.1,0
INHD.US,D,20260313,000000,22.8,23.2,22.442,22.8,3153.6000000000004,0
INHD.US,D,20260316,000000,22.6,23.1,22.4,22.6,1892.5500000000002,0
INHD.US,D,20260317,000000,22.44,23.3,22.4,22.8,4027.2000000000003,0
INHD.US,D,20260318,000000,22.6,23.3,22.078,23,4822.8,0
INHD.US,D,20260319,000000,22.6,22.6,21.1,21.4,4346.6,0
INHD.US,D,20260320,000000,21.2,21.8,20.2,20.2,9661.550000000001,0
INHD.US,D,20260323,000000,20.8,21.4,20.2,21,5841.35,0
INHD.US,D,20260324,000000,21.3,21.4,20.8,21,5737.75,0
INHD.US,D,20260325,000000,21.004,21.004,20.6,20.6,1712.6000000000001,0
INHD.US,D,20260326,000000,20.6,21,20.1,20.4,4450.7,0
INHD.US,D,20260327,000000,20,20.4,19.93,20.2,3916.9500000000003,0
INHD.US,D,20260330,000000,20.6,20.6,17.274,17.454,8756.65,0
INHD.US,D,20260331,000000,17.996,18.23,17.38,18.222,5361.05,0
INHD.US,D,20260401,000000,18.2,19.398,18,19.298,1940,0
INHD.US,D,20260402,000000,19.398,21.2,19.124,20.8,9558.5,0
INHD.US,D,20260406,000000,20.4,20.6,9.6,10.08,219276.45,0
INHD.US,D,20260407,000000,10.154,10.154,7.408,7.738,118564.70000000001,0
INHD.US,D,20260408,000000,7.784,27,5.442,5.6,11025982.100000001,0
INHD.US,D,20260409,000000,6.005,6.1,3.468,3.816,2640714.1500000004,0
INHD.US,D,20260410,000000,3.836,4.098,3.662,3.92,887635.2000000001,0
INHD.US,D,20260413,000000,3.816,4.386,3.772,3.94,598605.65,0
INHD.US,D,20260414,000000,3.8,3.8938,3.636,3.84,369785.35000000003,0
INHD.US,D,20260415,000000,3.74,3.798,3.448,3.798,311218.4,0
INHD.US,D,20260416,000000,3.76,3.76,3.5,3.69,237664.30000000002,0
INHD.US,D,20260417,000000,3.69,4.02,3.5838,3.66,332468.9,0
INHD.US,D,20260420,000000,3.696,3.918,3.572,3.878,302544.25,0
INHD.US,D,20260421,000000,3.9,3.9,3.498,3.656,176247.45,0
INHD.US,D,20260422,000000,3.69,3.69,3.22,3.346,269493.75,0
INHD.US,D,20260423,000000,3.36,3.36,2.892,3.126,287965.95,0
INHD.US,D,20260424,000000,3.033,3.108,2.88,2.906,834349,0
INHD.US,D,20260427,000000,2.838,2.93,2.6,2.622,340489.30000000005,0
INHD.US,D,20260428,000000,2.61,2.61,1.54,1.6,3448197.2,0
INHD.US,D,20260429,000000,2.764,3.0118,2.138,2.4,30523226.700000003,0
INHD.US,D,20260430,000000,1.62,1.772,1.57,1.728,2341374.6,0
INHD.US,D,20260501,000000,1.482,1.588,1.48,1.54,867278.2000000001,0
INHD.US,D,20260504,000000,1.62,1.9299,1.57,1.76,3429586,0
INHD.US,D,20260505,000000,1.98,2.1,1.81,2.01,4594149,0
INHD.US,D,20260506,000000,1.76,1.79,1.57,1.74,1427326,0
INHD.US,D,20260507,000000,1.69,1.71,1.62,1.68,480251,0
INHD.US,D,20260508,000000,1.63,1.77,1.5,1.64,419199,0
INHD.US,D,20260511,000000,1.59,1.59,1.475,1.48,342703,0
INHD.US,D,20260512,000000,1.42,1.44,1.28,1.37,261738,0
INHD.US,D,20260513,000000,1.36,1.385,1.28,1.38,126367,0
INHD.US,D,20260514,000000,1.35,1.52,1.33,1.46,179382,0
INHD.US,D,20260515,000000,1.37,1.45,1.34,1.4,104895,0
INHD.US,D,20260518,000000,1.37,1.41,1.33,1.4,104721,0
INHD.US,D,20260519,000000,1.37,1.385,1.23,1.24,166348,0
INHD.US,D,20260520,000000,1.23,1.39,1.22,1.35,197354,0
INHD.US,D,20260521,000000,1.33,1.3395,1.27,1.3,60107,0
INHD.US,D,20260522,000000,1.31,1.34,1.3,1.32,38529,0
INHD.US,D,20260526,000000,1.3,1.3383,1.2874,1.33,49146,0
INHD.US,D,20260527,000000,1.3,1.305,1.14,1.14,104223,0
INHD.US,D,20260528,000000,1.12,1.24,1.01,1.24,152857,0
INHD.US,D,20260529,000000,1.22,1.29,1.15,1.27,102588,0
INHD.US,D,20260601,000000,1.23,1.32,1.2,1.32,76750,0
INHD.US,D,20260602,000000,1.24,1.34,1.24,1.27,58623,0
INHD.US,D,20260603,000000,1.26,1.29,1.19,1.19,73651,0
INHD.US,D,20260604,000000,1.18,1.33,1.17,1.28,117183,0
INHD.US,D,20260605,000000,1.24,1.24,1.04,1.05,144324,0
INHD.US,D,20260608,000000,1.11,43.37,1.11,39.49,278900075,0
