<TICKER>,<PER>,<DATE>,<TIME>,<OPEN>,<HIGH>,<LOW>,<CLOSE>,<VOL>,<OPENINT>
INLF.US,D,20250102,000000,59.2,80.8,56.16,71.2,63062.5,0
INLF.US,D,20250103,000000,69.92,98.4,68.8,81.6,61011.625,0
INLF.US,D,20250106,000000,84.8,90.88,77.6,79.04,23364.5,0
INLF.US,D,20250107,000000,78.56,84.8,70.48,78.28,12993.5,0
INLF.US,D,20250108,000000,77.6,80.8,70.4,73.92,12193.25,0
INLF.US,D,20250110,000000,76.64,79.984,72.8,74.72,11503.5,0
INLF.US,D,20250113,000000,79.84,82.32,73.28,79.2,9271.75,0
INLF.US,D,20250114,000000,79.84,80.8,76.4,77.12,9697.1875,0
INLF.US,D,20250115,000000,78.24,82.24,77.92,82.24,6037.0625,0
INLF.US,D,20250116,000000,84.32,88,79.52,88,757.75,0
INLF.US,D,20250117,000000,87.84,87.84,83.36,85.92,297,0
INLF.US,D,20250121,000000,87.52,87.52,77.12,84.16,723.125,0
INLF.US,D,20250122,000000,84,86.0816,81.2992,81.6,1540.625,0
INLF.US,D,20250123,000000,79.92,83.128,76.16,82.88,13128.9375,0
INLF.US,D,20250124,000000,82.88,82.88,78.4,78.4,526.5625,0
INLF.US,D,20250127,000000,76.08,82.0288,73.92,76,2093.25,0
INLF.US,D,20250128,000000,78.24,80.48,76,76.8,1283.25,0
INLF.US,D,20250129,000000,77.6,84.64,75.68,78.08,2839.875,0
INLF.US,D,20250130,000000,79.04,79.2,68.8,68.96,3614.375,0
INLF.US,D,20250131,000000,70.56,72.7904,68,68.8,1821.9375,0
INLF.US,D,20250203,000000,69.04,70.72,60.8016,65.12,30439.875,0
INLF.US,D,20250204,000000,63.84,71.36,61.36,69.92,20377.6875,0
INLF.US,D,20250205,000000,71.68,78.24,68.16,75.2,15711.875,0
INLF.US,D,20250206,000000,71.84,78.4,71.84,73.6,27584.0625,0
INLF.US,D,20250207,000000,73.92,78.56,71.04,78.4,75003.1875,0
INLF.US,D,20250210,000000,78.4,79.04,70.72,77.76,12349,0
INLF.US,D,20250211,000000,78.08,78.72,71.2016,74.08,29496.3125,0
INLF.US,D,20250212,000000,76.4,102.4,75.2016,95.84,48376.6875,0
INLF.US,D,20250213,000000,92.8,160,92.8,144.16,78495.625,0
INLF.US,D,20250214,000000,140,336,86.4,261.28,480060.625,0
INLF.US,D,20250218,000000,200,230.518,36.64,54.24,811776.75,0
INLF.US,D,20250219,000000,50.08,56.4592,47.04,50.4,129584,0
INLF.US,D,20250220,000000,49.92,52.64,43.2,44.16,60863.4375,0
INLF.US,D,20250221,000000,45.28,45.92,38.56,38.88,36356.25,0
INLF.US,D,20250224,000000,40.32,41.48,34.24,35.36,19773.1875,0
INLF.US,D,20250225,000000,35.04,36.48,32,32,17212.9375,0
INLF.US,D,20250226,000000,32.96,34.24,31.36,31.36,16520.125,0
INLF.US,D,20250227,000000,30.88,32.936,28.16,28.48,14693.8125,0
INLF.US,D,20250228,000000,27.36,29.7584,27.04,27.04,11529.9375,0
INLF.US,D,20250303,000000,27.52,31.68,26.88,27.84,18189.3125,0
INLF.US,D,20250304,000000,27.2,30.08,26.976,28.32,9789.625,0
INLF.US,D,20250305,000000,29.28,30.08,26.88,28.32,5941.8125,0
INLF.US,D,20250306,000000,27.84,30.24,27.2,29.12,5710.0625,0
INLF.US,D,20250307,000000,30.4,30.56,28.9616,29.6,5409.125,0
INLF.US,D,20250310,000000,28,28.712,22.72,22.88,16478.375,0
INLF.US,D,20250311,000000,22.72,28.6208,22.72,25.76,9484.875,0
INLF.US,D,20250312,000000,27.04,30.2128,26.5312,27.04,8478.8125,0
INLF.US,D,20250313,000000,26.88,28.0112,25.92,25.92,2704.6875,0
INLF.US,D,20250314,000000,25.92,28,25.92,27.04,2202.5625,0
INLF.US,D,20250317,000000,27.68,29.12,27.2,27.84,5096.4375,0
INLF.US,D,20250318,000000,27.2,29.12,27.2,28.32,5039.5625,0
INLF.US,D,20250319,000000,28.32,32.64,28,31.84,14445.5625,0
INLF.US,D,20250320,000000,32.48,41.28,32.48,36.64,36976.875,0
INLF.US,D,20250321,000000,36,36.24,26.4,32,14505.625,0
INLF.US,D,20250324,000000,30.56,32.8,30.4816,31.2,6287.75,0
INLF.US,D,20250325,000000,30.24,31.2,27.2,27.36,11449.125,0
INLF.US,D,20250326,000000,27.84,28.5184,26.4,26.72,3757.5,0
INLF.US,D,20250327,000000,26.08,27.2,25.6,25.6,3988.5,0
INLF.US,D,20250328,000000,26.08,26.32,23.2,24,5018.125,0
INLF.US,D,20250331,000000,22.88,23.68,22.56,23.36,2098.5625,0
INLF.US,D,20250401,000000,23.52,28.48,23.36,26.88,4848.4375,0
INLF.US,D,20250402,000000,25.92,27.04,25.4512,25.76,2981.5625,0
INLF.US,D,20250403,000000,24.96,25.76,22.912,25.6,1685.5625,0
INLF.US,D,20250404,000000,24.16,25.44,23.2,23.68,2571.25,0
INLF.US,D,20250407,000000,22.4,22.88,20.32,22.24,5265.3125,0
INLF.US,D,20250408,000000,22.4,23.2,20.8,21.28,3355.125,0
INLF.US,D,20250409,000000,20.96,24.64,20.96,23.52,7200.75,0
INLF.US,D,20250410,000000,23.52,23.5856,21.1536,21.76,1742,0
INLF.US,D,20250411,000000,21.44,24.32,21.44,23.04,1340.5,0
INLF.US,D,20250414,000000,23.04,23.2,21.632,22.4,2134,0
INLF.US,D,20250415,000000,21.92,22.4,21.6,22.24,2519.4375,0
INLF.US,D,20250416,000000,22.4,22.4,18.88,19.84,3999.9375,0
INLF.US,D,20250417,000000,19.36,20.48,19.2816,20.16,1376.3125,0
INLF.US,D,20250421,000000,20.32,20.32,18.4,19.36,2751.125,0
INLF.US,D,20250422,000000,19.36,20.16,19.36,19.84,1100.8125,0
INLF.US,D,20250423,000000,20.8,21.4384,19.84,20,1768.6875,0
INLF.US,D,20250424,000000,20.1632,21.28,20.16,20.48,1276.4375,0
INLF.US,D,20250425,000000,20.0224,21.44,19.856,20.32,1824.625,0
INLF.US,D,20250428,000000,20.96,21.0704,19.68,20,1292.5625,0
INLF.US,D,20250429,000000,19.68,20.16,19.52,19.84,1428.0625,0
INLF.US,D,20250430,000000,19.9808,20.32,19.36,20,772.125,0
INLF.US,D,20250501,000000,19.68,20.1008,19.52,19.68,724.4375,0
INLF.US,D,20250502,000000,19.68,20,19.2,19.36,1619,0
INLF.US,D,20250505,000000,19.2,19.2,18.24,18.56,3229.3125,0
INLF.US,D,20250506,000000,18.56,18.5616,18.08,18.24,1569.3125,0
INLF.US,D,20250507,000000,19.2,19.44,17.76,18.08,2612.8125,0
INLF.US,D,20250508,000000,17.76,18.56,17.44,18.4,3509.75,0
INLF.US,D,20250509,000000,18.3664,19.36,18.24,18.56,1449.5,0
INLF.US,D,20250512,000000,19.52,22.4,18.88,20.8,6717.125,0
INLF.US,D,20250513,000000,21.6,23.032,20.8,21.92,7663.5,0
INLF.US,D,20250514,000000,22.08,22.56,19.52,20.24,8298.5,0
INLF.US,D,20250515,000000,20.32,21.12,19.2,20.7424,3459.8125,0
INLF.US,D,20250516,000000,20.6416,20.8,20,20.32,2050.25,0
INLF.US,D,20250519,000000,20,20.16,18.416,20.16,2605.125,0
INLF.US,D,20250520,000000,20.16,21.2064,19.84,20.72,1295.75,0
INLF.US,D,20250521,000000,20.8,20.88,20,20.16,2689.6875,0
INLF.US,D,20250522,000000,21.12,21.248,20,20.3152,1642.8125,0
INLF.US,D,20250523,000000,20.0016,20.0016,18.88,19.04,1700.75,0
INLF.US,D,20250527,000000,19.36,19.36,18.88,19.2,1427.25,0
INLF.US,D,20250528,000000,19.52,20.632,18.592,20.48,3790.5625,0
INLF.US,D,20250529,000000,20,20.312,19.04,19.04,3166.1875,0
INLF.US,D,20250530,000000,18.88,19.0384,18.4,18.72,2056.8125,0
INLF.US,D,20250602,000000,18.56,19.84,18.4,18.72,3812.875,0
INLF.US,D,20250603,000000,19.84,19.84,18.72,18.88,2049.75,0
INLF.US,D,20250604,000000,18.912,19.1312,18.56,18.72,2499.75,0
INLF.US,D,20250605,000000,18.88,19.2,18.4,18.4,1316.75,0
INLF.US,D,20250606,000000,18.4016,18.56,18.08,18.08,1922.125,0
INLF.US,D,20250609,000000,18.08,18.7184,17.6,17.6,3493.625,0
INLF.US,D,20250610,000000,18.24,18.56,15.68,16.32,12050.1875,0
INLF.US,D,20250611,000000,16.3232,16.64,14.9984,15.2016,12038.75,0
INLF.US,D,20250612,000000,15.2016,15.4816,13.9184,14.56,11651.125,0
INLF.US,D,20250613,000000,14.1232,14.1232,12.7984,12.9872,10642.875,0
INLF.US,D,20250616,000000,12.6416,19.84,12.336,15.36,82960.6875,0
INLF.US,D,20250617,000000,15.52,16.8,13.68,14.08,9435.875,0
INLF.US,D,20250618,000000,13.4448,14.72,13.4448,14.4464,9350.0625,0
INLF.US,D,20250620,000000,14.32,28,14.32,20.48,3714929.125,0
INLF.US,D,20250623,000000,18.72,21.12,17.76,18.56,137381.4375,0
INLF.US,D,20250624,000000,18.24,19.04,14.5072,14.96,64366.6875,0
INLF.US,D,20250625,000000,14.8,22.4,14.576,17.92,360413.625,0
INLF.US,D,20250626,000000,17.76,18.4,16.96,17.92,37323.6875,0
INLF.US,D,20250627,000000,17.76,20.24,17.12,18.08,36250.0625,0
INLF.US,D,20250630,000000,19.2,19.2,18.08,18.56,17056.625,0
INLF.US,D,20250701,000000,18.88,19.04,17.6,18.24,17995.3125,0
INLF.US,D,20250702,000000,19.04,19.04,17.76,18.08,6957.5625,0
INLF.US,D,20250703,000000,18.08,18.24,17.44,17.92,6517.375,0
INLF.US,D,20250707,000000,17.44,17.68,16.48,16.8,9988.6875,0
INLF.US,D,20250708,000000,17.6,17.68,16.96,17.12,4775.625,0
INLF.US,D,20250709,000000,17.44,18.128,16.8,17.28,5315.5,0
INLF.US,D,20250710,000000,16.48,17.28,16.48,16.8,5418.3125,0
INLF.US,D,20250711,000000,16.8,17.5984,16.8,16.96,5244.375,0
INLF.US,D,20250714,000000,16.64,18.24,16,16.96,32634.75,0
INLF.US,D,20250715,000000,16.48,17.1184,16,16.32,9111.8125,0
INLF.US,D,20250716,000000,16.32,16.8,16.16,16.64,6426.4375,0
INLF.US,D,20250717,000000,16.64,17.28,16.4,17.12,22198.3125,0
INLF.US,D,20250718,000000,17.12,17.12,16,16.16,4259,0
INLF.US,D,20250721,000000,16.48,16.64,16.16,16.32,4630.6875,0
INLF.US,D,20250722,000000,16.48,16.64,16,16.32,4950.375,0
INLF.US,D,20250723,000000,16.16,16.48,16.16,16.32,3689,0
INLF.US,D,20250724,000000,16.64,16.656,16.16,16.64,5324.5625,0
INLF.US,D,20250725,000000,16.32,18.08,16.32,17.76,12219.4375,0
INLF.US,D,20250728,000000,17.76,17.76,16.48,16.48,3821.6875,0
INLF.US,D,20250729,000000,16.8,19.2,16.8,18.08,23844.375,0
INLF.US,D,20250730,000000,17.6,18.08,16.8,17.12,11874.5,0
INLF.US,D,20250731,000000,17.6,17.76,16.96,17.44,3469.125,0
INLF.US,D,20250801,000000,17.76,18.08,16.8048,17.44,6343.25,0
INLF.US,D,20250804,000000,17.76,18.56,17.6,18.56,10883.6875,0
INLF.US,D,20250805,000000,19.04,22.9952,18.88,20,71539.25,0
INLF.US,D,20250806,000000,20.32,21.1344,19.3728,20,17143.3125,0
INLF.US,D,20250807,000000,20.16,20.8,18.88,19.04,11913.75,0
INLF.US,D,20250808,000000,18.4,18.72,17.28,17.92,6254.125,0
INLF.US,D,20250811,000000,17.92,18.56,17.12,17.92,6457.75,0
INLF.US,D,20250812,000000,17.92,20,17.92,19.2,13443.875,0
INLF.US,D,20250813,000000,18.56,19.1984,18.24,18.72,4583.875,0
INLF.US,D,20250814,000000,18.4,18.9968,18.4,18.4,1855.5625,0
INLF.US,D,20250815,000000,18.72,18.72,17.92,18.24,2128.6875,0
INLF.US,D,20250818,000000,18.56,19.52,18.32,19.3232,5197.375,0
INLF.US,D,20250819,000000,19.2,20.16,18.568,18.88,6555.75,0
INLF.US,D,20250820,000000,18.4,18.72,18.08,18.24,4816.1875,0
INLF.US,D,20250821,000000,18.08,19.04,18.08,18.56,8865.9375,0
INLF.US,D,20250822,000000,18.72,20.2976,18.72,20,11678.6875,0
INLF.US,D,20250825,000000,20.16,20.6128,19.36,19.68,5352.75,0
INLF.US,D,20250826,000000,20,20.16,19.04,19.36,6218.8125,0
INLF.US,D,20250827,000000,19.36,19.68,18.88,19.3024,6649.5,0
INLF.US,D,20250828,000000,19.44,19.52,18.88,19.04,6012.25,0
INLF.US,D,20250829,000000,19.04,19.84,17.968,18.4,5858.1875,0
INLF.US,D,20250902,000000,18.88,18.88,17.92,18.72,4180.4375,0
INLF.US,D,20250903,000000,18.24,18.32,15.2096,15.9984,29614.6875,0
INLF.US,D,20250904,000000,16,16.16,13.5184,14.3984,29399.6875,0
INLF.US,D,20250905,000000,14.56,15.1984,13.6,13.752,11681.8125,0
INLF.US,D,20250908,000000,13.1168,14.56,12.64,13.824,28744.625,0
INLF.US,D,20250909,000000,14.08,14.08,13.2848,14.0224,121331.4375,0
INLF.US,D,20250910,000000,15.68,16.8,14.0784,16.32,159078,0
INLF.US,D,20250911,000000,15.1968,16.16,14.72,14.9328,37736.125,0
INLF.US,D,20250912,000000,14.248,15.0992,14.248,15.0512,22731.4375,0
INLF.US,D,20250915,000000,14.7728,14.896,13.7104,13.928,21932.6875,0
INLF.US,D,20250916,000000,14.0816,14.3968,13.6656,13.92,16282.375,0
INLF.US,D,20250917,000000,13.92,14.08,13.216,13.5056,14341.5625,0
INLF.US,D,20250918,000000,13.408,13.8476,13.1984,13.4944,17171.75,0
INLF.US,D,20250919,000000,13.28,13.6448,12.96,13.032,15078.375,0
INLF.US,D,20250922,000000,12.7648,13.44,12.512,13.4224,34503.9375,0
INLF.US,D,20250923,000000,13.1376,13.3592,12.6528,12.8688,16425.375,0
INLF.US,D,20250924,000000,12.48,13.0544,12.0352,13.0544,17724.75,0
INLF.US,D,20250925,000000,12.8,12.8,12.2496,12.448,14174.1875,0
INLF.US,D,20250926,000000,12.48,12.48,11.792,12.184,14512.3125,0
INLF.US,D,20250929,000000,12.48,12.48,11.76,11.8192,69905.5625,0
INLF.US,D,20250930,000000,12,12,11.52,11.7024,15240.25,0
INLF.US,D,20251001,000000,11.68,11.7056,11.2816,11.5984,15922.0625,0
INLF.US,D,20251002,000000,11.84,11.84,11.5984,11.72,11391.625,0
INLF.US,D,20251003,000000,11.9104,11.944,11.52,11.816,17429.25,0
INLF.US,D,20251006,000000,11.76,11.84,11.552,11.6352,10814.9375,0
INLF.US,D,20251007,000000,11.6,11.68,11.4032,11.5424,10091.125,0
INLF.US,D,20251008,000000,11.632,11.7296,11.376,11.5504,8123.4375,0
INLF.US,D,20251009,000000,11.4608,11.7888,11.4608,11.7856,6082.125,0
INLF.US,D,20251010,000000,11.9648,11.9648,10.8816,11.1504,13305.625,0
INLF.US,D,20251013,000000,11.024,11.4288,10.9888,11.2912,4673.4375,0
INLF.US,D,20251014,000000,11.0672,11.3072,11.0149,11.1984,9108.25,0
INLF.US,D,20251015,000000,11.2176,11.4284,11.0432,11.1904,7057.0625,0
INLF.US,D,20251016,000000,11.1776,11.6784,10.8944,11.0032,14510.3125,0
INLF.US,D,20251017,000000,10.8896,11.3024,10.8448,10.9632,5353.5,0
INLF.US,D,20251020,000000,11.024,11.3376,10.8864,11.0704,3461.25,0
INLF.US,D,20251021,000000,11.0752,11.3056,11.0704,11.2208,4077.5,0
INLF.US,D,20251022,000000,11.216,11.3072,10.904,11.056,5975.25,0
INLF.US,D,20251023,000000,10.88,11.7072,10.88,11.384,7069.25,0
INLF.US,D,20251024,000000,11.36,11.5984,10.9616,11.424,3286.3125,0
INLF.US,D,20251027,000000,11.68,12.5808,11.2208,11.9984,14984.3125,0
INLF.US,D,20251028,000000,12,12.288,11.76,12.064,6420.3125,0
INLF.US,D,20251029,000000,12.1584,13.4064,12.1232,12.7216,19946.125,0
INLF.US,D,20251030,000000,13.5088,13.5216,12.16,12.8528,13389.3125,0
INLF.US,D,20251031,000000,12.3568,12.7984,12.1968,12.7968,6762.8125,0
INLF.US,D,20251103,000000,12.7968,12.8128,12.16,12.3216,1942.3125,0
INLF.US,D,20251104,000000,11.6,12,11.2096,11.44,6202.3125,0
INLF.US,D,20251105,000000,11.096,12.096,11.096,12,4495.8125,0
INLF.US,D,20251106,000000,12.3184,12.3184,11.68,11.6992,1602.25,0
INLF.US,D,20251107,000000,11.68,11.9717,11.216,11.7024,2428.125,0
INLF.US,D,20251110,000000,11.8496,11.9968,11.7008,11.776,2000.5,0
INLF.US,D,20251111,000000,11.2432,11.68,11.2082,11.288,3762.5625,0
INLF.US,D,20251112,000000,11.344,11.36,11.0416,11.2976,7418.6875,0
INLF.US,D,20251113,000000,11.2,11.28,10.8816,11.048,2809.6875,0
INLF.US,D,20251114,000000,10.72,11.12,10.5808,11.0784,3413.25,0
INLF.US,D,20251117,000000,10.9152,11.0472,10.72,10.792,1652.5,0
INLF.US,D,20251118,000000,10.72,11.072,10.6144,10.8624,3050.875,0
INLF.US,D,20251119,000000,11.0864,11.1392,10.576,10.6656,1959.0625,0
INLF.US,D,20251120,000000,10.9328,11.04,8.7328,9.8,4867.0625,0
INLF.US,D,20251121,000000,9.76,10.0632,9.6016,9.7456,1703.125,0
INLF.US,D,20251124,000000,9.1744,9.616,9.1744,9.2992,1424.9375,0
INLF.US,D,20251125,000000,9.2992,9.4416,9.1408,9.28,2541.9375,0
INLF.US,D,20251126,000000,9.28,9.76,9.1376,9.2016,3966.625,0
INLF.US,D,20251128,000000,9.352,9.3552,9.1392,9.152,3149.3125,0
INLF.US,D,20251201,000000,8.96,9.20802,8.96,9.0912,2291,0
INLF.US,D,20251202,000000,8.96,8.96067,8.6416,8.872,2435.125,0
INLF.US,D,20251203,000000,8.8304,9.7968,8.8304,9.6,7932.1875,0
INLF.US,D,20251204,000000,10.4432,11.8064,9.12,10.6656,597392.25,0
INLF.US,D,20251205,000000,10.2624,10.5584,9.6336,10.256,20282.625,0
INLF.US,D,20251208,000000,9.9088,9.91042,9.2816,9.7264,9246.0625,0
INLF.US,D,20251209,000000,9.6,10.3984,8.9296,10.1552,10089.6875,0
INLF.US,D,20251210,000000,9.8512,9.864,9.28,9.6368,4262.4375,0
INLF.US,D,20251211,000000,9.4368,9.5808,9.136,9.4128,2063.3125,0
INLF.US,D,20251212,000000,9.2976,9.4288,9.136,9.4288,2323.125,0
INLF.US,D,20251215,000000,9.152,9.232,8.704,9.232,4547.4375,0
INLF.US,D,20251216,000000,8.9984,8.9984,8.8,8.9424,4658.0625,0
INLF.US,D,20251217,000000,8.8,8.92,8.6624,8.92,2853.625,0
INLF.US,D,20251218,000000,8.6416,9.3312,8.592,9.3312,5094.1875,0
INLF.US,D,20251219,000000,9.1232,9.2256,8.8016,9.1024,4254.6875,0
INLF.US,D,20251222,000000,8.7984,8.96,8.7136,8.9584,1650.25,0
INLF.US,D,20251223,000000,8.6592,8.7664,8,8.1056,8784.9375,0
INLF.US,D,20251224,000000,8.32,8.3728,8.16,8.3408,2660.25,0
INLF.US,D,20251226,000000,8.2224,8.2224,8.0016,8.1792,1471.3125,0
INLF.US,D,20251229,000000,8.2112,8.6896,8.208,8.2576,7203.25,0
INLF.US,D,20251230,000000,8.4032,8.64,8.256,8.256,1725.375,0
INLF.US,D,20251231,000000,8.16,8.2512,7.6816,7.7024,5261,0
INLF.US,D,20260102,000000,7.68322,8.2512,7.36,7.7536,6492.1875,0
INLF.US,D,20260105,000000,7.76,8.2208,7.76,7.9424,6776.4375,0
INLF.US,D,20260106,000000,8.0064,9.18242,8,8.632,10430.4375,0
INLF.US,D,20260107,000000,8.4176,8.6688,8.4176,8.464,506.625,0
INLF.US,D,20260108,000000,8.4656,8.8288,8.2432,8.4064,5094.25,0
INLF.US,D,20260109,000000,8.24,8.312,7.6816,7.7584,6937.125,0
INLF.US,D,20260112,000000,7.8416,8.208,7.8416,8.0208,1790.6875,0
INLF.US,D,20260113,000000,8.152,8.3184,8.0208,8.0304,2602.75,0
INLF.US,D,20260114,000000,8.0384,8.304,7.824,7.992,3673.3125,0
INLF.US,D,20260115,000000,7.84,8.096,7.84,7.9712,1544.6875,0
INLF.US,D,20260116,000000,8.19038,8.19038,7.9712,8.0144,1931.6875,0
INLF.US,D,20260120,000000,8.304,8.304,7.3984,7.4032,5680.1875,0
INLF.US,D,20260121,000000,7.6784,7.6784,6.9504,6.9824,12450.75,0
INLF.US,D,20260122,000000,7.05682,7.12,6.88,7.0176,7940.125,0
INLF.US,D,20260123,000000,7.0464,7.1984,6.9336,7.0096,5002.0625,0
INLF.US,D,20260126,000000,6.9584,7.0656,6.752,6.8608,3368.875,0
INLF.US,D,20260127,000000,6.8592,6.8592,6.4032,6.4048,7400.6875,0
INLF.US,D,20260128,000000,6.3968,6.4064,6.2432,6.3328,3981.1875,0
INLF.US,D,20260129,000000,6.4,6.4,5.7776,5.8816,6593.375,0
INLF.US,D,20260130,000000,5.936,22.72,5.6816,22.72,1688457.0625,0
INLF.US,D,20260202,000000,9.816,9.816,6.4,6.8016,855227.0625,0
INLF.US,D,20260203,000000,10.08,10.8782,7.3952,8.68,1750579.875,0
INLF.US,D,20260204,000000,8.6416,9.2416,8.08,8.9136,124300.875,0
INLF.US,D,20260205,000000,8,9.76,7.5216,8.3216,52936.9375,0
INLF.US,D,20260206,000000,8.32,8.32,7.632,7.776,21588.6875,0
INLF.US,D,20260209,000000,7.568,8.3792,7.224,8.0112,15655.4375,0
INLF.US,D,20260210,000000,7.84,8.256,7.368,8.0704,45370.25,0
INLF.US,D,20260211,000000,7.6768,8.2528,7.5728,7.84,14949.5625,0
INLF.US,D,20260212,000000,7.584,7.68,6.56,6.7712,30082.4375,0
INLF.US,D,20260213,000000,6.56,6.56,5.68,6.3248,26534.875,0
INLF.US,D,20260217,000000,5.6,6.4,5.6,6.2032,16008.4375,0
INLF.US,D,20260218,000000,6.1312,6.4784,5.76,5.76,17034.8125,0
INLF.US,D,20260219,000000,5.888,6.24,5.7792,6.0176,5680.1875,0
INLF.US,D,20260220,000000,6.224,6.5328,6.0208,6.096,8537.4375,0
INLF.US,D,20260223,000000,6.24,6.552,6,6.032,10374.75,0
INLF.US,D,20260224,000000,6.104,6.4,6.0288,6.0688,3287.6875,0
INLF.US,D,20260225,000000,6.1888,6.56,5.968,6.56,7578.75,0
INLF.US,D,20260226,000000,6.4,7.2,6.1216,6.56,6860.25,0
INLF.US,D,20260227,000000,6.2432,6.9504,6.24,6.8144,8551.0625,0
INLF.US,D,20260302,000000,6.64,6.7536,6.1456,6.7528,4316.625,0
INLF.US,D,20260303,000000,6.544,6.72,6.24,6.248,5850.25,0
INLF.US,D,20260304,000000,6.248,6.72,6.1792,6.3648,2606.3125,0
INLF.US,D,20260305,000000,6.2336,6.392,4.8,5.5776,22067.9375,0
INLF.US,D,20260306,000000,5.6,6.72,5.136,5.7616,8233.1875,0
INLF.US,D,20260309,000000,6.104,6.4,5.296,5.6032,6853.0625,0
INLF.US,D,20260310,000000,5.904,6.1712,5.528,5.6016,3590.75,0
INLF.US,D,20260311,000000,5.52,5.904,5.3232,5.3616,2209.3125,0
INLF.US,D,20260312,000000,5.36,5.60824,5.2816,5.488,2201.1875,0
INLF.US,D,20260313,000000,5.4,5.488,5.1152,5.1696,2061.75,0
INLF.US,D,20260316,000000,5.1376,5.44,5.088,5.12,2597.125,0
INLF.US,D,20260317,000000,5.2792,9.36,5.2,6.896,3554679.5625,0
INLF.US,D,20260318,000000,6.08,7.2,5.6,5.9936,67374.3125,0
INLF.US,D,20260319,000000,5.8528,5.9184,4.8368,5.68,21499.5,0
INLF.US,D,20260320,000000,5.5664,5.6816,4.992,4.992,16010.75,0
INLF.US,D,20260323,000000,4.8928,5.44,4.8928,5.2016,5701.5625,0
INLF.US,D,20260324,000000,5.04,5.5984,4.96,5.04,3863.6875,0
INLF.US,D,20260325,000000,5.2,5.5184,4.896,4.9616,5188.9375,0
INLF.US,D,20260326,000000,4.976,5.2432,4.6416,4.8544,15106.625,0
INLF.US,D,20260327,000000,5,5.376,4.9824,5.136,6005.375,0
INLF.US,D,20260330,000000,4.992,5.5776,4.7248,4.7248,6432.5,0
INLF.US,D,20260331,000000,4.944,5.2464,4.8,5.2016,10174.875,0
INLF.US,D,20260401,000000,4.48,4.8256,4.2944,4.43118,27532.3125,0
INLF.US,D,20260402,000000,4.3984,5.2,3.84,5.1616,14756.0625,0
INLF.US,D,20260406,000000,5.2,5.2,4.41,4.6775,10562,0
INLF.US,D,20260407,000000,4.44,4.554,3.47,3.6,39371,0
INLF.US,D,20260408,000000,3.635,3.718,3.58,3.68,9136,0
INLF.US,D,20260409,000000,3.8972,3.97,3.8026,3.92,15625,0
INLF.US,D,20260410,000000,4.02,4.03,3.77,3.855,15368,0
INLF.US,D,20260413,000000,3.98,3.98,3.88,3.92,7235,0
INLF.US,D,20260414,000000,3.92,3.97,3.92,3.97,1291,0
INLF.US,D,20260415,000000,3.9672,3.9672,3.83,3.84,6147,0
INLF.US,D,20260416,000000,3.82,3.83,3.7137,3.78,4158,0
INLF.US,D,20260417,000000,3.798,3.96,3.55,3.5601,53069,0
INLF.US,D,20260420,000000,3.655,3.81,3.48,3.48,14962,0
INLF.US,D,20260421,000000,3.6,3.6,3.42,3.42,5179,0
INLF.US,D,20260422,000000,3.42,3.59,3.42,3.5,689,0
INLF.US,D,20260423,000000,3.742,3.742,3.4101,3.49,3638,0
INLF.US,D,20260424,000000,3.45,3.69,3.2833,3.31,49234,0
INLF.US,D,20260427,000000,3.33,3.4,3.22,3.23,6293,0
INLF.US,D,20260428,000000,3.22,3.22,3.19,3.195,7148,0
INLF.US,D,20260429,000000,3.09,3.125,3.05,3.05,5583,0
INLF.US,D,20260430,000000,3.02,3.09,3.01,3.09,5913,0
INLF.US,D,20260501,000000,3.01,3.1999,3.01,3.19,8885,0
INLF.US,D,20260504,000000,3.23,3.815,3.0101,3.47,38411,0
INLF.US,D,20260505,000000,3.59,4.69,3.1501,4.1299,249338,0
INLF.US,D,20260506,000000,4.13,4.5,3.75,4.16,25483,0
INLF.US,D,20260507,000000,4.15,4.3998,4.14,4.39,9458,0
INLF.US,D,20260508,000000,4.41,4.41,4.16,4.29,5918,0
INLF.US,D,20260511,000000,4.29,4.505,4.29,4.355,6032,0
INLF.US,D,20260512,000000,4.214,4.465,4.214,4.465,4790,0
INLF.US,D,20260513,000000,4.45,4.45,4.31,4.32,6470,0
INLF.US,D,20260514,000000,4.32,4.395,4.27,4.27,1637,0
INLF.US,D,20260515,000000,4.37,4.67,4.08,4.25,22125,0
INLF.US,D,20260518,000000,4.125,4.125,4.125,4.125,308,0
INLF.US,D,20260519,000000,4.02,4.02,3.8,3.8,1554,0
INLF.US,D,20260520,000000,3.88,4.128,3.88,4.0555,7041,0
INLF.US,D,20260521,000000,4.09,4.09,3.9,3.92,7688,0
INLF.US,D,20260522,000000,4.12,4.13,3.93,3.99,2588,0
INLF.US,D,20260526,000000,3.9917,4.13,3.9917,4.125,2923,0
INLF.US,D,20260527,000000,4.1,4.175,4.055,4.12,2736,0
INLF.US,D,20260528,000000,4.06,4.184,3.91,3.91,3307,0
INLF.US,D,20260529,000000,4.09,4.21,3.71,3.8,16431,0
INLF.US,D,20260601,000000,3.81,4.14,3.54,3.5847,12951,0
INLF.US,D,20260602,000000,3.61,3.95,3.61,3.75,3311,0
INLF.US,D,20260603,000000,3.75,3.752,3.75,3.75,913,0
INLF.US,D,20260604,000000,3.8,3.805,3.6001,3.805,2655,0
INLF.US,D,20260605,000000,4,4.24,3.34,4.24,9038,0
INLF.US,D,20260608,000000,3.67,4.5,3.33,4.14,156017,0
INLF.US,D,20260609,000000,4.18,4.79,4.02,4.61,365886,0
INLF.US,D,20260610,000000,4.58,4.7,3.99,4.01,411497,0
INLF.US,D,20260611,000000,4.08,4.4,3.963,4.18,411517,0
INLF.US,D,20260612,000000,4.17,4.2,3.51,3.7,419499,0
INLF.US,D,20260615,000000,3.798,4.04,3.61,3.88,17372,0
INLF.US,D,20260616,000000,3.89,4.55,3.55,3.82,909889,0
INLF.US,D,20260617,000000,3.72,3.72,0.3818,0.4374,62823294,0
INLF.US,D,20260618,000000,0.231,0.2487,0.1494,0.1566,131517870,0
INLF.US,D,20260622,000000,0.1369,0.1416,0.1025,0.111,215780492,0
INLF.US,D,20260623,000000,0.0667,0.0715,0.054,0.0563,319599042,0
INLF.US,D,20260624,000000,0.048,0.0547,0.0345,0.0381,238850220,0
