<TICKER>,<PER>,<DATE>,<TIME>,<OPEN>,<HIGH>,<LOW>,<CLOSE>,<VOL>,<OPENINT>
IPW.US,D,20210512,000000,1358.4,1840.8,1298.59,1377.6,16034.875,0
IPW.US,D,20210513,000000,1382.4,1416,1200,1207.2,3571.475,0
IPW.US,D,20210514,000000,1214.4,1488,1213.37,1396.8,4177.25,0
IPW.US,D,20210517,000000,1329.6,1531.2,1320,1461.6,1864.425,0
IPW.US,D,20210518,000000,1440,1507.2,1336.8,1461.6,804.7575,0
IPW.US,D,20210519,000000,1411.2,1411.2,1159.2,1221.6,1497.8625,0
IPW.US,D,20210520,000000,1250.4,1320,1243.61,1269.6,443.9075,0
IPW.US,D,20210521,000000,1310.4,1317.6,1228.8,1245.6,454.11125,0
IPW.US,D,20210524,000000,1286.4,1286.4,1202.4,1219.2,535.42875,0
IPW.US,D,20210525,000000,1233.6,1233.6,1152,1159.2,552.91125,0
IPW.US,D,20210526,000000,1166.4,1303.2,1159.2,1273.2,1005.24875,0
IPW.US,D,20210527,000000,1284,1536,1248.72,1444.8,2263.2375,0
IPW.US,D,20210528,000000,1471.2,1675.2,1382.4,1579.2,2757.7625,0
IPW.US,D,20210601,000000,1608,1620,1404,1476,849.2075,0
IPW.US,D,20210602,000000,1449.6,1524,1430.4,1514.4,417.04125,0
IPW.US,D,20210603,000000,1495.2,1773.6,1464,1740,665.99125,0
IPW.US,D,20210604,000000,1744.8,1768.78,1647.05,1725.6,397.92,0
IPW.US,D,20210607,000000,1773.6,1784.4,1615.7,1644,534.66125,0
IPW.US,D,20210608,000000,1663.2,2195.98,1610.4,2004,10571.05,0
IPW.US,D,20210609,000000,2004,2111.98,1872,1872,1871.875,0
IPW.US,D,20210610,000000,1939.2,2008.78,1860,1932,652.47,0
IPW.US,D,20210611,000000,1951.2,2047.87,1869.6,1980,434.645,0
IPW.US,D,20210614,000000,2025.6,2035.2,1944,1944,270.4575,0
IPW.US,D,20210615,000000,1963.2,1963.2,1766.4,1785.6,384.57,0
IPW.US,D,20210616,000000,1797.6,1876.8,1790.4,1816.8,164.80375,0
IPW.US,D,20210617,000000,1800,1896,1800,1857.6,263.68625,0
IPW.US,D,20210618,000000,1852.8,1857.6,1742.4,1764,468.09875,0
IPW.US,D,20210621,000000,1831.2,1847.98,1752,1788,236.33625,0
IPW.US,D,20210622,000000,1819.2,1859.98,1680,1752,228.62,0
IPW.US,D,20210623,000000,1728,1749.6,1680,1706.4,225.52375,0
IPW.US,D,20210624,000000,1692,1744.15,1636.8,1658.4,323.02375,0
IPW.US,D,20210625,000000,1776,1807.2,1658.4,1718.4,462.49125,0
IPW.US,D,20210628,000000,1735.2,1800,1692,1723.2,228.52,0
IPW.US,D,20210629,000000,1704,1800,1567.2,1790.4,1076.74125,0
IPW.US,D,20210630,000000,1795.2,2575.18,1641.6,1704,35531.5,0
IPW.US,D,20210701,000000,1652.26,1677.6,1476,1526.4,1736.225,0
IPW.US,D,20210702,000000,1500,1548,1447.2,1509.6,794.295,0
IPW.US,D,20210706,000000,1471.2,1531.18,1375.2,1401.6,705.8575,0
IPW.US,D,20210707,000000,1384.8,1932,1328.4,1852.8,54697.5,0
IPW.US,D,20210708,000000,1572,2076,1540.8,1963.2,14510.375,0
IPW.US,D,20210709,000000,1922.4,2107.18,1788,1824,15705.125,0
IPW.US,D,20210712,000000,1749.6,1785.6,1612.8,1617.6,1456.35,0
IPW.US,D,20210713,000000,1615.2,1682.4,1536,1548,936.86625,0
IPW.US,D,20210714,000000,1567.2,1648.78,1413.6,1413.6,1158.87,0
IPW.US,D,20210715,000000,1433.95,1433.95,1327.2,1384.8,1268.45,0
IPW.US,D,20210716,000000,1396.8,1663.2,1344,1351.2,8992.875,0
IPW.US,D,20210719,000000,1368,1389.6,1087.2,1240.8,3399.0375,0
IPW.US,D,20210720,000000,1216.8,1308,1185.6,1260,2697.5625,0
IPW.US,D,20210721,000000,1274.4,1339.18,1183.2,1192.8,1835.0125,0
IPW.US,D,20210722,000000,1214.4,1267.75,1183.44,1231.2,512.61125,0
IPW.US,D,20210723,000000,1224,1243.2,1189.03,1202.4,275.61125,0
IPW.US,D,20210726,000000,1221.6,1254.67,1152,1173.6,897.04125,0
IPW.US,D,20210727,000000,1168.8,1197.6,1056,1159.2,891.34875,0
IPW.US,D,20210728,000000,1164,1228.8,1096.8,1204.8,1293.1875,0
IPW.US,D,20210729,000000,1214.4,1269.58,1190.4,1202.4,1258.4125,0
IPW.US,D,20210730,000000,1185.6,1218.29,1161.6,1176,383.11625,0
IPW.US,D,20210802,000000,1195.2,1305.6,1166.4,1216.8,1943.8375,0
IPW.US,D,20210803,000000,1226.4,1248,1180.8,1197.6,516.94125,0
IPW.US,D,20210804,000000,1190.4,1197.58,1135.2,1152,344.00375,0
IPW.US,D,20210805,000000,1149.6,1312.51,1147.2,1224,2475.1875,0
IPW.US,D,20210806,000000,1224,1274.4,1197.6,1228.8,708.44125,0
IPW.US,D,20210809,000000,1224,1266,1188,1226.4,347.895,0
IPW.US,D,20210810,000000,1224,1260.24,1188.72,1255.2,285.89875,0
IPW.US,D,20210811,000000,1243.2,1243.2,1207.2,1228.8,170.14125,0
IPW.US,D,20210812,000000,1228.8,1240.8,1204.82,1212,566.3075,0
IPW.US,D,20210813,000000,1219.2,1219.2,1176.02,1192.8,233.99125,0
IPW.US,D,20210816,000000,1180.8,1188,1140,1146,591.06125,0
IPW.US,D,20210817,000000,1137.6,1137.6,1008,1075.2,1110.69875,0
IPW.US,D,20210818,000000,1080,1084.8,1068.5,1072.8,177.18625,0
IPW.US,D,20210819,000000,1051.2,1077.6,1008,1068,148.27,0
IPW.US,D,20210820,000000,1065.6,1144.8,1056,1142.4,212.82,0
IPW.US,D,20210823,000000,1144.8,1288.8,1144.8,1233.6,789.07,0
IPW.US,D,20210824,000000,1236,1245.58,1140,1178.4,590.87375,0
IPW.US,D,20210825,000000,1200,1204.8,1144.8,1180.8,845.19125,0
IPW.US,D,20210826,000000,1178.4,1192.8,1140,1176,481.545,0
IPW.US,D,20210827,000000,1164,1240.8,1140,1197.6,709.06125,0
IPW.US,D,20210830,000000,1200,1202.38,1132.8,1140,602.095,0
IPW.US,D,20210831,000000,1149.6,1236,1120.8,1236,1034.75375,0
IPW.US,D,20210901,000000,1219.2,1219.2,1131.6,1161.6,466.13625,0
IPW.US,D,20210902,000000,1164,1183.18,1130.4,1142.4,206.89875,0
IPW.US,D,20210903,000000,1147.2,1161.17,1120.8,1147.2,129.81625,0
IPW.US,D,20210907,000000,1142.4,1176,1128.02,1161.6,185.92,0
IPW.US,D,20210908,000000,1142.4,1159.2,1092.02,1116,104.65825,0
IPW.US,D,20210909,000000,1111.2,1136.98,1082.4,1092,87.787375,0
IPW.US,D,20210910,000000,1096.8,1129.32,1060.8,1094.4,213.395,0
IPW.US,D,20210913,000000,1089.6,1108.8,1058.4,1094.4,229.08625,0
IPW.US,D,20210914,000000,1089.6,1089.6,1034.4,1053.6,459.01625,0
IPW.US,D,20210915,000000,1046.4,1059.02,1020,1020,201.63625,0
IPW.US,D,20210916,000000,1034.4,1080,998.4,1051.2,960.64125,0
IPW.US,D,20210917,000000,1060.8,1113.6,1042.39,1058.4,371.94125,0
IPW.US,D,20210920,000000,1041.6,1065.6,998.4,1010.4,480.04125,0
IPW.US,D,20210921,000000,1022.4,1075.18,1012.8,1012.8,387.05375,0
IPW.US,D,20210922,000000,1029.6,1122.55,1029.6,1094.4,525.56125,0
IPW.US,D,20210923,000000,1096.8,1127.98,1084.8,1084.8,192.05375,0
IPW.US,D,20210924,000000,1065.6,1113.6,1065.6,1087.2,353.5075,0
IPW.US,D,20210927,000000,1084.8,1116,1082.42,1103.98,1141.35375,0
IPW.US,D,20210928,000000,1101.6,1243.2,1032,1101.6,5327.025,0
IPW.US,D,20210929,000000,1096.8,1110.41,968.16,984,2240.8125,0
IPW.US,D,20210930,000000,979.2,988.8,940.8,950.4,1684.4,0
IPW.US,D,20211001,000000,950.4,952.8,868.8,885.6,1148.095,0
IPW.US,D,20211004,000000,878.4,878.4,776.4,787.2,951.54125,0
IPW.US,D,20211005,000000,796.8,864,756,772.8,1604.625,0
IPW.US,D,20211006,000000,780,791.976,746.424,748.8,647.35375,0
IPW.US,D,20211007,000000,765.6,856.8,758.4,758.4,749.6325,0
IPW.US,D,20211008,000000,770.4,806.4,732,732,483.895,0
IPW.US,D,20211011,000000,746.4,768,724.8,732,642.60375,0
IPW.US,D,20211012,000000,734.4,741.6,696,703.2,230.84125,0
IPW.US,D,20211013,000000,748.8,825.6,720,805.2,2887.45,0
IPW.US,D,20211014,000000,816,818.088,724.8,741.6,1142.57375,0
IPW.US,D,20211015,000000,756,761.952,708,722.4,402.52,0
IPW.US,D,20211018,000000,715.2,730.8,672,679.2,614.6075,0
IPW.US,D,20211019,000000,676.8,705.6,672,691.2,388.76625,0
IPW.US,D,20211020,000000,698.4,710.4,681.84,684,294.595,0
IPW.US,D,20211021,000000,688.8,715.2,674.4,691.2,213.35375,0
IPW.US,D,20211022,000000,681.6,708,672.024,681.6,326.22875,0
IPW.US,D,20211025,000000,691.2,693.6,636,643.2,612.96125,0
IPW.US,D,20211026,000000,650.4,676.8,650.4,674.4,247.2075,0
IPW.US,D,20211027,000000,674.4,705.6,645.6,698.4,2418.125,0
IPW.US,D,20211028,000000,700.8,801.6,676.8,782.4,1802.8875,0
IPW.US,D,20211029,000000,777.6,792,732,770.4,747.84875,0
IPW.US,D,20211101,000000,753.6,816,745.152,789.6,895.89875,0
IPW.US,D,20211102,000000,782.4,796.8,698.424,720,613.49125,0
IPW.US,D,20211103,000000,724.8,767.424,706.8,741.6,856.55375,0
IPW.US,D,20211104,000000,734.4,751.2,686.4,703.2,256.04875,0
IPW.US,D,20211105,000000,703.2,712.8,662.4,669.6,319.10375,0
IPW.US,D,20211108,000000,664.8,758.4,664.8,700.8,2148.9625,0
IPW.US,D,20211109,000000,710.4,717.36,676.8,698.4,392.10375,0
IPW.US,D,20211110,000000,688.8,739.2,674.4,698.4,496.5575,0
IPW.US,D,20211111,000000,712.8,736.8,700.848,736.8,489.8575,0
IPW.US,D,20211112,000000,768,834.288,746.4,813.6,944.52375,0
IPW.US,D,20211115,000000,830.4,909.6,818.4,895.2,1537.025,0
IPW.US,D,20211116,000000,871.2,899.976,813.6,866.4,690.20375,0
IPW.US,D,20211117,000000,856.8,924,816,890.4,629.04125,0
IPW.US,D,20211118,000000,880.8,883.2,820.2,835.2,543.46625,0
IPW.US,D,20211119,000000,835.2,847.2,763.224,796.8,376.91125,0
IPW.US,D,20211122,000000,796.8,835.2,684,722.4,360.99875,0
IPW.US,D,20211123,000000,717.6,753.6,683.256,712.8,135.0575,0
IPW.US,D,20211124,000000,712.8,751.2,683.592,732,118.062375,0
IPW.US,D,20211126,000000,705.6,801.6,696,700.8,399.17,0
IPW.US,D,20211129,000000,722.4,727.2,660,712.8,232.17,0
IPW.US,D,20211130,000000,710.4,761.472,693.6,710.4,121.64575,0
IPW.US,D,20211201,000000,724.8,724.8,648,660,132.3075,0
IPW.US,D,20211202,000000,652.8,675.24,631.2,636,293.83625,0
IPW.US,D,20211203,000000,636,643.44,571.2,592.8,214.21625,0
IPW.US,D,20211206,000000,592.8,643.2,585.6,624,169.37,0
IPW.US,D,20211207,000000,614.4,715.2,609.6,681.6,446.85375,0
IPW.US,D,20211208,000000,696,702.768,650.4,686.4,69.73325,0
IPW.US,D,20211209,000000,818.4,900,710.4,796.8,32336,0
IPW.US,D,20211210,000000,748.8,816,708,787.2,2829.125,0
IPW.US,D,20211213,000000,768,806.376,648,657.6,1391.3125,0
IPW.US,D,20211214,000000,621.6,667.2,600,614.4,531.47375,0
IPW.US,D,20211215,000000,607.2,612,552,573.6,556.39875,0
IPW.US,D,20211216,000000,580.8,622.704,578.4,585.6,289.29875,0
IPW.US,D,20211217,000000,597.6,607.2,547.2,568.8,425.29875,0
IPW.US,D,20211220,000000,554.4,580.8,528,528,330.795,0
IPW.US,D,20211221,000000,535.2,583.2,535.2,544.8,669.87375,0
IPW.US,D,20211222,000000,559.2,576.936,547.2,568.8,312.91625,0
IPW.US,D,20211223,000000,566.4,578.4,544.8,544.8,251.68625,0
IPW.US,D,20211227,000000,554.4,576,528,554.4,567.74875,0
IPW.US,D,20211228,000000,571.2,571.2,548.136,566.4,237.88625,0
IPW.US,D,20211229,000000,576,576,499.2,516,317.60375,0
IPW.US,D,20211230,000000,511.2,564,506.4,544.8,262.81625,0
IPW.US,D,20211231,000000,542.4,588,518.712,571.2,1320.6,0
IPW.US,D,20220103,000000,556.8,583.32,549.6,568.8,198.16625,0
IPW.US,D,20220104,000000,554.4,554.4,529.896,540,116.716625,0
IPW.US,D,20220105,000000,585.6,585.6,506.4,532.8,520.8325,0
IPW.US,D,20220106,000000,516,549.6,513.6,532.8,99.091625,0
IPW.US,D,20220107,000000,525.6,528.96,492,504,241.72,0
IPW.US,D,20220110,000000,492,492,463.2,470.4,184.55375,0
IPW.US,D,20220111,000000,470.4,492,451.752,470.4,78.274875,0
IPW.US,D,20220112,000000,480,499.2,463.2,482.4,205.19875,0
IPW.US,D,20220113,000000,501.6,501.6,423.6,427.2,678.62375,0
IPW.US,D,20220114,000000,412.8,448.8,412.8,436.8,93.199875,0
IPW.US,D,20220118,000000,436.8,436.8,408,415.2,214.495,0
IPW.US,D,20220119,000000,422.4,445.368,409.032,427.2,232.97375,0
IPW.US,D,20220120,000000,429.6,476.688,396.024,403.2,310.4325,0
IPW.US,D,20220121,000000,400.8,415.872,384,384,77.616625,0
IPW.US,D,20220124,000000,376.8,381.6,326.4,362.4,241.26125,0
IPW.US,D,20220125,000000,348,398.4,348,384,122.549875,0
IPW.US,D,20220126,000000,391.2,408,362.4,396,118.191625,0
IPW.US,D,20220127,000000,408,408,360,369.6,117.15825,0
IPW.US,D,20220128,000000,374.4,396,352.8,391.2,107.204125,0
IPW.US,D,20220131,000000,400.8,477.6,385.2,468,184.9825,0
IPW.US,D,20220201,000000,477.6,482.4,448.8,448.824,91.94575,0
IPW.US,D,20220202,000000,436.8,456,436.8,444,408.5325,0
IPW.US,D,20220203,000000,468,468,435.768,441.6,132.54875,0
IPW.US,D,20220204,000000,439.2,442.8,413.592,420,338.41125,0
IPW.US,D,20220207,000000,446.4,453.6,415.2,441.6,182.645,0
IPW.US,D,20220208,000000,436.8,465.6,429.6,446.4,136.92375,0
IPW.US,D,20220209,000000,475.2,480,446.4,460.8,910.9575,0
IPW.US,D,20220210,000000,447.36,484.8,447.36,470.4,273.2075,0
IPW.US,D,20220211,000000,472.8,480,444,460.8,299.71625,0
IPW.US,D,20220214,000000,456,458.4,367.224,391.2,2485.4125,0
IPW.US,D,20220215,000000,543.6,564,494.4,544.8,91583.75,0
IPW.US,D,20220216,000000,513.6,552,489.6,528,3827.875,0
IPW.US,D,20220217,000000,537.6,559.2,453.6,456,1929.4875,0
IPW.US,D,20220218,000000,441.6,470.4,432,451.2,708.72875,0
IPW.US,D,20220222,000000,422.4,470.4,410.88,444,534.095,0
IPW.US,D,20220223,000000,441.6,441.6,384,384,492.71625,0
IPW.US,D,20220224,000000,348,400.368,338.4,381.6,310.40375,0
IPW.US,D,20220225,000000,398.4,422.4,384,410.4,182.745,0
IPW.US,D,20220228,000000,410.4,410.4,360,360,743.56625,0
IPW.US,D,20220301,000000,360,386.4,357.6,381.6,214.87375,0
IPW.US,D,20220302,000000,374.4,384,328.8,352.8,660.62375,0
IPW.US,D,20220303,000000,352.8,372,350.4,367.2,132.69125,0
IPW.US,D,20220304,000000,369.6,369.6,312,333.6,564.7575,0
IPW.US,D,20220307,000000,314.4,343.2,304.8,336,231.16625,0
IPW.US,D,20220308,000000,324,371.976,314.4,352.8,504.91625,0
IPW.US,D,20220309,000000,348,362.808,328.8,345.6,150.47375,0
IPW.US,D,20220310,000000,333.6,475.2,324,429.6,5051.9125,0
IPW.US,D,20220311,000000,427.2,433.152,384,417.6,475.2325,0
IPW.US,D,20220314,000000,429.6,455.976,384,388.8,1010.095,0
IPW.US,D,20220315,000000,381.6,381.6,316.8,324,1623.8125,0
IPW.US,D,20220316,000000,345.6,360,328.8,338.4,413.395,0
IPW.US,D,20220317,000000,331.2,398.4,328.8,364.8,400.76125,0
IPW.US,D,20220318,000000,360,393.6,352.8,367.2,789.5075,0
IPW.US,D,20220321,000000,391.2,405.576,362.4,369.6,391.07875,0
IPW.US,D,20220322,000000,388.8,405.6,369.96,372,842.995,0
IPW.US,D,20220323,000000,386.4,422.4,374.4,396,491.89125,0
IPW.US,D,20220324,000000,393.6,436.776,381.6,420,2131.4125,0
IPW.US,D,20220325,000000,463.2,496.8,429.6,456,1833.3125,0
IPW.US,D,20220328,000000,458.4,480,398.4,424.8,3122.2625,0
IPW.US,D,20220329,000000,400.8,432,362.4,422.4,579.645,0
IPW.US,D,20220330,000000,429.6,451.2,405.6,408,252.50375,0
IPW.US,D,20220331,000000,422.4,436.776,396.024,403.2,129.49125,0
IPW.US,D,20220401,000000,420,424.8,376.8,379.2,153.00375,0
IPW.US,D,20220404,000000,396,417.6,396,405.6,185.545,0
IPW.US,D,20220405,000000,396,444,388.8,415.2,407.6075,0
IPW.US,D,20220406,000000,415.2,429.6,374.4,417.6,531.13625,0
IPW.US,D,20220407,000000,432,432,395.28,408,80.67075,0
IPW.US,D,20220408,000000,415.2,432,408,417.6,292.37,0
IPW.US,D,20220411,000000,417.6,429.6,398.736,424.8,83.774875,0
IPW.US,D,20220412,000000,436.8,436.8,384,400.8,304.92875,0
IPW.US,D,20220413,000000,408,422.4,386.4,417.6,465.72375,0
IPW.US,D,20220414,000000,422.4,422.4,391.2,396,84.287375,0
IPW.US,D,20220418,000000,415.2,415.2,379.2,384,436.86625,0
IPW.US,D,20220419,000000,384,408,384,391.2,380.67375,0
IPW.US,D,20220420,000000,386.4,400.8,384,386.4,72.054125,0
IPW.US,D,20220421,000000,393.6,396,307.2,340.8,1093.0575,0
IPW.US,D,20220422,000000,319.2,374.4,319.2,338.4,138.0575,0
IPW.US,D,20220425,000000,331.2,345.6,316.8,340.8,185.89875,0
IPW.US,D,20220426,000000,345.6,345.6,324,336,89.512375,0
IPW.US,D,20220427,000000,340.8,340.8,312,319.2,90.749875,0
IPW.US,D,20220428,000000,316.8,326.4,308.4,316.8,260.06625,0
IPW.US,D,20220429,000000,307.2,319.704,302.4,309.6,272.42,0
IPW.US,D,20220502,000000,319.2,321.6,297.6,309.6,198.3075,0
IPW.US,D,20220503,000000,314.4,316.8,302.4,307.2,333.51125,0
IPW.US,D,20220504,000000,312,321.6,297.24,307.2,266.82875,0
IPW.US,D,20220505,000000,302.4,311.256,300,300,219.97375,0
IPW.US,D,20220506,000000,300,314.4,276,285.6,216.69125,0
IPW.US,D,20220509,000000,309.6,316.8,264,271.2,443.345,0
IPW.US,D,20220510,000000,288,304.8,265.968,268.8,356.37375,0
IPW.US,D,20220511,000000,268.8,271.92,247.344,255.6,77.249875,0
IPW.US,D,20220512,000000,259.2,268.8,242.4,261.6,171.7825,0
IPW.US,D,20220513,000000,292.8,292.8,259.2,268.8,309.51625,0
IPW.US,D,20220516,000000,283.2,312,274.8,309.6,719.36125,0
IPW.US,D,20220517,000000,324,331.2,290.4,292.8,993.87375,0
IPW.US,D,20220518,000000,302.4,302.4,276,283.2,205.345,0
IPW.US,D,20220519,000000,283.2,285.6,268.8,268.8,205.7075,0
IPW.US,D,20220520,000000,297.6,297.6,256.8,273.6,110.341625,0
IPW.US,D,20220523,000000,307.2,320.952,276,290.4,300.86125,0
IPW.US,D,20220524,000000,292.8,292.8,268.8,271.2,108.241625,0
IPW.US,D,20220525,000000,273.6,289.2,266.4,268.8,73.70825,0
IPW.US,D,20220526,000000,268.8,276,266.4,276,90.99575,0
IPW.US,D,20220527,000000,276,290.4,276,283.2,132.11625,0
IPW.US,D,20220531,000000,283.2,290.4,278.4,285.6,139.71625,0
IPW.US,D,20220601,000000,280.8,290.4,268.776,276,191.24875,0
IPW.US,D,20220602,000000,276,280.8,271.2,280.8,153.17,0
IPW.US,D,20220603,000000,292.8,292.8,256.8,271.2,280.4075,0
IPW.US,D,20220606,000000,268.8,288,268.8,283.2,315.62875,0
IPW.US,D,20220607,000000,280.8,307.2,280.8,304.8,232.57,0
IPW.US,D,20220608,000000,304.8,312,300,309.6,263.845,0
IPW.US,D,20220609,000000,304.8,309.6,295.2,297.6,313.96125,0
IPW.US,D,20220610,000000,292.8,297.6,273.528,278.4,196.11125,0
IPW.US,D,20220613,000000,273.6,280.8,264,264,228.36625,0
IPW.US,D,20220614,000000,264,266.4,249.6,249.6,148.4825,0
IPW.US,D,20220615,000000,247.2,256.8,244.8,252,212.5075,0
IPW.US,D,20220616,000000,249.6,249.6,242.4,242.4,130.67375,0
IPW.US,D,20220617,000000,242.4,252,242.4,252,245.88625,0
IPW.US,D,20220621,000000,268.8,273.6,259.2,268.8,243.66625,0
IPW.US,D,20220622,000000,268.8,271.2,256.8,264,190.12875,0
IPW.US,D,20220623,000000,259.2,273.6,259.2,268.8,91.04575,0
IPW.US,D,20220624,000000,268.8,288,259.2,283.2,266.89875,0
IPW.US,D,20220627,000000,280.776,297.6,266.4,276,105.954125,0
IPW.US,D,20220628,000000,275.616,290.4,259.2,264,175.67,0
IPW.US,D,20220629,000000,264,268.8,252,261.6,41.599875,0
IPW.US,D,20220630,000000,255.336,261.6,240,261.6,50.537375,0
IPW.US,D,20220701,000000,264,295.2,259.2,295.2,69.512375,0
IPW.US,D,20220705,000000,307.2,327.672,286.344,312,225.2825,0
IPW.US,D,20220706,000000,319.2,321.6,276,302.4,269.07875,0
IPW.US,D,20220707,000000,304.8,319.2,292.8,319.2,108.83325,0
IPW.US,D,20220708,000000,312,331.2,312,326.4,122.75825,0
IPW.US,D,20220711,000000,324,324.024,312.024,323.976,16.39575,0
IPW.US,D,20220712,000000,314.4,314.4,295.2,295.2,106.254125,0
IPW.US,D,20220713,000000,295.2,300,290.4,290.4,28.24575,0
IPW.US,D,20220714,000000,295.2,295.2,285.6,290.4,52.612375,0
IPW.US,D,20220715,000000,300,300,268.8,273.6,295.5325,0
IPW.US,D,20220718,000000,283.2,296.376,268.824,288,140.6325,0
IPW.US,D,20220719,000000,300,300,278.4,286.8,28.90825,0
IPW.US,D,20220720,000000,288.6,297.6,278.4,292.8,141.72375,0
IPW.US,D,20220721,000000,336,336,290.4,319.2,89.116625,0
IPW.US,D,20220722,000000,295.2,321.6,292.8,295.2,66.054125,0
IPW.US,D,20220725,000000,288,300,268.8,276,93.34575,0
IPW.US,D,20220726,000000,256.8,268.8,248.208,261.6,131.4825,0
IPW.US,D,20220727,000000,273.6,280.8,242.4,276,39.166625,0
IPW.US,D,20220728,000000,283.2,300,278.4,297.6,87.416625,0
IPW.US,D,20220729,000000,297.6,297.6,273.456,283.2,50.141625,0
IPW.US,D,20220801,000000,283.2,297.6,280.8,292.8,57.05825,0
IPW.US,D,20220802,000000,292.8,300,290.4,300,161.7325,0
IPW.US,D,20220803,000000,300,300,290.4,300,405.61125,0
IPW.US,D,20220804,000000,300,300,290.4,300,59.724875,0
IPW.US,D,20220805,000000,299.52,300,295.512,300,29.774875,0
IPW.US,D,20220808,000000,297.6,300,295.2,300,91.862375,0
IPW.US,D,20220809,000000,300,300,297.6,297.6,51.137375,0
IPW.US,D,20220810,000000,299.52,300,292.2,295.2,51.12075,0
IPW.US,D,20220811,000000,300,300,278.4,295.2,229.295,0
IPW.US,D,20220812,000000,290.4,295.2,285.6,285.6,62.699875,0
IPW.US,D,20220815,000000,278.4,326.4,271.2,276,1189.795,0
IPW.US,D,20220816,000000,276,285.6,264,271.2,272.09875,0
IPW.US,D,20220817,000000,285.6,285.6,268.8,273.6,91.574875,0
IPW.US,D,20220818,000000,278.424,288,273.6,288,137.09875,0
IPW.US,D,20220819,000000,276,287.976,258,259.2,336.46625,0
IPW.US,D,20220822,000000,266.4,268.8,254.4,254.4,110.82075,0
IPW.US,D,20220823,000000,252,258,252,254.4,93.23325,0
IPW.US,D,20220824,000000,266.4,273.6,252,256.8,317.895,0
IPW.US,D,20220825,000000,261.6,266.4,252,264,45.837375,0
IPW.US,D,20220826,000000,264,268.896,252,256.8,202.16625,0
IPW.US,D,20220829,000000,271.2,271.2,252,252,130.1075,0
IPW.US,D,20220830,000000,252,259.2,252,252,112.524875,0
IPW.US,D,20220831,000000,252,254.376,247.2,247.2,86.287375,0
IPW.US,D,20220901,000000,242.4,253.584,242.4,244.8,70.52075,0
IPW.US,D,20220902,000000,228,249.6,228,249.6,167.82,0
IPW.US,D,20220906,000000,259.2,259.2,240,242.4,77.129125,0
IPW.US,D,20220907,000000,261.6,261.6,232.8,240,54.466625,0
IPW.US,D,20220908,000000,240,259.2,232.8,239.304,124.80825,0
IPW.US,D,20220909,000000,244.152,259.2,239.304,254.4,144.8825,0
IPW.US,D,20220912,000000,256.8,285.6,252,268.8,143.75375,0
IPW.US,D,20220913,000000,259.2,266.4,242.4,249.6,83.504125,0
IPW.US,D,20220914,000000,242.4,252,230.4,232.8,117.374875,0
IPW.US,D,20220915,000000,223.2,251.376,220.8,225.768,190.53625,0
IPW.US,D,20220916,000000,268.8,268.8,216.72,216.72,565.5825,0
IPW.US,D,20220919,000000,216,228.12,206.424,219.048,132.09875,0
IPW.US,D,20220920,000000,211.488,229.704,204,206.448,257.23625,0
IPW.US,D,20220921,000000,212.376,216,199.704,202.344,265.05375,0
IPW.US,D,20220922,000000,199.2,199.392,189.6,191.28,238.08625,0
IPW.US,D,20220923,000000,191.28,204,190.8,203.976,136.07375,0
IPW.US,D,20220926,000000,206.4,239.808,206.04,220.488,296.82375,0
IPW.US,D,20220927,000000,239.976,254.4,220.8,246,395.39875,0
IPW.US,D,20220928,000000,225.6,225.6,180.024,192,600.6575,0
IPW.US,D,20220929,000000,199.2,199.2,168,168.024,264.2825,0
IPW.US,D,20220930,000000,169.416,174.816,161.016,161.016,76.766625,0
IPW.US,D,20221003,000000,169.44,171.816,148.728,166.632,84.974875,0
IPW.US,D,20221004,000000,166.488,187.992,160.152,174.048,116.72075,0
IPW.US,D,20221005,000000,168.912,175.2,168.912,172.848,60.199875,0
IPW.US,D,20221006,000000,177.576,186.48,168.552,177.6,36.562375,0
IPW.US,D,20221007,000000,194.64,196.8,166.032,166.032,218.295,0
IPW.US,D,20221010,000000,166.32,179.376,165.336,165.648,72.541625,0
IPW.US,D,20221011,000000,170.904,179.94,165.6,170.448,42.254125,0
IPW.US,D,20221012,000000,170.544,173.088,157.944,157.944,90.299875,0
IPW.US,D,20221013,000000,155.976,158.4,126.648,126.672,463.67875,0
IPW.US,D,20221014,000000,133.2,144,129.888,138.912,154.27,0
IPW.US,D,20221017,000000,134.976,160.8,134.976,156,128.71125,0
IPW.US,D,20221018,000000,160.8,163.2,147.694,156.984,59.279125,0
IPW.US,D,20221019,000000,158.4,175.2,158.4,164.376,85.74575,0
IPW.US,D,20221020,000000,175.2,175.2,144.024,144.024,38.366625,0
IPW.US,D,20221021,000000,139.2,147.6,133.464,141.072,78.929125,0
IPW.US,D,20221024,000000,148.104,148.128,134.4,144,287.54125,0
IPW.US,D,20221025,000000,141.6,162.456,141.6,156.048,139.77875,0
IPW.US,D,20221026,000000,146.4,153.6,139.2,139.2,183.04125,0
IPW.US,D,20221027,000000,145.44,149.88,135.768,146.88,175.66125,0
IPW.US,D,20221028,000000,146.4,163.176,141.6,143.472,59.437375,0
IPW.US,D,20221031,000000,141.6,160.8,141.6,147.024,50.08325,0
IPW.US,D,20221101,000000,163.944,163.944,148.344,148.344,100.654125,0
IPW.US,D,20221102,000000,152.472,160.752,144.24,150.432,48.412375,0
IPW.US,D,20221103,000000,145.44,155.952,145.44,153.6,38.104125,0
IPW.US,D,20221104,000000,148.8,168,148.8,154.248,96.34575,0
IPW.US,D,20221107,000000,154.248,168,148.848,148.848,23.262375,0
IPW.US,D,20221108,000000,148.8,152.424,138,138,232.945,0
IPW.US,D,20221109,000000,138,146.76,127.248,129.696,96.074875,0
IPW.US,D,20221110,000000,132.264,144.48,132.264,134.448,63.304125,0
IPW.US,D,20221111,000000,141.12,145.392,134.4,134.448,179.33625,0
IPW.US,D,20221114,000000,142.368,143.76,132,136.2,295.545,0
IPW.US,D,20221115,000000,88.8,139.2,86.4,107.976,1630.4625,0
IPW.US,D,20221116,000000,112.8,113.376,103.2,108,201.33625,0
IPW.US,D,20221117,000000,112.8,112.8,102.156,104.208,108.15825,0
IPW.US,D,20221118,000000,104.232,104.232,96,98.424,100.287375,0
IPW.US,D,20221121,000000,98.4,98.424,94.8,95.568,42.791625,0
IPW.US,D,20221122,000000,98.424,103.704,95.568,96.048,111.479125,0
IPW.US,D,20221123,000000,98.4,107.928,98.4,103.2,39.912375,0
IPW.US,D,20221125,000000,105.552,107.928,96.12,104.232,43.799875,0
IPW.US,D,20221128,000000,102.48,105.6,92.64,95.4,86.474875,0
IPW.US,D,20221129,000000,100.176,108.576,88.8,108.576,110.28325,0
IPW.US,D,20221130,000000,108.576,117.816,97.2,116.616,139.89125,0
IPW.US,D,20221201,000000,117.6,132,117.024,117.6,121.00825,0
IPW.US,D,20221202,000000,141.6,141.6,113.04,119.112,109.974875,0
IPW.US,D,20221205,000000,125.088,136.488,120,130.224,105.629125,0
IPW.US,D,20221206,000000,134.52,136.512,120.24,120.24,36.587375,0
IPW.US,D,20221207,000000,131.04,134.4,124.8,126,26.266625,0
IPW.US,D,20221208,000000,117.6,129.576,110.4,120.96,41.18325,0
IPW.US,D,20221209,000000,129.6,129.6,120.96,123.96,23.674875,0
IPW.US,D,20221212,000000,120,122.352,108.024,116.244,51.404125,0
IPW.US,D,20221213,000000,110.4,118.776,110.4,117.576,21.29575,0
IPW.US,D,20221214,000000,112.8,117.6,105.36,108,31.741625,0
IPW.US,D,20221215,000000,114.72,115.32,105.384,105.648,16.891625,0
IPW.US,D,20221216,000000,110.4,112.776,105.624,112.776,31.75825,0
IPW.US,D,20221219,000000,110.4,112.248,96,105.672,100.15825,0
IPW.US,D,20221220,000000,108.036,108.036,98.568,100.848,22.841625,0
IPW.US,D,20221221,000000,104.16,105.168,100.8,100.8,37.25825,0
IPW.US,D,20221222,000000,100.8,100.92,91.2,93.576,76.524875,0
IPW.US,D,20221223,000000,97.896,100.536,84,89.88,166.83625,0
IPW.US,D,20221227,000000,91.2,91.2,86.4,88.8,120.566625,0
IPW.US,D,20221228,000000,91.2,91.2,88.8,89.16,52.137375,0
IPW.US,D,20221229,000000,90.072,98.4,87.84,98.376,50.92075,0
IPW.US,D,20221230,000000,95.856,98.4,86.4,96,32.07075,0
IPW.US,D,20230103,000000,93.6,96.024,88.8,88.8,76.97075,0
IPW.US,D,20230104,000000,93.24,129.72,88.872,112.776,256.48625,0
IPW.US,D,20230105,000000,112.8,112.8,89.76,98.352,63.554125,0
IPW.US,D,20230106,000000,98.4,103.2,98.4,103.2,62.24575,0
IPW.US,D,20230109,000000,103.152,132,103.152,129.576,89.69575,0
IPW.US,D,20230110,000000,129.6,129.6,111.6,118.238,52.13325,0
IPW.US,D,20230111,000000,118.248,127.2,117.6,117.6,25.329125,0
IPW.US,D,20230112,000000,122.88,122.88,113.028,122.856,18.441625,0
IPW.US,D,20230113,000000,115.92,201.6,113.982,184.8,2655.1,0
IPW.US,D,20230117,000000,212.424,259.2,194.376,232.872,1229.43625,0
IPW.US,D,20230118,000000,240,254.4,184.8,204,417.7825,0
IPW.US,D,20230119,000000,200.664,240,191.688,192.48,208.12875,0
IPW.US,D,20230120,000000,194.4,201.648,160.776,180,188.99125,0
IPW.US,D,20230123,000000,177.024,199.2,177.024,192,37.949875,0
IPW.US,D,20230124,000000,179.52,204.96,179.52,184.824,81.441625,0
IPW.US,D,20230125,000000,213.96,276,192,252,1032.72375,0
IPW.US,D,20230126,000000,271.2,271.2,210.168,232.32,338.9075,0
IPW.US,D,20230127,000000,232.8,235.2,218.4,225.624,152.57375,0
IPW.US,D,20230130,000000,230.4,235.152,218.472,224.544,88.08325,0
IPW.US,D,20230131,000000,230.4,230.4,220.8,227.544,134.27,0
IPW.US,D,20230201,000000,232.8,232.8,218.4,218.64,53.741625,0
IPW.US,D,20230202,000000,228.24,232.152,216,220.776,178.87375,0
IPW.US,D,20230203,000000,216,224.4,206.4,208.848,118.879125,0
IPW.US,D,20230206,000000,206.4,232.8,206.4,226.152,92.29575,0
IPW.US,D,20230207,000000,217.2,232.416,204,204.024,81.47075,0
IPW.US,D,20230208,000000,213.6,221.328,209.28,221.328,22.04575,0
IPW.US,D,20230209,000000,224.04,226.272,214.56,214.56,22.27075,0
IPW.US,D,20230210,000000,214.56,222.178,196.704,217.296,31.987375,0
IPW.US,D,20230213,000000,206.592,220.8,204,205.2,65.337375,0
IPW.US,D,20230214,000000,208.896,223.2,204,221.686,113.149875,0
IPW.US,D,20230215,000000,223.2,223.2,160.8,183.6,639.995,0
IPW.US,D,20230216,000000,182.4,211.2,168.96,203.856,120.499875,0
IPW.US,D,20230217,000000,214.032,215.016,192,201.84,94.99575,0
IPW.US,D,20230221,000000,211.92,212.64,194.424,200.856,54.887375,0
IPW.US,D,20230222,000000,196.824,207.72,192.24,196.8,20.179125,0
IPW.US,D,20230223,000000,201.576,201.576,180,182.424,92.991625,0
IPW.US,D,20230224,000000,195.6,195.6,180,183.648,7.1499875,0
IPW.US,D,20230227,000000,189.6,189.6,168,172.8,46.78325,0
IPW.US,D,20230228,000000,177.6,177.6,168,172.8,61.266625,0
IPW.US,D,20230301,000000,177.36,177.6,172.8,174,18.466625,0
IPW.US,D,20230302,000000,170.52,178.248,170.328,177.6,28.549875,0
IPW.US,D,20230303,000000,177.6,183.6,177.6,177.6,32.33325,0
IPW.US,D,20230306,000000,182.4,182.4,177.6,177.612,22.004125,0
IPW.US,D,20230307,000000,177.6,180,172.92,173.136,30.83325,0
IPW.US,D,20230308,000000,177.84,179.784,170.4,175.224,13.674875,0
IPW.US,D,20230309,000000,180.12,180.408,172.8,172.848,51.92075,0
IPW.US,D,20230310,000000,170.4,179.04,170.4,171.216,12.458325,0
IPW.US,D,20230313,000000,179.76,179.76,160.824,169.584,47.83325,0
IPW.US,D,20230314,000000,171.6,189.6,169.584,169.584,22.562375,0
IPW.US,D,20230315,000000,189.6,189.6,166.824,166.92,17.604125,0
IPW.US,D,20230316,000000,189.36,189.36,127.2,158.64,79.804125,0
IPW.US,D,20230317,000000,149.88,177.6,149.88,172.8,35.316625,0
IPW.US,D,20230320,000000,154.56,184.8,153.624,165.6,98.862375,0
IPW.US,D,20230321,000000,157.464,170.784,157.464,161.04,23.04575,0
IPW.US,D,20230322,000000,153.672,158.832,148.8,158.832,44.429125,0
IPW.US,D,20230323,000000,182.4,182.4,148.8,151.44,40.604125,0
IPW.US,D,20230324,000000,162.24,162.24,149.376,157.8,21.187375,0
IPW.US,D,20230327,000000,165.672,165.672,144,144,17.404125,0
IPW.US,D,20230328,000000,146.16,146.16,130.848,134.4,99.237375,0
IPW.US,D,20230329,000000,140.4,140.4,134.64,136.8,18.679125,0
IPW.US,D,20230330,000000,134.4,135.024,127.2,129.624,34.19575,0
IPW.US,D,20230331,000000,122.496,129.576,120.96,128.64,14.416625,0
IPW.US,D,20230403,000000,132,165.624,132,153.6,85.054125,0
IPW.US,D,20230404,000000,161.472,163.416,153,153,32.83325,0
IPW.US,D,20230405,000000,155.52,162.408,155.52,162.408,15.05825,0
IPW.US,D,20230406,000000,151.2,162.648,139.44,144,23.649875,0
IPW.US,D,20230410,000000,139.2,145.2,139.2,145.2,10.070825,0
IPW.US,D,20230411,000000,139.2,148.8,139.2,146.376,26.37075,0
IPW.US,D,20230412,000000,146.4,148.08,139.2,141.516,10.145825,0
IPW.US,D,20230413,000000,148.56,148.8,148.56,148.728,16.679125,0
IPW.US,D,20230414,000000,148.8,148.8,139.2,148.8,13.662375,0
IPW.US,D,20230417,000000,139.2,148.8,139.2,139.812,17.149875,0
IPW.US,D,20230418,000000,139.2,148.8,132.84,139.896,37.749875,0
IPW.US,D,20230419,000000,141.96,141.96,139.2,139.212,20.599875,0
IPW.US,D,20230420,000000,139.2,144.312,139.2,143.976,36.679125,0
IPW.US,D,20230421,000000,141.6,141.6,127.2,127.224,56.512375,0
IPW.US,D,20230424,000000,133.632,141.6,127.224,127.224,14.279125,0
IPW.US,D,20230425,000000,120,131.52,120,123.36,31.30825,0
IPW.US,D,20230426,000000,123.312,124.8,120,120.6,15.99575,0
IPW.US,D,20230427,000000,126.624,148.8,126.222,131.616,61.12075,0
IPW.US,D,20230428,000000,120,134.4,120,129.6,22.049875,0
IPW.US,D,20230501,000000,128.64,128.808,110.64,110.64,64.17075,0
IPW.US,D,20230502,000000,112.8,121.2,110.4,110.424,16.74575,0
IPW.US,D,20230503,000000,115.944,116.159,100.848,105.624,79.762375,0
IPW.US,D,20230504,000000,116.16,117.84,105.648,117.84,14.129125,0
IPW.US,D,20230505,000000,120,132,119.28,132,12.899875,0
IPW.US,D,20230508,000000,138.6,146.376,125.064,137.904,15.27075,0
IPW.US,D,20230509,000000,144.792,144.792,135,139.176,7.2499875,0
IPW.US,D,20230510,000000,141.6,141.6,139.176,141.6,8.5541625,0
IPW.US,D,20230511,000000,141.6,141.6,132.192,141.576,18.724875,0
IPW.US,D,20230512,000000,141.192,148.8,141.192,148.8,35.49575,0
IPW.US,D,20230515,000000,153.6,163.2,153.6,160.8,44.83325,0
IPW.US,D,20230516,000000,156.408,156.408,148.8,156.408,21.904125,0
IPW.US,D,20230517,000000,151.812,159,144.024,153.6,29.33325,0
IPW.US,D,20230518,000000,153.6,153.6,149.52,153.6,4.795825,0
IPW.US,D,20230519,000000,153.6,153.6,144,144,47.98325,0
IPW.US,D,20230522,000000,108.264,132.12,108.264,131.76,84.899875,0
IPW.US,D,20230523,000000,132,132,120,120.048,44.599875,0
IPW.US,D,20230524,000000,112.848,132,112.848,129.6,45.504125,0
IPW.US,D,20230525,000000,129.6,129.6,120.216,126.336,16.404125,0
IPW.US,D,20230526,000000,150.96,151.2,127.68,144,63.379125,0
IPW.US,D,20230530,000000,152.448,152.448,128.664,140.736,80.79575,0
IPW.US,D,20230531,000000,134.16,163.2,129.25,141.6,50.25825,0
IPW.US,D,20230601,000000,144.024,163.2,144,163.2,109.88325,0
IPW.US,D,20230602,000000,163.2,168,158.4,165.6,67.74575,0
IPW.US,D,20230605,000000,184.8,213.6,176.352,200.4,288.8825,0
IPW.US,D,20230606,000000,200.376,200.376,182.544,188.28,24.174875,0
IPW.US,D,20230607,000000,197.688,209.592,187.2,198.576,108.366625,0
IPW.US,D,20230608,000000,199.2,199.2,188.304,189.768,35.937375,0
IPW.US,D,20230609,000000,199.248,213.6,193.224,201.6,165.77875,0
IPW.US,D,20230612,000000,204,283.2,203.736,264,1410.8875,0
IPW.US,D,20230613,000000,280.8,283.176,248.4,264,373.87875,0
IPW.US,D,20230614,000000,266.4,268.824,249.6,259.2,143.8075,0
IPW.US,D,20230615,000000,256.8,256.8,244.8,254.4,96.862375,0
IPW.US,D,20230616,000000,254.4,336,242.4,336,539.42,0
IPW.US,D,20230620,000000,324,324,291.144,300,266.57375,0
IPW.US,D,20230621,000000,321.6,333.6,307.2,333.6,258.99875,0
IPW.US,D,20230622,000000,348,348,316.8,328.8,210.80375,0
IPW.US,D,20230623,000000,333.6,336,312,314.4,203.7075,0
IPW.US,D,20230626,000000,291.312,309.6,288,288,135.62875,0
IPW.US,D,20230627,000000,300,309.576,290.4,290.4,83.566625,0
IPW.US,D,20230628,000000,292.8,300,240,242.4,350.27375,0
IPW.US,D,20230629,000000,237.312,276,237.312,261.6,330.21125,0
IPW.US,D,20230630,000000,285.6,298.2,244.8,264,104.841625,0
IPW.US,D,20230703,000000,309.6,309.6,276,288,124.954125,0
IPW.US,D,20230705,000000,297.6,321.6,290.4,307.2,257.5075,0
IPW.US,D,20230706,000000,300,309.576,280.8,300,63.82075,0
IPW.US,D,20230707,000000,302.4,316.8,290.4,312,138.67,0
IPW.US,D,20230710,000000,312,336,290.4,324,76.062375,0
IPW.US,D,20230711,000000,314.4,333.6,297.624,304.8,70.391625,0
IPW.US,D,20230712,000000,307.2,328.8,264,300,82.924875,0
IPW.US,D,20230713,000000,322.8,322.8,237.6,237.6,880.31125,0
IPW.US,D,20230714,000000,220.8,237.6,220.8,230.472,286.92875,0
IPW.US,D,20230717,000000,220.344,231.36,199.2,199.2,247.39875,0
IPW.US,D,20230718,000000,197.304,207.6,194.4,205.44,74.50825,0
IPW.US,D,20230719,000000,199.44,215.846,194.64,208.8,215.57,0
IPW.US,D,20230720,000000,208.8,215.304,198.72,207.936,42.92075,0
IPW.US,D,20230721,000000,204,214.56,198.24,198.24,74.841625,0
IPW.US,D,20230724,000000,194.4,213.144,194.4,206.4,52.224875,0
IPW.US,D,20230725,000000,205.92,206.4,197.928,198.24,32.72075,0
IPW.US,D,20230726,000000,199.056,205.92,199.056,204,14.366625,0
IPW.US,D,20230727,000000,192.504,205.92,192,205.92,50.649875,0
IPW.US,D,20230728,000000,204.24,205.896,192,205.896,123.99575,0
IPW.US,D,20230731,000000,204,205.92,201.144,201.384,34.324875,0
IPW.US,D,20230801,000000,194.4,204,194.4,204,30.12075,0
IPW.US,D,20230802,000000,195.36,203.88,192,201.6,13.674875,0
IPW.US,D,20230803,000000,198.12,203.256,198.12,203.256,13.92075,0
IPW.US,D,20230804,000000,204,204,193.2,193.2,18.916625,0
IPW.US,D,20230807,000000,197.28,197.28,172.824,179.76,90.58325,0
IPW.US,D,20230808,000000,170.424,178.44,170.4,178.44,42.412375,0
IPW.US,D,20230809,000000,190.488,199.2,178.488,180,58.47075,0
IPW.US,D,20230810,000000,189,189,170.424,170.448,76.704125,0
IPW.US,D,20230811,000000,171.6,182.16,170.4,182.16,19.699875,0
IPW.US,D,20230814,000000,180,181.176,175.2,175.2,21.287375,0
IPW.US,D,20230815,000000,175.2,194.4,170.4,192.72,40.104125,0
IPW.US,D,20230816,000000,194.4,194.4,172.224,172.8,44.50825,0
IPW.US,D,20230817,000000,181.44,186.72,180,180,15.20825,0
IPW.US,D,20230818,000000,180,197.28,176.616,197.28,85.45825,0
IPW.US,D,20230821,000000,191.64,197.28,186,186.024,14.741625,0
IPW.US,D,20230822,000000,181.68,184.8,179.904,179.904,12.0624875,0
IPW.US,D,20230823,000000,175.2,191.136,170.424,177.48,8.6291625,0
IPW.US,D,20230824,000000,180.648,194.4,180,191.76,94.849875,0
IPW.US,D,20230825,000000,189.6,189.6,177.6,177.6,12.749875,0
IPW.US,D,20230828,000000,186.48,189.54,168,169.176,155.5575,0
IPW.US,D,20230829,000000,183.12,183.12,169.176,169.2,9.0166625,0
IPW.US,D,20230830,000000,170.4,180.12,170.4,180,6.1499875,0
IPW.US,D,20230831,000000,180,188.376,156,176.4,58.95825,0
IPW.US,D,20230901,000000,176.4,176.4,158.722,167.208,19.274875,0
IPW.US,D,20230905,000000,162.48,204,162.48,177.6,85.266625,0
IPW.US,D,20230906,000000,185.4,201.6,168.024,178.824,3.6124875,0
IPW.US,D,20230907,000000,172.248,180.96,170.424,170.88,10.6499875,0
IPW.US,D,20230908,000000,181.08,189.12,173.064,187.2,15.579125,0
IPW.US,D,20230911,000000,192,194.4,173.328,173.328,164.2825,0
IPW.US,D,20230912,000000,172.824,189.84,165,166.8,42.412375,0
IPW.US,D,20230913,000000,168,204,144.024,168.48,128.14125,0
IPW.US,D,20230914,000000,183.672,192.84,176.904,184.8,77.95825,0
IPW.US,D,20230915,000000,184.8,211.2,144,211.2,185.645,0
IPW.US,D,20230918,000000,208.8,208.8,164.52,192,36.18325,0
IPW.US,D,20230919,000000,187.68,192,175.68,192,15.679125,0
IPW.US,D,20230920,000000,192,193.206,178.92,184.8,28.612375,0
IPW.US,D,20230921,000000,154.368,186.96,154.368,175.2,51.516625,0
IPW.US,D,20230922,000000,163.2,179.868,153.624,168.024,36.679125,0
IPW.US,D,20230925,000000,172.8,187.2,165.6,175.2,22.666625,0
IPW.US,D,20230926,000000,175.2,187.2,166.032,170.592,12.587375,0
IPW.US,D,20230927,000000,165.6,184.8,165.6,179.976,16.537375,0
IPW.US,D,20230928,000000,184.8,187.2,168.024,170.328,36.937375,0
IPW.US,D,20230929,000000,175.92,175.92,169.104,172.872,10.658325,0
IPW.US,D,20231002,000000,160.056,182.4,160.056,165.624,25.616625,0
IPW.US,D,20231003,000000,166.32,168,166.08,168,12.4374875,0
IPW.US,D,20231004,000000,151.2,208.8,151.2,185.64,93.499875,0
IPW.US,D,20231005,000000,194.904,204.48,127.152,151.224,238.345,0
IPW.US,D,20231006,000000,158.784,158.784,118.008,144.024,170.11625,0
IPW.US,D,20231009,000000,137.064,146.88,126.648,127.2,51.774875,0
IPW.US,D,20231010,000000,134.88,134.88,112.8,129.576,73.224875,0
IPW.US,D,20231011,000000,136.488,136.488,120.24,120.24,12.3416625,0
IPW.US,D,20231012,000000,115.2,123.528,115.2,123.528,37.991625,0
IPW.US,D,20231013,000000,124.8,126.48,115.2,115.2,27.662375,0
IPW.US,D,20231016,000000,120,120,115.2,115.248,30.137375,0
IPW.US,D,20231017,000000,110.88,140.808,110.88,124.32,82.879125,0
IPW.US,D,20231018,000000,120.144,136.128,120,121.176,29.579125,0
IPW.US,D,20231019,000000,120.72,129.144,120.576,120.576,5.9041625,0
IPW.US,D,20231020,000000,121.224,124.8,121.224,121.224,4.733325,0
IPW.US,D,20231023,000000,120.96,120.96,110.4,110.4,30.691625,0
IPW.US,D,20231024,000000,115.944,117,115.944,117,2.3124875,0
IPW.US,D,20231025,000000,113.592,122.16,113.4,117.9,28.591625,0
IPW.US,D,20231026,000000,116.4,116.4,113.64,113.664,44.229125,0
IPW.US,D,20231027,000000,115.57,116.856,112.8,116.856,25.774875,0
IPW.US,D,20231030,000000,116.16,116.16,112.8,112.8,6.2416625,0
IPW.US,D,20231031,000000,112.8,112.8,112.8,112.8,4.558325,0
IPW.US,D,20231101,000000,113.76,118.56,112.8,112.8,10.508325,0
IPW.US,D,20231102,000000,121.62,127.2,118.464,127.2,33.279125,0
IPW.US,D,20231103,000000,125.76,144,120.024,132.024,152.11625,0
IPW.US,D,20231106,000000,138.6,150,121.968,121.968,17.916625,0
IPW.US,D,20231107,000000,135.6,149.4,135.6,146.4,13.841625,0
IPW.US,D,20231108,000000,143.04,144.48,131.154,144.48,13.72075,0
IPW.US,D,20231109,000000,144,165.6,144,162.936,52.09575,0
IPW.US,D,20231110,000000,156,168,147.6,147.624,14.954125,0
IPW.US,D,20231113,000000,153.6,153.6,144,151.68,13.941625,0
IPW.US,D,20231114,000000,144,148.8,124.824,148.104,79.737375,0
IPW.US,D,20231115,000000,136.8,140.424,124.824,134.4,41.999875,0
IPW.US,D,20231116,000000,134.4,134.424,124.8,125.424,17.116625,0
IPW.US,D,20231117,000000,127.2,156,127.2,128.4,25.899875,0
IPW.US,D,20231120,000000,132.24,132.24,129.6,129.84,16.837375,0
IPW.US,D,20231121,000000,129.6,138.624,129.6,138.624,20.354125,0
IPW.US,D,20231122,000000,144,144,136.848,136.848,5.6916625,0
IPW.US,D,20231124,000000,134.4,134.4,134.4,134.4,24.95825,0
IPW.US,D,20231127,000000,133.32,148.8,133.32,138.24,21.54575,0
IPW.US,D,20231128,000000,134.4,139.2,134.4,139.2,7.183325,0
IPW.US,D,20231129,000000,141.84,141.84,132.96,132.96,15.69575,0
IPW.US,D,20231130,000000,139.2,148.8,139.2,145.2,17.60825,0
IPW.US,D,20231201,000000,145.44,148.8,129.6,146.328,35.416625,0
IPW.US,D,20231204,000000,132,143.496,132,135.456,56.062375,0
IPW.US,D,20231205,000000,132,141.6,132,134.4,24.341625,0
IPW.US,D,20231206,000000,134.376,135.096,134.376,135.096,20.854125,0
IPW.US,D,20231207,000000,136.32,141.6,132,133.92,24.616625,0
IPW.US,D,20231208,000000,132,132.984,132,132.024,11.683325,0
IPW.US,D,20231211,000000,132,136.008,120,124.8,75.737375,0
IPW.US,D,20231212,000000,121.056,122.424,120,120,42.604125,0
IPW.US,D,20231213,000000,122.4,124.8,117.672,124.8,36.954125,0
IPW.US,D,20231214,000000,108,127.2,108,124.104,43.57075,0
IPW.US,D,20231215,000000,130.296,130.296,112.8,120,21.416625,0
IPW.US,D,20231218,000000,129.6,129.6,118.32,120.48,72.504125,0
IPW.US,D,20231219,000000,122.4,122.4,120,120.696,12.0249875,0
IPW.US,D,20231220,000000,124.8,124.8,117.6,121.92,36.52075,0
IPW.US,D,20231221,000000,122.4,123.6,111.226,121.896,18.08325,0
IPW.US,D,20231222,000000,108.072,120.96,108.072,120,36.312375,0
IPW.US,D,20231226,000000,120,122.4,119.76,120,68.179125,0
IPW.US,D,20231227,000000,117.6,120,108,108.024,70.42075,0
IPW.US,D,20231228,000000,113.424,119.88,108,108,392.28625,0
IPW.US,D,20231229,000000,117.6,117.6,108,108,36.249875,0
IPW.US,D,20240102,000000,108,113.88,108,112.824,22.074875,0
IPW.US,D,20240103,000000,113.328,113.328,103.2,111,34.14575,0
IPW.US,D,20240104,000000,112.8,112.8,108.384,111.432,11.6374875,0
IPW.US,D,20240105,000000,111.792,120,111.792,112.272,7.3166625,0
IPW.US,D,20240108,000000,115.608,160.32,112.272,154.8,878.29875,0
IPW.US,D,20240109,000000,136.8,160.8,136.8,149.52,126.0825,0
IPW.US,D,20240110,000000,154.248,158.4,144,157.68,123.091625,0
IPW.US,D,20240111,000000,160.776,160.776,144,146.4,29.78325,0
IPW.US,D,20240112,000000,146.4,153.6,141.6,153.36,69.187375,0
IPW.US,D,20240116,000000,151.824,151.824,141.6,148.704,25.387375,0
IPW.US,D,20240117,000000,142.488,148.8,132,140.568,19.92075,0
IPW.US,D,20240118,000000,127.2,139.2,127.2,133.2,28.037375,0
IPW.US,D,20240119,000000,129.312,132,127.2,127.2,24.29575,0
IPW.US,D,20240122,000000,124.8,129.84,122.4,127.2,42.79575,0
IPW.US,D,20240123,000000,123.432,134.4,123.432,129.84,20.337375,0
IPW.US,D,20240124,000000,136.8,136.8,120,132,42.654125,0
IPW.US,D,20240125,000000,122.472,132,122.448,132,8.4374875,0
IPW.US,D,20240126,000000,126.72,126.72,110.4,125.904,93.387375,0
IPW.US,D,20240129,000000,124.8,124.824,117.408,117.6,17.224875,0
IPW.US,D,20240130,000000,122.4,141.6,122.4,128.88,30.741625,0
IPW.US,D,20240131,000000,141.6,141.6,129.6,136.44,34.404125,0
IPW.US,D,20240201,000000,131.016,133.57,127.2,127.272,30.999875,0
IPW.US,D,20240202,000000,124.512,129.598,124.512,129.36,51.416625,0
IPW.US,D,20240205,000000,129.6,129.6,127.2,129.36,27.67075,0
IPW.US,D,20240206,000000,133.92,141.6,128.424,136.32,33.404125,0
IPW.US,D,20240207,000000,144,144,127.2,132,57.387375,0
IPW.US,D,20240208,000000,124.8,135.6,124.8,134.4,42.304125,0
IPW.US,D,20240209,000000,141.6,141.6,132,141.36,36.14575,0
IPW.US,D,20240212,000000,142.728,148.08,141.6,141.6,67.87075,0
IPW.US,D,20240213,000000,141.84,144,141.6,141.6,13.549875,0
IPW.US,D,20240214,000000,148.68,180,141.6,177.6,230.09125,0
IPW.US,D,20240215,000000,177.576,177.576,158.4,158.4,122.787375,0
IPW.US,D,20240216,000000,158.4,180,158.4,168.48,74.95825,0
IPW.US,D,20240220,000000,186.432,192,165.6,165.6,298.92875,0
IPW.US,D,20240221,000000,177.6,185.208,176.4,177.72,81.104125,0
IPW.US,D,20240222,000000,192,198,177.36,177.6,140.17875,0
IPW.US,D,20240223,000000,178.8,178.8,169.248,169.248,16.45825,0
IPW.US,D,20240226,000000,168.216,174,154.8,154.8,57.88325,0
IPW.US,D,20240227,000000,157.2,163.68,155.04,162.552,27.35825,0
IPW.US,D,20240228,000000,162.72,189.6,162.72,180,85.49575,0
IPW.US,D,20240229,000000,175.2,192,175.2,178.008,15.854125,0
IPW.US,D,20240301,000000,175.922,186.96,172.8,172.8,15.304125,0
IPW.US,D,20240304,000000,176.4,176.4,161.04,166.968,14.224875,0
IPW.US,D,20240305,000000,162,176.232,162,167.28,127.99125,0
IPW.US,D,20240306,000000,180,180,154.8,154.8,129.94125,0
IPW.US,D,20240307,000000,154.8,182.4,154.8,168,98.249875,0
IPW.US,D,20240308,000000,168,171.36,163.2,163.44,16.041625,0
IPW.US,D,20240311,000000,177.6,177.6,165.84,166.08,43.349875,0
IPW.US,D,20240312,000000,166.224,166.8,157.8,158.472,49.424875,0
IPW.US,D,20240313,000000,166.836,169.198,158.4,160.08,46.129125,0
IPW.US,D,20240314,000000,153.6,156.768,147.84,156.768,70.387375,0
IPW.US,D,20240315,000000,155.04,155.04,147.84,149.04,26.987375,0
IPW.US,D,20240318,000000,152.4,155.04,147.84,148.824,38.512375,0
IPW.US,D,20240319,000000,144.24,151.92,120,133.92,134.47,0
IPW.US,D,20240320,000000,144,144,120,134.4,23.40825,0
IPW.US,D,20240321,000000,129.6,132,120,122.4,183.76125,0
IPW.US,D,20240322,000000,120,123.144,120,122.232,61.799875,0
IPW.US,D,20240325,000000,122.4,132.528,120,124.32,93.204125,0
IPW.US,D,20240326,000000,132,139.968,124.56,138,14.937375,0
IPW.US,D,20240327,000000,136.8,136.824,126,136.8,31.14575,0
IPW.US,D,20240328,000000,127.44,138,127.2,127.248,25.616625,0
IPW.US,D,20240401,000000,130.2,130.2,124.56,124.56,19.04575,0
IPW.US,D,20240402,000000,127.44,127.44,117.6,124.32,106.55825,0
IPW.US,D,20240403,000000,117.6,127.92,108,115.2,310.32,0
IPW.US,D,20240404,000000,120.912,120.912,112.8,117.6,45.516625,0
IPW.US,D,20240405,000000,113.04,119.76,105.6,105.6,104.54575,0
IPW.US,D,20240408,000000,120,131.544,110.424,122.376,75.829125,0
IPW.US,D,20240409,000000,124.08,124.08,115.2,115.374,22.74575,0
IPW.US,D,20240410,000000,114.48,122.4,110.4,118.8,24.712375,0
IPW.US,D,20240411,000000,120.72,122.376,105.6,113.688,65.08325,0
IPW.US,D,20240412,000000,115.104,115.104,112.8,112.992,22.92075,0
IPW.US,D,20240415,000000,113.664,118.44,105.6,113.304,13.004125,0
IPW.US,D,20240416,000000,115.2,120,108.24,120,70.08325,0
IPW.US,D,20240417,000000,119.76,119.76,100.8,108,218.2325,0
IPW.US,D,20240418,000000,101.76,108,96,96.12,202.2325,0
IPW.US,D,20240419,000000,96.12,100.08,96,96,121.42075,0
IPW.US,D,20240422,000000,100.08,107.88,96,105.6,117.504125,0
IPW.US,D,20240423,000000,108,117.6,100.608,108.432,124.42075,0
IPW.US,D,20240424,000000,113.832,120,99.864,112.44,241.2325,0
IPW.US,D,20240425,000000,108.48,112.8,108.48,110.4,31.749875,0
IPW.US,D,20240426,000000,110.4,110.4,105.6,109.8,186.57375,0
IPW.US,D,20240429,000000,110.4,117.576,110.4,111.624,76.68325,0
IPW.US,D,20240430,000000,111.6,139.2,111.6,128.952,205.95375,0
IPW.US,D,20240501,000000,134.4,136.8,124.8,136.8,23.166625,0
IPW.US,D,20240502,000000,136.8,136.8,124.8,126,11.570825,0
IPW.US,D,20240503,000000,122.4,136.08,122.4,127.2,31.537375,0
IPW.US,D,20240506,000000,132,135.18,124.8,124.8,50.829125,0
IPW.US,D,20240507,000000,121.92,131.64,121.92,128.88,98.479125,0
IPW.US,D,20240508,000000,128.88,141.6,128.88,141,93.254125,0
IPW.US,D,20240509,000000,141.576,154.8,139.2,146.28,53.479125,0
IPW.US,D,20240510,000000,148.176,160.8,148.176,158.04,104.354125,0
IPW.US,D,20240513,000000,155.208,176.328,155.208,168,145.095,0
IPW.US,D,20240514,000000,172.8,218.4,168,212.08,1217.295,0
IPW.US,D,20240515,000000,256.8,381.6,256.8,302.4,37396.125,0
IPW.US,D,20240516,000000,304.8,376.8,276,350.4,6848.025,0
IPW.US,D,20240517,000000,372,835.2,364.8,693.6,46061.5,0
IPW.US,D,20240520,000000,703.2,715.2,484.8,492,9046.75,0
IPW.US,D,20240521,000000,470.4,484.008,302.4,379.2,6767.725,0
IPW.US,D,20240522,000000,379.2,379.2,324.024,336,2025.8625,0
IPW.US,D,20240523,000000,312,420,312,357.6,2554.8375,0
IPW.US,D,20240524,000000,384,494.4,377.904,487.2,5860.825,0
IPW.US,D,20240528,000000,559.2,640.8,492,501.6,7414.725,0
IPW.US,D,20240529,000000,489.6,576,452.784,556.8,2746.2875,0
IPW.US,D,20240530,000000,525.6,619.2,525.6,571.2,2270.7875,0
IPW.US,D,20240531,000000,576,600,540,559.2,1712.8125,0
IPW.US,D,20240603,000000,559.2,715.2,554.4,669.6,5163.95,0
IPW.US,D,20240604,000000,660,691.2,600,612,1686.6,0
IPW.US,D,20240605,000000,607.2,635.904,564,571.2,939.05375,0
IPW.US,D,20240606,000000,571.2,591.6,502.704,511.2,4781.5375,0
IPW.US,D,20240607,000000,516,592.8,506.4,588,2320.0875,0
IPW.US,D,20240610,000000,597.6,660,590.4,624,2566.1,0
IPW.US,D,20240611,000000,619.2,648,578.4,633.6,1012.64125,0
IPW.US,D,20240612,000000,612,743.76,592.8,604.8,2942.625,0
IPW.US,D,20240613,000000,628.8,823.2,616.92,739.2,5767.1,0
IPW.US,D,20240614,000000,782.4,876,672.6,792,4776.1875,0
IPW.US,D,20240617,000000,597.6,624,444,501.6,6244.1125,0
IPW.US,D,20240618,000000,530.4,585.6,460.8,480,3865.3625,0
IPW.US,D,20240620,000000,482.4,513.192,420,444,2096.2375,0
IPW.US,D,20240621,000000,439.2,449.352,415.68,439.2,1227.73625,0
IPW.US,D,20240624,000000,422.4,480,396,446.4,1490.75,0
IPW.US,D,20240625,000000,463.2,482.4,410.4,417.6,1920.175,0
IPW.US,D,20240626,000000,432,436.8,400.8,410.4,850.89125,0
IPW.US,D,20240627,000000,417.6,456,410.424,446.4,715.07,0
IPW.US,D,20240628,000000,456,501.6,446.4,499.2,925.0075,0
IPW.US,D,20240701,000000,494.4,501.6,446.4,457.2,1411.5125,0
IPW.US,D,20240702,000000,465.6,466.224,408,424.8,1062.56125,0
IPW.US,D,20240703,000000,420,453.6,417.6,441.6,539.87875,0
IPW.US,D,20240705,000000,436.8,451.2,415.2,434.4,522.42,0
IPW.US,D,20240708,000000,422.4,435.048,403.2,422.4,936.04875,0
IPW.US,D,20240709,000000,417.6,427.2,393.6,403.2,906.17875,0
IPW.US,D,20240710,000000,386.4,420,384,400.8,842.35375,0
IPW.US,D,20240711,000000,393.6,420,389.112,417.6,820.2575,0
IPW.US,D,20240712,000000,429.6,456,410.424,439.2,1270.5125,0
IPW.US,D,20240715,000000,436.8,439.2,406.8,439.2,889.48625,0
IPW.US,D,20240716,000000,453.6,497.496,422.4,472.8,1776.0625,0
IPW.US,D,20240717,000000,480,480,429.6,432,626.19875,0
IPW.US,D,20240718,000000,432,439.2,410.4,429.6,738.17375,0
IPW.US,D,20240719,000000,427.2,430.32,405.624,415.2,391.51125,0
IPW.US,D,20240722,000000,422.4,439.2,403.2,417.6,969.42875,0
IPW.US,D,20240723,000000,420,441.6,400.8,436.8,654.58625,0
IPW.US,D,20240724,000000,427.2,441.6,408,415.2,259.34875,0
IPW.US,D,20240725,000000,412.8,421.2,388.8,388.8,451.02875,0
IPW.US,D,20240726,000000,410.4,420,388.8,398.4,457.44875,0
IPW.US,D,20240729,000000,398.4,411.6,367.2,367.2,866.06125,0
IPW.US,D,20240730,000000,398.4,405.6,362.4,376.8,517.4825,0
IPW.US,D,20240731,000000,379.2,403.2,367.2,398.4,496.6575,0
IPW.US,D,20240801,000000,405.6,417.6,384,388.8,396.87,0
IPW.US,D,20240802,000000,388.8,388.8,336,357.6,1253.9,0
IPW.US,D,20240805,000000,350.4,350.4,297.6,328.8,922.85375,0
IPW.US,D,20240806,000000,321.6,348,314.4,338.4,741.28625,0
IPW.US,D,20240807,000000,326.4,343.2,324.12,326.4,803.24875,0
IPW.US,D,20240808,000000,314.4,327.6,302.4,302.4,572.37875,0
IPW.US,D,20240809,000000,300,309.6,297.6,302.4,319.17,0
IPW.US,D,20240812,000000,321.6,331.2,301.368,326.4,422.33625,0
IPW.US,D,20240813,000000,331.2,340.8,323.616,336,313.945,0
IPW.US,D,20240814,000000,336,340.8,316.8,331.2,242.65375,0
IPW.US,D,20240815,000000,319.2,343.2,319.2,331.2,461.345,0
IPW.US,D,20240816,000000,333.6,343.2,319.2,333.6,447.32375,0
IPW.US,D,20240819,000000,333.6,345.6,319.2,328.8,508.45375,0
IPW.US,D,20240820,000000,336,348,336,343.2,251.54875,0
IPW.US,D,20240821,000000,348,360,338.4,360,313.9325,0
IPW.US,D,20240822,000000,360,367.2,348,367.2,285.31125,0
IPW.US,D,20240823,000000,367.2,379.2,360,374.4,269.495,0
IPW.US,D,20240826,000000,381.6,388.8,348,352.8,734.6325,0
IPW.US,D,20240827,000000,348,357.576,324,338.4,577.37,0
IPW.US,D,20240828,000000,328.8,332.4,288,319.2,740.96125,0
IPW.US,D,20240829,000000,331.2,331.2,309.6,312,277.02,0
IPW.US,D,20240830,000000,314.4,324,304.8,309.6,298.78625,0
IPW.US,D,20240903,000000,336,336,297.6,302.4,551.61125,0
IPW.US,D,20240904,000000,309.6,309.6,280.8,290.4,559.845,0
IPW.US,D,20240905,000000,295.2,295.2,276,276,235.67,0
IPW.US,D,20240906,000000,278.4,314.28,278.4,304.8,682.71625,0
IPW.US,D,20240909,000000,304.8,304.8,278.4,283.2,402.59875,0
IPW.US,D,20240910,000000,285.6,300,276,292.8,338.47375,0
IPW.US,D,20240911,000000,288,316.8,283.2,314.4,411.44125,0
IPW.US,D,20240912,000000,307.2,331.2,302.4,309.6,345.79875,0
IPW.US,D,20240913,000000,302.4,360,302.4,345.6,472.77,0
IPW.US,D,20240916,000000,355.2,415.2,333.6,388.8,2210.8625,0
IPW.US,D,20240917,000000,400.8,451.2,384,415.2,2432.325,0
IPW.US,D,20240918,000000,420,494.376,302.4,348,6271.675,0
IPW.US,D,20240919,000000,369.6,396,355.2,388.8,2198.775,0
IPW.US,D,20240920,000000,276,371.976,276,307.2,2053.9,0
IPW.US,D,20240923,000000,338.4,403.2,326.4,357.6,3424.825,0
IPW.US,D,20240924,000000,357.6,371.28,333.6,338.4,1051.19125,0
IPW.US,D,20240925,000000,364.8,415.224,345.6,398.4,2358.6875,0
IPW.US,D,20240926,000000,391.2,398.4,384,393.6,930.79875,0
IPW.US,D,20240927,000000,410.4,480,386.4,441.6,3742.2,0
IPW.US,D,20240930,000000,439.2,439.2,403.2,434.4,2628.1,0
IPW.US,D,20241001,000000,434.4,523.2,434.4,494.4,4940.5,0
IPW.US,D,20241002,000000,477.6,566.4,475.2,516,4094.5375,0
IPW.US,D,20241003,000000,508.8,549.6,484.848,499.2,2224.625,0
IPW.US,D,20241004,000000,499.2,520.8,396,403.2,5521.95,0
IPW.US,D,20241007,000000,432,432,391.2,392.4,2540.4125,0
IPW.US,D,20241008,000000,393.6,405.6,374.4,393.6,1459.175,0
IPW.US,D,20241009,000000,396,396,372,386.4,1833.2125,0
IPW.US,D,20241010,000000,388.8,388.8,355.2,364.8,1175.19125,0
IPW.US,D,20241011,000000,374.4,391.2,367.2,381.6,1251.2,0
IPW.US,D,20241014,000000,398.4,492,396,484.8,6135.925,0
IPW.US,D,20241015,000000,480,480,436.8,451.2,1862.7375,0
IPW.US,D,20241016,000000,439.2,458.4,432,436.8,1283.3375,0
IPW.US,D,20241017,000000,434.4,446.4,408,415.2,1354.175,0
IPW.US,D,20241018,000000,415.2,420,364.8,374.4,3190.0125,0
IPW.US,D,20241021,000000,374.4,388.8,360,369.6,1274.3625,0
IPW.US,D,20241022,000000,364.8,374.4,362.4,364.8,651.04125,0
IPW.US,D,20241023,000000,360,369.6,343.2,360,1116.69125,0
IPW.US,D,20241024,000000,364.8,364.8,350.4,360,501.14875,0
IPW.US,D,20241025,000000,352.8,369.6,348.024,355.2,730.11125,0
IPW.US,D,20241028,000000,360,388.656,360,364.8,1451.5375,0
IPW.US,D,20241029,000000,352.8,369.6,350.4,362.4,881.71625,0
IPW.US,D,20241030,000000,367.2,367.2,355.296,360,238.52875,0
IPW.US,D,20241031,000000,360,360,331.2,333.6,970.44125,0
IPW.US,D,20241101,000000,336,350.4,333.048,343.2,862.9325,0
IPW.US,D,20241104,000000,343.2,359.592,333.6,345.6,1070.87875,0
IPW.US,D,20241105,000000,348,355.2,338.4,338.4,509.91625,0
IPW.US,D,20241106,000000,340.8,351.048,331.2,336,602.7075,0
IPW.US,D,20241107,000000,336,336,307.2,316.8,1202.59125,0
IPW.US,D,20241108,000000,345.6,345.6,312,316.8,686.77875,0
IPW.US,D,20241111,000000,312,350.4,292.8,336,2987.45,0
IPW.US,D,20241112,000000,333.6,333.6,300,307.2,1154.29125,0
IPW.US,D,20241113,000000,295.2,326.4,295.2,319.2,1289.725,0
IPW.US,D,20241114,000000,331.2,331.2,283.2,288,1799.775,0
IPW.US,D,20241115,000000,208.8,221.112,171,172.8,4809.075,0
IPW.US,D,20241118,000000,175.2,187.2,142.104,146.4,2370.175,0
IPW.US,D,20241119,000000,146.424,172.368,146.424,165.6,1213.92375,0
IPW.US,D,20241120,000000,168,173.28,132.456,151.2,2750.35,0
IPW.US,D,20241121,000000,148.8,175.2,146.4,165.6,1437.9125,0
IPW.US,D,20241122,000000,170.4,172.8,163.2,168.12,702.76625,0
IPW.US,D,20241125,000000,168,168.264,154.344,162.984,1135.78625,0
IPW.US,D,20241126,000000,165.6,170.328,156,161.088,723.69125,0
IPW.US,D,20241127,000000,161.232,196.512,161.088,189.816,2105.45,0
IPW.US,D,20241129,000000,196.8,196.848,191.52,196.8,744.17375,0
IPW.US,D,20241202,000000,194.4,210.96,192.24,194.4,974.96125,0
IPW.US,D,20241203,000000,192.552,206.376,187.44,201.12,990.16125,0
IPW.US,D,20241204,000000,203.592,204,180.24,194.4,1027.11625,0
IPW.US,D,20241205,000000,194.736,196.8,187.2,190.728,337.42875,0
IPW.US,D,20241206,000000,189.6,192,177.672,180.264,500.74125,0
IPW.US,D,20241209,000000,189.264,242.832,179.28,223.968,1538.45,0
IPW.US,D,20241210,000000,237.6,264,201.6,242.4,1593.4375,0
IPW.US,D,20241211,000000,249.6,259.2,204,218.664,1177.27,0
IPW.US,D,20241212,000000,218.4,230.4,218.4,223.104,271.19875,0
IPW.US,D,20241213,000000,235.2,244.8,211.968,242.4,895.19125,0
IPW.US,D,20241216,000000,242.4,242.4,216,225.168,343.29875,0
IPW.US,D,20241217,000000,224.328,228,223.2,225.192,248.47375,0
IPW.US,D,20241218,000000,225.6,225.6,187.2,192.504,563.82875,0
IPW.US,D,20241219,000000,192,212.976,192,206.376,185.52375,0
IPW.US,D,20241220,000000,216.672,219.6,191.76,205.92,424.5325,0
IPW.US,D,20241223,000000,206.4,206.4,199.2,199.2,135.49875,0
IPW.US,D,20241224,000000,204,204,187.2,196.296,88.45825,0
IPW.US,D,20241226,000000,204,204.048,196.296,201.864,236.23625,0
IPW.US,D,20241227,000000,202.8,202.8,172.92,193.224,662.40375,0
IPW.US,D,20241230,000000,192,194.304,183.096,191.76,385.32375,0
IPW.US,D,20241231,000000,189.624,206.4,187.224,199.872,254.21125,0
IPW.US,D,20250102,000000,206.4,206.4,192,203.76,582.22375,0
IPW.US,D,20250103,000000,199.2,216,194.4,208.824,572.17875,0
IPW.US,D,20250106,000000,216,218.4,206.4,213.6,294.38625,0
IPW.US,D,20250107,000000,220.56,220.8,204.666,213.36,337.19125,0
IPW.US,D,20250108,000000,213.552,240,201.6,233.04,1100.195,0
IPW.US,D,20250110,000000,232.8,232.8,213.6,216,322.12875,0
IPW.US,D,20250113,000000,211.2,239.976,204.6,228.696,771.74125,0
IPW.US,D,20250114,000000,223.2,244.8,194.688,204,1202.74125,0
IPW.US,D,20250115,000000,204,215.976,189.84,199.92,708.39125,0
IPW.US,D,20250116,000000,204,208.08,196.8,203.52,377.98625,0
IPW.US,D,20250117,000000,204,208.296,199.2,201.84,250.7575,0
IPW.US,D,20250121,000000,206.4,208.824,193.296,199.68,221.92,0
IPW.US,D,20250122,000000,196.8,203.52,196.8,196.8,72.441625,0
IPW.US,D,20250123,000000,198,203.52,192,192,106.44575,0
IPW.US,D,20250124,000000,192,199.2,192,192,65.387375,0
IPW.US,D,20250127,000000,194.4,197.52,182.4,186.216,279.24875,0
IPW.US,D,20250128,000000,189.6,189.6,168.048,181.92,248.37875,0
IPW.US,D,20250129,000000,172.872,177.6,170.4,174.72,281.1075,0
IPW.US,D,20250130,000000,172.8,174.72,170.4,170.4,103.34575,0
IPW.US,D,20250131,000000,179.76,179.76,168,172.056,173.81625,0
IPW.US,D,20250203,000000,168,172.032,163.2,165.6,269.57875,0
IPW.US,D,20250204,000000,164.832,173.76,163.2,163.872,107.791625,0
IPW.US,D,20250205,000000,160.8,171.36,159.096,171.36,264.64125,0
IPW.US,D,20250206,000000,179.28,179.496,165.6,170.352,206.7325,0
IPW.US,D,20250207,000000,165.6,165.6,151.2,159.531,257.69125,0
IPW.US,D,20250210,000000,157.2,165.6,157.2,165.6,103.941625,0
IPW.US,D,20250211,000000,165.6,170.7,163.728,169.728,141.89125,0
IPW.US,D,20250212,000000,170.4,170.4,168,168.024,89.124875,0
IPW.US,D,20250213,000000,172.8,176.76,168.014,174.096,314.31625,0
IPW.US,D,20250214,000000,172.8,187.56,172.8,182.424,243.29125,0
IPW.US,D,20250218,000000,187.56,187.56,170.232,172.08,159.845,0
IPW.US,D,20250219,000000,170.4,170.928,156.984,156.984,211.67875,0
IPW.US,D,20250220,000000,158.4,168,144,149.088,361.48625,0
IPW.US,D,20250221,000000,156.696,156.696,144.216,144.48,233.02,0
IPW.US,D,20250224,000000,150,155.976,147.216,153.6,100.18325,0
IPW.US,D,20250225,000000,151.56,158.4,137.28,146.4,186.75375,0
IPW.US,D,20250226,000000,146.64,149.448,132.36,136.848,194.24875,0
IPW.US,D,20250227,000000,150.24,150.24,132,132.6,68.55825,0
IPW.US,D,20250228,000000,143.76,143.76,132.024,142.8,185.67,0
IPW.US,D,20250303,000000,142.8,143.018,129.84,142.32,443.3325,0
IPW.US,D,20250304,000000,139.2,143.952,132.48,139.176,97.879125,0
IPW.US,D,20250305,000000,146.4,146.4,136.824,144,70.45825,0
IPW.US,D,20250306,000000,153.36,153.36,129.6,133.176,350.67375,0
IPW.US,D,20250307,000000,133.176,136.104,99,127.248,387.94125,0
IPW.US,D,20250310,000000,129.6,129.6,117.6,122.4,163.76125,0
IPW.US,D,20250311,000000,120.24,132,120,120,43.72075,0
IPW.US,D,20250312,000000,126.936,131.904,124.8,124.8,46.474875,0
IPW.US,D,20250313,000000,132,132,122.64,122.64,63.37075,0
IPW.US,D,20250314,000000,127.2,129.6,113.256,115.2,322.66125,0
IPW.US,D,20250317,000000,121.2,144,120,131.088,651.06625,0
IPW.US,D,20250318,000000,132,137.042,121.2,124.8,98.987375,0
IPW.US,D,20250319,000000,132.888,133.8,127.2,127.632,57.29575,0
IPW.US,D,20250320,000000,126.72,142.92,126.72,136.56,282.86125,0
IPW.US,D,20250321,000000,132.456,163.2,132,153.6,1876.9375,0
IPW.US,D,20250324,000000,156,158.4,134.928,138.72,379.34125,0
IPW.US,D,20250325,000000,140.88,157.056,140.088,150.24,306.47375,0
IPW.US,D,20250326,000000,151.752,156,144,148.56,33.579125,0
IPW.US,D,20250327,000000,144,148.8,134.4,139.2,83.741625,0
IPW.US,D,20250328,000000,139.44,139.44,103.8,124.056,476.24125,0
IPW.US,D,20250331,000000,122.424,126,103.8,120,223.8575,0
IPW.US,D,20250401,000000,120.12,129.6,117.6,120,49.654125,0
IPW.US,D,20250402,000000,119.04,132,109.68,113.04,171.23625,0
IPW.US,D,20250403,000000,113.04,118.161,109.466,110.4,406.47375,0
IPW.US,D,20250404,000000,110.4,115.92,108,110.424,106.537375,0
IPW.US,D,20250407,000000,117.6,117.6,110.4,114,73.904125,0
IPW.US,D,20250408,000000,115.2,115.2,110.4,110.4,45.466625,0
IPW.US,D,20250409,000000,114,115.2,104.16,115.176,292.74125,0
IPW.US,D,20250410,000000,117.6,117.6,112.8,114,61.762375,0
IPW.US,D,20250411,000000,117.6,117.6,111,113.04,22.812375,0
IPW.US,D,20250414,000000,109.224,139.2,109.224,127.224,270.345,0
IPW.US,D,20250415,000000,139.2,165.6,124.8,127.2,1364.0875,0
IPW.US,D,20250416,000000,124.8,157.92,124.8,139.608,388.41625,0
IPW.US,D,20250417,000000,139.608,140.784,129.6,138.72,97.37075,0
IPW.US,D,20250421,000000,136.32,142.8,124.584,136.56,87.65825,0
IPW.US,D,20250422,000000,135.588,136.8,130.776,130.824,45.954125,0
IPW.US,D,20250423,000000,132,136.512,127.2,134.4,79.737375,0
IPW.US,D,20250424,000000,132,139.224,120,133.488,283.47875,0
IPW.US,D,20250425,000000,129.36,146.16,129.36,139.08,102.85825,0
IPW.US,D,20250428,000000,139.2,146.4,134.4,136.92,146.67875,0
IPW.US,D,20250429,000000,134.52,146.16,134.402,141.552,31.112375,0
IPW.US,D,20250430,000000,146.16,146.16,134.856,134.88,51.32075,0
IPW.US,D,20250501,000000,144,144,125.784,126.465,196.04875,0
IPW.US,D,20250502,000000,132,134.496,128.52,134.496,117.14575,0
IPW.US,D,20250505,000000,144,144,132,139.224,90.849875,0
IPW.US,D,20250506,000000,136.8,143.496,134.4,138.48,93.854125,0
IPW.US,D,20250507,000000,146.4,146.4,133.896,144,52.00825,0
IPW.US,D,20250508,000000,141.36,144,134.4,136.152,43.987375,0
IPW.US,D,20250509,000000,134.16,137.28,124.8,124.824,40.587375,0
IPW.US,D,20250512,000000,129.6,156,127.2,136.8,404.83625,0
IPW.US,D,20250513,000000,137.04,146.4,136.8,141.6,54.662375,0
IPW.US,D,20250514,000000,143.52,148.8,136.8,148.8,322.845,0
IPW.US,D,20250515,000000,146.4,156,139.488,146.4,222.89875,0
IPW.US,D,20250516,000000,144,146.532,120,129.648,374.39875,0
IPW.US,D,20250519,000000,129.6,131.544,122.4,122.424,261.4575,0
IPW.US,D,20250520,000000,126,127.2,115.2,119.568,202.67375,0
IPW.US,D,20250521,000000,115.2,126.84,115.2,120,121.774875,0
IPW.US,D,20250522,000000,115.2,132,107.04,123.408,228.77375,0
IPW.US,D,20250523,000000,122.4,127.2,113.52,117.72,57.35825,0
IPW.US,D,20250527,000000,117.816,127.176,108.024,111.576,220.98625,0
IPW.US,D,20250528,000000,108.72,117.912,108.48,109.2,303.60375,0
IPW.US,D,20250529,000000,115.296,122.016,103.272,112.08,244.33625,0
IPW.US,D,20250530,000000,119.976,120,110.376,112.8,108.05825,0
IPW.US,D,20250602,000000,112.8,112.8,103.682,110.136,174.96625,0
IPW.US,D,20250603,000000,115.2,118.8,106.8,110.4,57.979125,0
IPW.US,D,20250604,000000,117.6,122.472,112.8,115.368,265.91625,0
IPW.US,D,20250605,000000,117.6,225.6,115.368,129.634,31396.25,0
IPW.US,D,20250606,000000,129.12,181.2,120,157.416,10211.15,0
IPW.US,D,20250609,000000,148.272,211.2,148.272,171.84,11377.275,0
IPW.US,D,20250610,000000,168,179.424,156,176.688,5517.175,0
IPW.US,D,20250611,000000,189.6,201.6,161.256,168,2489.9,0
IPW.US,D,20250612,000000,165.576,183.384,161.04,169.896,1253.625,0
IPW.US,D,20250613,000000,164.928,178.2,156,159.384,1194.43625,0
IPW.US,D,20250616,000000,158.4,164.4,146.64,147.36,675.31125,0
IPW.US,D,20250617,000000,160.08,170.4,136.32,144.6,7935.2375,0
IPW.US,D,20250618,000000,148.8,177.6,148.8,170.4,2253.1625,0
IPW.US,D,20250620,000000,166.8,175.224,156.504,172.824,905.745,0
IPW.US,D,20250623,000000,165.6,165.624,151.2,153.816,612.52375,0
IPW.US,D,20250624,000000,153.12,155.76,146.64,153.624,479.74125,0
IPW.US,D,20250625,000000,151.2,152.412,144.024,150.96,390.61625,0
IPW.US,D,20250626,000000,149.04,150,139.653,148.08,443.8575,0
IPW.US,D,20250627,000000,143.64,148.776,140.4,146.904,458.12875,0
IPW.US,D,20250630,000000,146.76,155.16,139.44,155.16,651.09875,0
IPW.US,D,20250701,000000,155.184,165.6,155.184,157.44,372.9325,0
IPW.US,D,20250702,000000,155.112,175.92,155.112,165.36,1079.67375,0
IPW.US,D,20250703,000000,168,175.2,153.072,154.08,1600.9875,0
IPW.US,D,20250707,000000,154.224,173.52,154.224,167.52,1643.975,0
IPW.US,D,20250708,000000,162.504,172.8,162.504,165.624,897.92875,0
IPW.US,D,20250709,000000,163.056,170.4,161.52,166.8,254.845,0
IPW.US,D,20250710,000000,163.2,166.44,160.776,161.28,149.82875,0
IPW.US,D,20250711,000000,162.72,191.712,162,168.672,2208.1125,0
IPW.US,D,20250714,000000,168.672,184.776,168.672,177.6,1356.05,0
IPW.US,D,20250715,000000,177.6,180,170.4,174,392.6325,0
IPW.US,D,20250716,000000,170.4,170.4,163.224,165.912,329.49875,0
IPW.US,D,20250717,000000,160.944,172.8,156.31,165.984,431.12375,0
IPW.US,D,20250718,000000,156,156,147.984,150.288,736.22375,0
IPW.US,D,20250721,000000,150.24,156,147.624,151.704,479.23625,0
IPW.US,D,20250722,000000,156,156,148.8,149.424,248.81625,0
IPW.US,D,20250723,000000,149.52,156,149.52,152.424,294.21125,0
IPW.US,D,20250724,000000,152.4,160.8,146.4,158.424,1596.8125,0
IPW.US,D,20250725,000000,160.776,163.2,155.976,159.24,626.35375,0
IPW.US,D,20250728,000000,159.6,163.2,156,159.624,202.85375,0
IPW.US,D,20250729,000000,168.912,168.912,151.8,155.856,1168.59125,0
IPW.US,D,20250730,000000,155.712,160.872,148.824,153.12,275.36125,0
IPW.US,D,20250731,000000,148.8,168,139.2,158.256,685.14875,0
IPW.US,D,20250801,000000,154.32,155.976,150.12,151.176,143.46625,0
IPW.US,D,20250804,000000,148.8,154.176,148.8,151.44,162.66125,0
IPW.US,D,20250805,000000,153.6,153.72,148.8,149.04,186.00375,0
IPW.US,D,20250806,000000,152.64,153.336,144,153.336,152.86125,0
IPW.US,D,20250807,000000,144.24,150.864,144.072,146.4,106.80825,0
IPW.US,D,20250808,000000,147.84,147.84,139.272,141.6,299.62375,0
IPW.US,D,20250811,000000,141.6,144,139.2,139.44,262.4075,0
IPW.US,D,20250812,000000,136.848,141.6,132,139.008,321.0575,0
IPW.US,D,20250813,000000,142.08,143.976,133.68,140.064,235.43625,0
IPW.US,D,20250814,000000,140.064,142.8,134.448,139.8,96.44575,0
IPW.US,D,20250815,000000,143.52,143.52,133.944,136.296,81.116625,0
IPW.US,D,20250818,000000,134.4,139.176,132.24,138.48,97.816625,0
IPW.US,D,20250819,000000,139.2,143.856,115.08,122.4,1716.0875,0
IPW.US,D,20250820,000000,122.4,124.8,105.6,117.6,1795.825,0
IPW.US,D,20250821,000000,118.08,122.4,115.224,121.92,108.474875,0
IPW.US,D,20250822,000000,119.064,136.8,117.624,129.36,246.795,0
IPW.US,D,20250825,000000,138.24,141.576,133.2,139.2,545.49125,0
IPW.US,D,20250826,000000,143.928,151.2,141.6,148.272,340.81125,0
IPW.US,D,20250827,000000,150,150,132.24,137.064,544.07375,0
IPW.US,D,20250828,000000,135.6,138,113.304,118.032,2257.5375,0
IPW.US,D,20250829,000000,120.96,122.376,110.4,118.56,726.6075,0
IPW.US,D,20250902,000000,115.008,128.496,113.04,121.704,378.56125,0
IPW.US,D,20250903,000000,119.28,126.84,117.6,124.8,156.09875,0
IPW.US,D,20250904,000000,122.4,130.56,119.76,126.72,56.47075,0
IPW.US,D,20250905,000000,129.168,129.6,124.824,127.08,189.32375,0
IPW.US,D,20250908,000000,128.4,131.88,125.04,128.544,404.23625,0
IPW.US,D,20250909,000000,131.28,131.28,124.8,128.976,270.3825,0
IPW.US,D,20250910,000000,132,132,123.408,127.92,126.54875,0
IPW.US,D,20250911,000000,125.28,129.048,116.28,120.36,563.7575,0
IPW.US,D,20250912,000000,120,124.8,120,122.376,216.89125,0
IPW.US,D,20250915,000000,129.816,150,124.8,140.4,1022.81625,0
IPW.US,D,20250916,000000,136.32,148.56,136.08,142.488,16759.5,0
IPW.US,D,20250917,000000,137.136,151.152,129.744,139.2,2739.675,0
IPW.US,D,20250918,000000,135.024,143.496,129.6,132,990.17,0
IPW.US,D,20250919,000000,129.6,137.76,123.456,124.8,533.46125,0
IPW.US,D,20250922,000000,146.16,277.2,129.6,137.616,195631.375,0
IPW.US,D,20250923,000000,136.512,136.776,120.912,128.832,7045.95,0
IPW.US,D,20250924,000000,125.016,134.376,120,123.768,3048.0875,0
IPW.US,D,20250925,000000,122.4,124.8,117.6,118.2,1781.2375,0
IPW.US,D,20250926,000000,121.896,134.4,118.344,128.664,2006.9,0
IPW.US,D,20250929,000000,123.84,128.4,120.552,123.12,1187.65375,0
IPW.US,D,20250930,000000,125.52,125.52,120,124.224,847.38625,0
IPW.US,D,20251001,000000,119.52,127.2,119.52,127.2,531.17375,0
IPW.US,D,20251002,000000,127.44,131.568,122.4,129.36,1608.0375,0
IPW.US,D,20251003,000000,132,132.576,123.144,129.048,731.17,0
IPW.US,D,20251006,000000,129.6,140.376,129.216,133.152,1340.225,0
IPW.US,D,20251007,000000,132,137.774,129.624,133.584,569.64875,0
IPW.US,D,20251008,000000,131.52,136.512,127.776,134.4,735.31625,0
IPW.US,D,20251009,000000,132,148.608,129.6,143.64,2124.475,0
IPW.US,D,20251010,000000,134.4,143.592,129.6,129.696,2329.95,0
IPW.US,D,20251013,000000,134.16,137.76,127.224,136.8,622.545,0
IPW.US,D,20251014,000000,138.912,147.12,134.88,140.16,2029.45,0
IPW.US,D,20251015,000000,139.44,143.952,132,139.68,604.19875,0
IPW.US,D,20251016,000000,142.8,154.008,124.8,132.168,3711.9125,0
IPW.US,D,20251017,000000,132.96,139.176,127.464,130.2,687.36125,0
IPW.US,D,20251020,000000,138.48,155.291,135.6,148.752,1407.925,0
IPW.US,D,20251021,000000,146.16,146.376,110.4,136.44,9452.45,0
IPW.US,D,20251022,000000,134.4,155.736,133.224,142.56,4317.1,0
IPW.US,D,20251023,000000,145.2,170.4,142.56,166.92,6639.0125,0
IPW.US,D,20251024,000000,165.6,168,151.2,162.36,3054.225,0
IPW.US,D,20251027,000000,162.4,191.64,153.84,181.038,6576.75,0
IPW.US,D,20251028,000000,182,232.8,182,232.8,6403.375,0
IPW.US,D,20251029,000000,224.64,224.64,182.72,185.68,7099.875,0
IPW.US,D,20251030,000000,153.2,153.2,122.64,132.16,5641.125,0
IPW.US,D,20251031,000000,131.92,131.92,90.92,96.8,6794.375,0
IPW.US,D,20251103,000000,96.16,99.12,81.2,91.04,4261.875,0
IPW.US,D,20251104,000000,89.28,109.52,86.6992,99.52,3821.25,0
IPW.US,D,20251105,000000,97.6,99.44,86,86.88,3715.375,0
IPW.US,D,20251106,000000,87.12,87.12,77.04,79.2008,1449.25,0
IPW.US,D,20251107,000000,79.12,80.8,67.4176,77.92,4956.75,0
IPW.US,D,20251110,000000,78.32,114.88,78.32,81.12,15006.625,0
IPW.US,D,20251111,000000,80.16,81.12,72.08,80.248,5822.5,0
IPW.US,D,20251112,000000,80.88,80.88,75.04,78.88,4550.375,0
IPW.US,D,20251113,000000,77.92,79.9192,72.32,77.16,1920.375,0
IPW.US,D,20251114,000000,75.28,77.2,68.48,75.2,3614.75,0
IPW.US,D,20251117,000000,71.92,81.6,71.92,75.6,4110.75,0
IPW.US,D,20251118,000000,76.88,79.128,73.2,77.16,2045.375,0
IPW.US,D,20251119,000000,78.04,78.88,72.48,75.2,1967.125,0
IPW.US,D,20251120,000000,76.24,77.92,73.6,74.4,2204.25,0
IPW.US,D,20251121,000000,75.68,79.04,71.28,74.32,919.625,0
IPW.US,D,20251124,000000,73.2,75.56,71.28,73.92,503.625,0
IPW.US,D,20251125,000000,73.92,81.24,73.6,80.72,2151.125,0
IPW.US,D,20251126,000000,78.96,82.72,78.08,81.28,1248.125,0
IPW.US,D,20251128,000000,78.88,85.2,78.8,84.24,518.75,0
IPW.US,D,20251201,000000,83.12,85.76,82.4,83.28,597.5,0
IPW.US,D,20251202,000000,85.84,103.406,84.48,98.78,14874.5,0
IPW.US,D,20251203,000000,104.48,104.48,80.16,85.76,4996.5,0
IPW.US,D,20251204,000000,85.6,97.6,81.12,84.8,4137.5,0
IPW.US,D,20251205,000000,90,93.484,84,88.72,2161.625,0
IPW.US,D,20251208,000000,86.16,89.536,81.68,84.4,1840,0
IPW.US,D,20251209,000000,87.9192,97.04,84,97.04,192459.75,0
IPW.US,D,20251210,000000,83.36,90.8,72,80.88,32858.625,0
IPW.US,D,20251211,000000,79.04,83.44,73.76,80.88,6120,0
IPW.US,D,20251212,000000,80,90.16,75.04,81.84,12208.25,0
IPW.US,D,20251215,000000,80.96,82.44,73.84,76.64,4209.75,0
IPW.US,D,20251216,000000,78.056,78.4,75.36,78.4,2778.25,0
IPW.US,D,20251217,000000,76.56,91.12,76.56,88,12279.625,0
IPW.US,D,20251218,000000,90.56,98.3328,88.9504,97.2,9310.375,0
IPW.US,D,20251219,000000,94.08,98,92.8736,96,6803.875,0
IPW.US,D,20251222,000000,91.96,95.8392,89.6008,94.4,1837.5,0
IPW.US,D,20251223,000000,95.16,96.08,80.08,83.68,9534.125,0
IPW.US,D,20251224,000000,83.36,87.92,82,87.92,3200.375,0
IPW.US,D,20251226,000000,86.16,86.16,77.6,77.6,4154.75,0
IPW.US,D,20251229,000000,79.92,80.304,63.1992,64.16,11892.375,0
IPW.US,D,20251230,000000,64,65.3664,59.88,60.64,5666.125,0
IPW.US,D,20251231,000000,60.44,62,57.92,59.84,2216.375,0
IPW.US,D,20260102,000000,60,64.16,59.64,60.72,3605.5,0
IPW.US,D,20260105,000000,62.16,66.42,60.8,62.2,2543.25,0
IPW.US,D,20260106,000000,60.816,63.6,58.36,60.3992,4801,0
IPW.US,D,20260107,000000,60,60,56.0808,59.4784,2755.125,0
IPW.US,D,20260108,000000,59.84,75.44,59.8344,62.56,65354.5,0
IPW.US,D,20260109,000000,60.8,61.1584,52.88,55.76,17168.375,0
IPW.US,D,20260112,000000,56,56,50.8,52.8,12872.875,0
IPW.US,D,20260113,000000,50.56,50.56,44.88,47.6,8375.375,0
IPW.US,D,20260114,000000,47.52,49.3392,45.2,47.76,5127.125,0
IPW.US,D,20260115,000000,52.56,58.0744,36.4,49.04,244229.625,0
IPW.US,D,20260116,000000,44.88,45.6,39.6,43.52,41025.875,0
IPW.US,D,20260120,000000,41.04,44.88,39.2,39.36,11822.875,0
IPW.US,D,20260121,000000,39.52,44.72,38.4,39.2,15665.375,0
IPW.US,D,20260122,000000,38.8,40,36,39.12,17482.5,0
IPW.US,D,20260123,000000,38.64,43.04,36.9608,40.8,32788.125,0
IPW.US,D,20260126,000000,39.92,39.92,36,36.72,8343.875,0
IPW.US,D,20260127,000000,36.72,39.6,32.56,38.4,168550.5,0
IPW.US,D,20260128,000000,38.32,38.32,34.88,35.44,10848.625,0
IPW.US,D,20260129,000000,36,36,31.604,33.44,10218.25,0
IPW.US,D,20260130,000000,33.44,37.12,32.56,34.72,15772.625,0
IPW.US,D,20260202,000000,46.32,48.16,28.9368,31.76,634064.75,0
IPW.US,D,20260203,000000,31.92,31.92,28,29.68,24761.875,0
IPW.US,D,20260204,000000,28.72,31.192,28.4,30.56,12651,0
IPW.US,D,20260205,000000,27.2,33.5376,27.2,31.16,11784.125,0
IPW.US,D,20260206,000000,31.6,35.2,31,35.12,6821.25,0
IPW.US,D,20260209,000000,34.96,34.96,31.68,34.08,5880,0
IPW.US,D,20260210,000000,34.96,37.44,33.6,35.2,71537,0
IPW.US,D,20260211,000000,34,34.48,31.616,32.48,15807.75,0
IPW.US,D,20260212,000000,32,32.56,28.64,29.76,15110.625,0
IPW.US,D,20260213,000000,29.76,30.24,28,28.48,9243.875,0
IPW.US,D,20260217,000000,29.04,29.04,26.4,27.44,9894,0
IPW.US,D,20260218,000000,27.28,29.0824,26.56,28.52,7662.375,0
IPW.US,D,20260219,000000,29.36,29.36,26.56,26.88,4874.25,0
IPW.US,D,20260220,000000,27.52,27.9192,25.6,26,388710.75,0
IPW.US,D,20260223,000000,22.8,22.88,16.72,17.6184,60950,0
IPW.US,D,20260224,000000,17.6,18.32,15.76,18,18740.375,0
IPW.US,D,20260225,000000,18.08,18.72,16,16,13212.5,0
IPW.US,D,20260226,000000,16.32,17.6,16,17.1672,13737.875,0
IPW.US,D,20260227,000000,17.28,17.28,15.2,15.28,15318.375,0
IPW.US,D,20260302,000000,15.2,16.96,14.08,16.6,15834,0
IPW.US,D,20260303,000000,15.84,16.9952,15.3648,16.56,8328.375,0
IPW.US,D,20260304,000000,16.32,17.6,15.84,16.24,8457.375,0
IPW.US,D,20260305,000000,16.08,16.8,15.84,16.4,5173,0
IPW.US,D,20260306,000000,16.4,16.88,15.76,16.4,4072.5,0
IPW.US,D,20260309,000000,16.4,16.56,15.376,16.4,2554.375,0
IPW.US,D,20260310,000000,16.56,18.04,16,17.2,8367.875,0
IPW.US,D,20260311,000000,17.12,18.4,16.428,17.6,207098.625,0
IPW.US,D,20260312,000000,16.16,16.7192,14.8,14.8,42668.875,0
IPW.US,D,20260313,000000,14.72,15.52,14.64,15.36,15895.125,0
IPW.US,D,20260316,000000,15.36,15.52,14.08,15.04,11788.875,0
IPW.US,D,20260317,000000,14.4,15.84,14.4,14.72,7838.125,0
IPW.US,D,20260318,000000,14.72,14.72,13.36,13.6,9528.125,0
IPW.US,D,20260319,000000,13.7888,14.5,12.8,13.28,28122.5,0
IPW.US,D,20260320,000000,13.2,13.84,12.96,13.12,9391.125,0
IPW.US,D,20260323,000000,13.52,13.52,12.1632,12.72,13309.625,0
IPW.US,D,20260324,000000,12.56,14.8,12,12.64,42168.875,0
IPW.US,D,20260325,000000,12.32,12.64,12.08,12.24,9146.375,0
IPW.US,D,20260326,000000,12.24,12.72,12.16,12.48,12821.375,0
IPW.US,D,20260327,000000,12.32,12.72,10.8992,11.088,10454.875,0
IPW.US,D,20260330,000000,11.28,11.28,10.48,10.8,3277.625,0
IPW.US,D,20260331,000000,10.4,11.6,9.72,11.12,140720.25,0
IPW.US,D,20260401,000000,11.92,12.4,10.8,11.44,521515.625,0
IPW.US,D,20260402,000000,10.88,11.2808,10.48,10.8,130546.5,0
IPW.US,D,20260406,000000,10.4,11.36,9.76,11.12,37856.25,0
IPW.US,D,20260407,000000,10.32,10.44,9.84,10.24,26544.125,0
IPW.US,D,20260408,000000,10.64,11.76,10.08,10.32,3211245.25,0
IPW.US,D,20260409,000000,9.28,9.44,8.48,9.04,143895.875,0
IPW.US,D,20260410,000000,8.96,9.04,8.4,8.88,76056.625,0
IPW.US,D,20260413,000000,8.32,9.36,8.32,8.72,146899.25,0
IPW.US,D,20260414,000000,8.24,9.9192,8.24,9.12,227931,0
IPW.US,D,20260415,000000,8.88,9.2696,8.32,9.04,78387.875,0
IPW.US,D,20260416,000000,8.96,9.12,8.48,8.8,157248.75,0
IPW.US,D,20260417,000000,9.52,10.64,8.48,9.2,779749.375,0
IPW.US,D,20260420,000000,8.96,8.96,8.16,8.48,153530.25,0
IPW.US,D,20260421,000000,8.32,8.4768,7.7808,8,72687.125,0
IPW.US,D,20260422,000000,8.4,9.84,7.9248,8.96,255274.75,0
IPW.US,D,20260423,000000,8.8,8.88,8,8.56,99159.875,0
IPW.US,D,20260424,000000,8.32,8.4,7.92,8.24,66303.125,0
IPW.US,D,20260427,000000,8.16,8.4,7.84,7.88,38618,0
IPW.US,D,20260428,000000,7.736,7.76081,7.04,7.2472,47410.625,0
IPW.US,D,20260429,000000,7.2912,7.9784,7.2,7.6104,58958.875,0
IPW.US,D,20260430,000000,7.44,7.68,6.64,6.992,45823.375,0
IPW.US,D,20260501,000000,7.1992,7.92,6.8,7.3448,106409.875,0
IPW.US,D,20260504,000000,7.352,7.3592,6.8848,7.2656,39316,0
IPW.US,D,20260505,000000,7.14399,7.2,6.6416,6.72,32148.375,0
IPW.US,D,20260506,000000,6.72,7.76,6.408,6.648,154909.25,0
IPW.US,D,20260507,000000,6.72,6.72,6.44,6.48,41993.75,0
IPW.US,D,20260508,000000,6.572,6.5992,6.0488,6.516,48838,0
IPW.US,D,20260511,000000,6.24,6.732,6.04,6.04,114772.75,0
IPW.US,D,20260512,000000,6.24,6.4,6.08,6.2392,29076.625,0
IPW.US,D,20260513,000000,6.284,6.5432,6.0488,6.5272,102136.625,0
IPW.US,D,20260514,000000,6.32,7.72,6.1608,7.44,274244.75,0
IPW.US,D,20260515,000000,7.04,7.2,6.3712,6.6792,87704.75,0
IPW.US,D,20260518,000000,6.88,7.4384,6.4896,6.8784,61503.625,0
IPW.US,D,20260519,000000,6.8632,6.8632,6.2,6.3592,83990.875,0
IPW.US,D,20260520,000000,4.2392,4.832,4.16,4.64,167530.5,0
IPW.US,D,20260521,000000,3.7484,4.19119,3.552,4.0328,101147.5,0
IPW.US,D,20260522,000000,4.15,4.58,3.93,4.27,239668,0
IPW.US,D,20260526,000000,4.24,4.31,3.855,3.92,162875,0
IPW.US,D,20260527,000000,3.86,3.9996,3.7733,3.84,75833,0
IPW.US,D,20260528,000000,3.84,4.49,3.8,4.27,330742,0
IPW.US,D,20260529,000000,4.19,4.19,3.8,3.85,171421,0
IPW.US,D,20260601,000000,3.85,4.2299,3.85,4.11,369755,0
IPW.US,D,20260602,000000,4.02,4.055,3.625,3.64,155195,0
IPW.US,D,20260603,000000,3.66,3.69,3.27,3.44,117353,0
IPW.US,D,20260604,000000,3.62,3.65,2.8501,3.24,471077,0
IPW.US,D,20260605,000000,3.24,3.24,2.92,3.04,108270,0
IPW.US,D,20260608,000000,3.02,3.48,2.8301,3.31,437774,0
IPW.US,D,20260609,000000,3.35,4.25,3.11,3.77,2317498,0
IPW.US,D,20260610,000000,3.41,3.53,2.97,3.29,1200653,0
IPW.US,D,20260611,000000,3.2,3.22,2.9,3.22,775651,0
IPW.US,D,20260612,000000,3.17,3.34,2.85,3.04,581778,0
IPW.US,D,20260615,000000,2.98,2.98,2.6601,2.77,241886,0
IPW.US,D,20260616,000000,2.71,2.76,2.55,2.71,189690,0
IPW.US,D,20260617,000000,2.63,2.65,2.46,2.5,197115,0
IPW.US,D,20260618,000000,2.5,2.56,2.25,2.55,272825,0
IPW.US,D,20260622,000000,2.47,2.49,2.4,2.43,106102,0
IPW.US,D,20260623,000000,2.35,2.4749,2.3,2.46,108905,0
IPW.US,D,20260624,000000,2.42,2.49,2.33,2.37,133781,0
