<TICKER>,<PER>,<DATE>,<TIME>,<OPEN>,<HIGH>,<LOW>,<CLOSE>,<VOL>,<OPENINT>
JTAI.US,D,20230227,000000,479250,479926,479250,479250,0.58004438644,0
JTAI.US,D,20230228,000000,480600,480600,479250,479250,0.72637770514,0
JTAI.US,D,20230301,000000,479250,479700,479250,479250,0.32939996705999997,0
JTAI.US,D,20230302,000000,480600,481500,480600,481500,0.33493329984,0
JTAI.US,D,20230303,000000,481500,481500,481496,481500,0.03891110722,0
JTAI.US,D,20230306,000000,481500,481500,477900,477900,0.41337773644,0
JTAI.US,D,20230308,000000,480600,480600,480600,480600,0.003933332939999999,0
JTAI.US,D,20230309,000000,480600,480600,480600,480600,0.002222222,0
JTAI.US,D,20230310,000000,481500,481500,481500,481500,0.24726664193999998,0
JTAI.US,D,20230313,000000,481496,481500,481496,481500,0.004533332879999999,0
JTAI.US,D,20230316,000000,481500,481500,481500,481500,0.03379999662,0
JTAI.US,D,20230317,000000,481492,481492,480376,480376,0.0121111099,0
JTAI.US,D,20230320,000000,480610,483076,480610,483076,0.0085555547,0
JTAI.US,D,20230324,000000,483300,483300,483300,483300,0.01111111,0
JTAI.US,D,20230328,000000,485100,485100,485100,485100,0.01973333136,0
JTAI.US,D,20230331,000000,481500,481946,481500,481946,0.0072444437199999994,0
JTAI.US,D,20230403,000000,481504,481504,481504,481504,0.008933332439999999,0
JTAI.US,D,20230405,000000,481950,481950,481950,481950,0.0026222219599999997,0
JTAI.US,D,20230406,000000,482400,482400,481950,481950,0.00575555498,0
JTAI.US,D,20230411,000000,481726,481950,481726,481950,0.01097777668,0
JTAI.US,D,20230412,000000,481950,483750,481950,483750,0.18931109218,0
JTAI.US,D,20230414,000000,483750,490050,483750,485550,0.43715551184,0
JTAI.US,D,20230417,000000,482854,516596,482854,487796,0.026644441779999996,0
JTAI.US,D,20230424,000000,487800,487800,487800,487800,0.10786665588,0
JTAI.US,D,20230425,000000,483300,483300,483300,483300,0.0047777773,0
JTAI.US,D,20230426,000000,487350,487350,482850,482850,0.005333332799999999,0
JTAI.US,D,20230427,000000,482850,482850,482850,482850,0.11215554434,0
JTAI.US,D,20230428,000000,482850,484200,482850,484200,0.32788885609999996,0
JTAI.US,D,20230501,000000,486900,486900,486900,486900,0.00753333258,0
JTAI.US,D,20230503,000000,487350,487350,487350,487350,0.10619998937999998,0
JTAI.US,D,20230505,000000,487350,488700,487350,488700,0.05497777228,0
JTAI.US,D,20230512,000000,488250,488250,488250,488250,0.00264444418,0
JTAI.US,D,20230522,000000,488250,488250,488250,488250,0.0025555553,0
JTAI.US,D,20230523,000000,488250,488250,488250,488250,0.0027777775,0
JTAI.US,D,20230524,000000,489150,489150,489150,489150,0.00251111086,0
JTAI.US,D,20230525,000000,490050,490050,490050,490050,0.0022888886599999997,0
JTAI.US,D,20230526,000000,488700,488700,488700,488700,0.0032222219,0
JTAI.US,D,20230530,000000,488700,488700,488700,488700,0.0023333331,0
JTAI.US,D,20230531,000000,494550,506700,494100,494100,0.0643333269,0
JTAI.US,D,20230601,000000,499500,499500,493200,499500,0.029999996999999997,0
JTAI.US,D,20230605,000000,493200,493200,493200,493200,0.013377776440000001,0
JTAI.US,D,20230609,000000,495900,495900,495900,495900,0.00313333302,0
JTAI.US,D,20230613,000000,493200,493200,493200,493200,0.0165555539,0
JTAI.US,D,20230614,000000,493200,493200,493200,493200,0.014266665239999999,0
JTAI.US,D,20230615,000000,488700,493200,488700,493196,0.09906665676,0
JTAI.US,D,20230622,000000,497696,497696,497696,497696,0.005199999479999999,0
JTAI.US,D,20230623,000000,494100,494550,494100,494550,0.08271110284,0
JTAI.US,D,20230626,000000,496350,496800,496350,496800,0.02228888666,0
JTAI.US,D,20230627,000000,493200,493200,493200,493200,0.02279999772,0
JTAI.US,D,20230630,000000,489150,489150,489150,489150,0.00997777678,0
JTAI.US,D,20230703,000000,495000,495000,492750,492750,0.026799997319999998,0
JTAI.US,D,20230706,000000,491400,491850,491400,491850,0.047244439719999996,0
JTAI.US,D,20230712,000000,489600,491850,489600,491400,0.029555552599999996,0
JTAI.US,D,20230713,000000,491400,491854,491400,491854,0.00539999946,0
JTAI.US,D,20230717,000000,497696,497700,494550,497250,0.42864440157999995,0
JTAI.US,D,20230719,000000,498600,498600,497250,497260,0.30791108032,0
JTAI.US,D,20230720,000000,497476,497476,497250,497250,0.009644443479999999,0
JTAI.US,D,20230721,000000,497696,497696,497696,497696,0.052222216999999994,0
JTAI.US,D,20230724,000000,497700,498150,497700,497700,0.28217774956,0
JTAI.US,D,20230725,000000,498150,506250,497700,505350,0.54593327874,0
JTAI.US,D,20230726,000000,499500,508194,499500,506250,0.37431107368,0
JTAI.US,D,20230727,000000,504676,505800,500850,500850,2.27082199514,0
JTAI.US,D,20230728,000000,501750,501750,501750,501750,0.03739999626,0
JTAI.US,D,20230731,000000,499500,501746,499500,501300,1.1220443322399998,0
JTAI.US,D,20230801,000000,495900,495900,454950,463388,0.79999992,0
JTAI.US,D,20230802,000000,463500,516124,456750,515250,0.7797999220199999,0
JTAI.US,D,20230803,000000,492638,504000,479700,504000,0.11559998844,0
JTAI.US,D,20230804,000000,482850,508474,479250,505350,0.06786665988,0
JTAI.US,D,20230807,000000,549450,787500,358200,419850,10.22946564372,0
JTAI.US,D,20230808,000000,416700,469166,372150,406350,16.84926498174,0
JTAI.US,D,20230809,000000,432000,456750,411790,451350,1.3336887555199999,0
JTAI.US,D,20230810,000000,427500,445500,355950,387000,6.5083326825,0
JTAI.US,D,20230811,000000,423000,437940,238950,298350,13.171109794,0
JTAI.US,D,20230814,000000,234000,314996,159300,225000,17.6439982356,0
JTAI.US,D,20230815,000000,219150,286600,184505,233546,6.6915548864,0
JTAI.US,D,20230816,000000,225450,256050,158850,167400,3.10137746764,0
JTAI.US,D,20230817,000000,163800,208800,163350,180000,3.61957741582,0
JTAI.US,D,20230818,000000,189900,391500,181350,295650,121.35236564254,0
JTAI.US,D,20230821,000000,280350,282150,202500,224550,14.210687467819998,0
JTAI.US,D,20230822,000000,219150,229486,192150,202500,8.99615465594,0
JTAI.US,D,20230823,000000,200250,216000,192155,198000,2.8665108244599997,0
JTAI.US,D,20230824,000000,197100,210150,189005,195300,1.9815331351799998,0
JTAI.US,D,20230825,000000,186300,195750,173876,184500,2.6271108483999996,0
JTAI.US,D,20230828,000000,183600,192150,165150,175050,1.92975536258,0
JTAI.US,D,20230829,000000,177750,178200,162000,169650,0.9765776801199999,0
JTAI.US,D,20230830,000000,162900,175496,138600,148500,1.66135538942,0
JTAI.US,D,20230831,000000,153000,173250,146250,166500,4.60962176126,0
JTAI.US,D,20230901,000000,163800,173250,147150,164250,1.5247998475199998,0
JTAI.US,D,20230905,000000,165600,184500,165600,175500,2.9305552624999995,0
JTAI.US,D,20230906,000000,178200,179100,157613,177300,1.7534442690999998,0
JTAI.US,D,20230907,000000,171900,175050,162900,169875,0.47691106342,0
JTAI.US,D,20230908,000000,164700,170100,153455,157050,0.59824438462,0
JTAI.US,D,20230911,000000,153000,167184,153000,159750,0.80337769744,0
JTAI.US,D,20230912,000000,159750,164250,151200,158850,0.40711107039999994,0
JTAI.US,D,20230913,000000,148500,161100,142200,148932,1.4271109683999998,0
JTAI.US,D,20230914,000000,144450,154350,141750,141750,0.43664440078,0
JTAI.US,D,20230915,000000,141750,147150,128700,136800,1.56815539874,0
JTAI.US,D,20230918,000000,138600,141138,119250,121950,0.46831106427999997,0
JTAI.US,D,20230919,000000,135450,136350,112500,119025,1.0011332332199998,0
JTAI.US,D,20230920,000000,114750,129042,110700,112950,2.40495531506,0
JTAI.US,D,20230921,000000,122850,134550,110700,112500,1.57042206518,0
JTAI.US,D,20230922,000000,112500,123750,107276,118125,1.4329331900399997,0
JTAI.US,D,20230925,000000,109350,146250,109350,138150,2.5753330757999997,0
JTAI.US,D,20230926,000000,132750,153000,132750,152550,0.9628887925999999,0
JTAI.US,D,20230927,000000,170100,184950,135900,151650,6.66579933342,0
JTAI.US,D,20230928,000000,144900,166500,135450,135450,1.7988887089999999,0
JTAI.US,D,20230929,000000,135450,155700,135450,145125,1.29575542598,0
JTAI.US,D,20231002,000000,157500,157500,138929,143100,0.90108879878,0
JTAI.US,D,20231003,000000,139500,150750,135900,138600,0.34208885468,0
JTAI.US,D,20231004,000000,136350,147335,124200,135000,0.52462216976,0
JTAI.US,D,20231005,000000,126450,134550,121950,126000,0.34188885469999997,0
JTAI.US,D,20231006,000000,122994,124200,108905,111150,0.51151105996,0
JTAI.US,D,20231009,000000,114750,115421,105804,113850,0.32146663452,0
JTAI.US,D,20231010,000000,112500,134550,106650,106650,0.9804443463999999,0
JTAI.US,D,20231011,000000,107100,113045,104850,105750,0.6390666027599999,0
JTAI.US,D,20231012,000000,112500,117000,107550,112050,0.35584440885999996,0
JTAI.US,D,20231013,000000,110250,117000,107555,110700,0.31595552396,0
JTAI.US,D,20231016,000000,118800,119250,108095,108900,0.39517773825999997,0
JTAI.US,D,20231017,000000,108000,117000,108000,110250,0.1247777653,0
JTAI.US,D,20231018,000000,111150,114750,94324.6,98100,0.51226661544,0
JTAI.US,D,20231019,000000,103050,108900,94050,94050,0.2913333042,0
JTAI.US,D,20231020,000000,99000,103050,94950,99450,0.13977776379999998,0
JTAI.US,D,20231023,000000,99450,101538,95400,95400,0.10619998937999998,0
JTAI.US,D,20231024,000000,90450,94050,90000,90000,0.186666648,0
JTAI.US,D,20231025,000000,90000,90450,79650,81000,0.35453329788,0
JTAI.US,D,20231026,000000,85050,87750,78750,81450,0.11993332134,0
JTAI.US,D,20231027,000000,78750,78750,62136,63450,0.8364443608,0
JTAI.US,D,20231030,000000,63450,68400,63450,68400,0.20668886822,0
JTAI.US,D,20231031,000000,63900,67500,63454.6,67050,0.10644443379999999,0
JTAI.US,D,20231101,000000,61650,67050,45904.6,49500,1.0755332257799999,0
JTAI.US,D,20231102,000000,62100,62100,49954.6,53100,0.45117773265999994,0
JTAI.US,D,20231103,000000,49950,57150,49950,51300,0.58813327452,0
JTAI.US,D,20231106,000000,56700,61074,52200,52200,1.13197766458,0
JTAI.US,D,20231107,000000,50850,59211,49950,52650,0.4257555129799999,0
JTAI.US,D,20231108,000000,51619.6,55350,50850,52200,0.2632221959,0
JTAI.US,D,20231109,000000,54900,55350,46849.6,47250,0.49571106154,0
JTAI.US,D,20231110,000000,52222.6,52222.6,48150,48150,0.32862218936,0
JTAI.US,D,20231113,000000,50400,60300,47250,47250,0.24859997514,0
JTAI.US,D,20231114,000000,57150,61650,52200,57600,1.29904431454,0
JTAI.US,D,20231115,000000,58050,70200,54000,61200,1.02215545334,0
JTAI.US,D,20231116,000000,66150,83700,56250,59400,3.12497746528,0
JTAI.US,D,20231117,000000,58500,72000,57609,67050,0.5077999492199999,0
JTAI.US,D,20231120,000000,64800,70200,58504.6,68400,0.91935546362,0
JTAI.US,D,20231121,000000,67050,67050,59521.6,66600,0.51853328148,0
JTAI.US,D,20231122,000000,67050,74250,65250,67500,0.75253325808,0
JTAI.US,D,20231124,000000,73800,73800,69750,73800,0.14999998499999997,0
JTAI.US,D,20231127,000000,73800,74241,65250,68850,0.50484439396,0
JTAI.US,D,20231128,000000,72000,72000,63828,69750,0.56324438812,0
JTAI.US,D,20231129,000000,71550,84600,71014.6,76950,2.0407775737,0
JTAI.US,D,20231130,000000,87300,87300,72000,76950,1.0056221216599999,0
JTAI.US,D,20231201,000000,80550,82350,74250,76500,0.3629999637,0
JTAI.US,D,20231204,000000,80550,80662.6,66600,66600,1.01428878746,0
JTAI.US,D,20231205,000000,67500,69750,65254.6,67950,0.25146664152,0
JTAI.US,D,20231206,000000,73800,73800,66150,67950,0.3968888492,0
JTAI.US,D,20231207,000000,64800,72000,64800,72000,0.22366664429999997,0
JTAI.US,D,20231208,000000,68400,84600,68400,72513,0.9803776797399999,0
JTAI.US,D,20231211,000000,83250,171000,81900,135900,1911.42323107988,0
JTAI.US,D,20231212,000000,133200,144900,114300,121500,72.44259275574,0
JTAI.US,D,20231213,000000,105300,134100,103500,126000,28.138330519499995,0
JTAI.US,D,20231214,000000,124200,166500,119250,141750,38.129262853739995,0
JTAI.US,D,20231215,000000,144000,201150,138600,161550,134.97391983594,0
JTAI.US,D,20231218,000000,144000,154301,130500,134550,8.72735468282,0
JTAI.US,D,20231219,000000,129150,132750,108000,116105,7.0425770735199995,0
JTAI.US,D,20231220,000000,117900,129150,116100,127350,5.34984390946,0
JTAI.US,D,20231221,000000,129600,146250,125834,129150,5.03942171828,0
JTAI.US,D,20231222,000000,129600,132750,114750,118350,2.97535525802,0
JTAI.US,D,20231226,000000,117450,121500,72000,72000,6.8510437593399995,0
JTAI.US,D,20231227,000000,97650,100350,82350,85500,104.91921173029999,0
JTAI.US,D,20231228,000000,84600,85050,67500,70650,18.880242556419997,0
JTAI.US,D,20231229,000000,69750,75150,63054,64800,12.18673211466,0
JTAI.US,D,20240102,000000,67050,72000,63900,65250,3.5636440880799998,0
JTAI.US,D,20240103,000000,67500,67500,60750,64800,2.3422442102199996,0
JTAI.US,D,20240104,000000,65250,67950,63450,67500,2.56453307688,0
JTAI.US,D,20240105,000000,66600,71995.6,65425.6,67050,2.41606642506,0
JTAI.US,D,20240108,000000,68850,68850,63450,63450,1.60115539544,0
JTAI.US,D,20240109,000000,70200,70200,58950,60300,2.0682220154,0
JTAI.US,D,20240110,000000,63000,63000,53100,54450,4.00068848882,0
JTAI.US,D,20240111,000000,54900,55800,49500,50400,2.26559977344,0
JTAI.US,D,20240112,000000,53550,68400,52200,61200,104.65034509051999,0
JTAI.US,D,20240116,000000,58500,62100,52650,60300,14.03442081878,0
JTAI.US,D,20240117,000000,57600,58500,54000,57150,5.8097327523599995,0
JTAI.US,D,20240118,000000,56250,56250,49950,50404.6,5.21468836742,0
JTAI.US,D,20240119,000000,52200,52200,45450,46800,8.55413247792,0
JTAI.US,D,20240122,000000,46350,58050,46350,54900,13.43635421192,0
JTAI.US,D,20240123,000000,54450,64800,49050,49500,41.49312918402,0
JTAI.US,D,20240124,000000,49500,51552,47250,49050,6.57157712062,0
JTAI.US,D,20240125,000000,48600,49500,43200,44649,8.51179914882,0
JTAI.US,D,20240126,000000,45900,47115,40554,41539.6,7.995688089319999,0
JTAI.US,D,20240129,000000,40050,42358.6,38484,40050,10.99791001132,0
JTAI.US,D,20240130,000000,40050,41841,38700,40050,4.57391065372,0
JTAI.US,D,20240131,000000,41850,54000,39600,45000,64.02481581974,0
JTAI.US,D,20240201,000000,43596,44820,38299.6,40500,12.64826540184,0
JTAI.US,D,20240202,000000,40950,42300,36702,38475,4.4021773375599995,0
JTAI.US,D,20240205,000000,39150,39150,34897.6,37048.6,2.82171082894,0
JTAI.US,D,20240206,000000,36031.6,41476.6,36031.6,39154.6,3.6789774098799994,0
JTAI.US,D,20240207,000000,39600,40500,34875,34875,7.9065547649,0
JTAI.US,D,20240208,000000,34893,36895.6,34020,34213.6,4.20848846804,0
JTAI.US,D,20240209,000000,36189,41395.6,35100,35703,12.74579872542,0
JTAI.US,D,20240212,000000,37687.6,37687.6,35703,36121.6,2.9014663765199997,0
JTAI.US,D,20240213,000000,36450,36900,35779.6,36900,2.12726645394,0
JTAI.US,D,20240214,000000,37710,37759.6,36000,36900,2.88384415606,0
JTAI.US,D,20240215,000000,36000,37723.6,36000,36986.4,1.9161553639399997,0
JTAI.US,D,20240216,000000,39316.6,49050,37350,48150,88.70923557352,0
JTAI.US,D,20240220,000000,45000,45000,39600,42210,9.4187768359,0
JTAI.US,D,20240221,000000,40050,43861.6,36630,41850,6.984310412679999,0
JTAI.US,D,20240222,000000,41044.6,42282,38250,40500,4.2870662379599995,0
JTAI.US,D,20240223,000000,42300,42300,36000,39087,8.309421391279999,0
JTAI.US,D,20240226,000000,37233,42750,36000,39352.6,14.703020751919999,0
JTAI.US,D,20240227,000000,39190.6,57600,38700,55800,85.86723585771999,0
JTAI.US,D,20240228,000000,59850,60300,45000,47250,34.90497428728,0
JTAI.US,D,20240229,000000,47250,50850,44149.6,44554.6,15.772798422719998,0
JTAI.US,D,20240301,000000,44905.6,45900,42975,44100,4.51191065992,0
JTAI.US,D,20240304,000000,45000,45900,38497.6,39154.6,8.22593251074,0
JTAI.US,D,20240305,000000,40950,41715,39618,40725,3.6954440748999997,0
JTAI.US,D,20240306,000000,42610.6,46800,40500,41400,7.365954818959999,0
JTAI.US,D,20240307,000000,42300,43650,40725,40950,7.20928816796,0
JTAI.US,D,20240308,000000,41400,42750,40050,40945.6,4.03057737472,0
JTAI.US,D,20240311,000000,40500,41625,39600,40234.6,5.6574438787,0
JTAI.US,D,20240312,000000,39595.6,40495.6,37800,38124,6.238799376119999,0
JTAI.US,D,20240313,000000,39699,42750,37800,38250,17.469709364139998,0
JTAI.US,D,20240314,000000,38110.6,38250,29700,29749.6,24.49819755018,0
JTAI.US,D,20240315,000000,48600,63000,43897.6,48600,2256.8635298691797,0
JTAI.US,D,20240318,000000,47700,48600,40014,43650,75.48734800682,0
JTAI.US,D,20240319,000000,43200,46800,40950,44779.6,35.77206308946,0
JTAI.US,D,20240320,000000,44779.6,48150,40707,41760,29.029330430399995,0
JTAI.US,D,20240321,000000,40950,41400,38250,38385,16.59793167354,0
JTAI.US,D,20240322,000000,38272.6,39213,36450,38673,6.9937104117399995,0
JTAI.US,D,20240325,000000,38340,41265,38025,40500,6.4332215789,0
JTAI.US,D,20240326,000000,39600,46350,38704.6,42480,19.09737586804,0
JTAI.US,D,20240327,000000,40900.6,42255,40050,40950,4.85031062608,0
JTAI.US,D,20240328,000000,40171.6,42750,39384,41625,5.5596661107,0
JTAI.US,D,20240401,000000,40500,43542,40306.6,40500,6.577043786739999,0
JTAI.US,D,20240402,000000,39600,41161.6,38250,39825,4.69857730792,0
JTAI.US,D,20240403,000000,39825,39825,36450,38250,9.12913242042,0
JTAI.US,D,20240404,000000,38623.6,39150,37120.6,38092.6,1.7089998290999997,0
JTAI.US,D,20240405,000000,38092.6,38092.6,36490.6,37714.6,1.6071553948399997,0
JTAI.US,D,20240408,000000,37800,38925,37125,37845,2.0186664648,0
JTAI.US,D,20240409,000000,37966.6,38682.4,36499.6,36900,2.39273309406,0
JTAI.US,D,20240410,000000,36000,36000,35100,35595,4.5517773226,0
JTAI.US,D,20240411,000000,35685,35685,33840,35176.6,3.9361773841599996,0
JTAI.US,D,20240412,000000,36000,37170,35100,36004.6,4.000732933259999,0
JTAI.US,D,20240415,000000,35100,37494,34020,35257.6,3.8219329511399995,0
JTAI.US,D,20240416,000000,34596,35757,31545,32960.2,2.93639970636,0
JTAI.US,D,20240417,000000,32935.6,32935.6,31410,31545,2.2075775570199996,0
JTAI.US,D,20240418,000000,31950,34560,31905,33304.6,1.7358442708599997,0
JTAI.US,D,20240419,000000,33750,33750,31950,32850,1.61537761624,0
JTAI.US,D,20240422,000000,32256,32400,30667.6,31158,1.8462220376,0
JTAI.US,D,20240423,000000,30600,32395.6,30600,32172.8,1.5269998473,0
JTAI.US,D,20240424,000000,32152.6,32400,31113,31410,1.08491100262,0
JTAI.US,D,20240425,000000,31500,32850,30838.6,31504.6,0.8967110214399999,0
JTAI.US,D,20240426,000000,32175,33300,31050,32404.6,1.5687109542399997,0
JTAI.US,D,20240429,000000,31860,32458.6,31545,31554,1.5397776238,0
JTAI.US,D,20240430,000000,34650,35100,31554,33255,2.90086637658,0
JTAI.US,D,20240501,000000,34155,34200,31702.6,32881.6,0.53897772388,0
JTAI.US,D,20240502,000000,33300,34200,31954.6,33300,1.4266443017799997,0
JTAI.US,D,20240503,000000,35010,35095.6,32058,33745.6,1.9930886895799997,0
JTAI.US,D,20240506,000000,33079.6,35100,31963.6,33849,1.4905554065,0
JTAI.US,D,20240507,000000,34650,34650,31104,31279.6,4.3546662311999995,0
JTAI.US,D,20240508,000000,32400,33750,30600,31410,10.94351001676,0
JTAI.US,D,20240509,000000,31387.6,31500,30105,31439.2,2.8421774935599995,0
JTAI.US,D,20240510,000000,31437,31945.6,30537,31050,1.5094442934999999,0
JTAI.US,D,20240513,000000,31657.6,31657.6,30600,30645,1.3623998637599999,0
JTAI.US,D,20240514,000000,32850,32850,30150,30654,2.58684418576,0
JTAI.US,D,20240515,000000,30721.6,31068,29700,30811.6,3.0469996953,0
JTAI.US,D,20240516,000000,31162.6,31162.6,30150,30541.6,0.9545332378799999,0
JTAI.US,D,20240517,000000,30604.6,31455,30150,30240,1.8384442606,0
JTAI.US,D,20240520,000000,31455,31491,30150,30735,1.85208870368,0
JTAI.US,D,20240521,000000,30465,31005,29700,29700,2.0567109054399997,0
JTAI.US,D,20240522,000000,30514.6,31050,29560.6,30361.6,1.3794443065,0
JTAI.US,D,20240523,000000,29565,33300,29565,31720.4,5.55131055598,0
JTAI.US,D,20240524,000000,31099.6,31387.6,29925,30746.2,3.0927330240599997,0
JTAI.US,D,20240528,000000,30744,30744,29745,30600,1.5104442934,0
JTAI.US,D,20240529,000000,30600,30600,29700,29925,0.9561332377199999,0
JTAI.US,D,20240530,000000,30825,30825,29493,29520,1.9294886959399997,0
JTAI.US,D,20240531,000000,29610,30375,28350,28395,1.0999998899999999,0
JTAI.US,D,20240603,000000,30105,30105,26550,28291.6,2.21226644544,0
JTAI.US,D,20240604,000000,27985.6,32400,27985.6,28773,5.42102168012,0
JTAI.US,D,20240605,000000,29250,29250,28035,28575,1.5403776237399998,0
JTAI.US,D,20240606,000000,28800,30150,28192.6,29520,2.43615531194,0
JTAI.US,D,20240607,000000,28710,29475,25200,26113.6,5.11937726584,0
JTAI.US,D,20240610,000000,27000,33300,26325,26955,12.33313210002,0
JTAI.US,D,20240611,000000,27000,27900,24781.6,25407,4.75504396894,0
JTAI.US,D,20240612,000000,26505,28755,19012.5,23805,17.71650933946,0
JTAI.US,D,20240613,000000,23850,23850,20250,22279.6,4.86691062442,0
JTAI.US,D,20240614,000000,21285,22500,21150,21600,2.77064416738,0
JTAI.US,D,20240617,000000,21649.6,23701.6,20299.6,22491,3.1898885699,0
JTAI.US,D,20240618,000000,21843,21843,20299.6,20299.6,1.39264430518,0
JTAI.US,D,20240620,000000,20700,21006,19395,19957.5,1.76964426748,0
JTAI.US,D,20240621,000000,21330,21330,19584,19620,1.5440442900399998,0
JTAI.US,D,20240624,000000,20250,22500,19350,21402,2.6550219567199997,0
JTAI.US,D,20240625,000000,21402,22500,19800,20443.6,1.2267109884399998,0
JTAI.US,D,20240626,000000,19980,22270.4,19800,20745,2.05924423852,0
JTAI.US,D,20240627,000000,20250,20250,16213.5,17149.5,22.42150886896,0
JTAI.US,D,20240628,000000,16875,16875,14445,15214.5,13.677887521099999,0
JTAI.US,D,20240701,000000,15709.5,15750,14449.5,14850,4.240332909299999,0
JTAI.US,D,20240702,000000,14404.5,14706,13149,13504.5,5.83513274982,0
JTAI.US,D,20240703,000000,13761,14400,13754.3,13999.5,3.64679963532,0
JTAI.US,D,20240705,000000,14670,16650,13504.5,15628.5,12.67004317744,0
JTAI.US,D,20240708,000000,15750,16537.5,14625,14899.5,2.7616219460599996,0
JTAI.US,D,20240709,000000,14611.5,15079.5,11299.5,13936.5,3.54526631214,0
JTAI.US,D,20240710,000000,13972.5,15300,13549.5,14571,9.13571019754,0
JTAI.US,D,20240711,000000,15030,16200,14089.5,16200,5.040843940359999,0
JTAI.US,D,20240712,000000,16119,16965,14089.5,15754.5,3.0741330259199997,0
JTAI.US,D,20240715,000000,15930,16200,14845.5,15309,3.2184441226,0
JTAI.US,D,20240716,000000,16155,16627.5,14850,15925.5,3.2955996704399997,0
JTAI.US,D,20240717,000000,15975,16290,14859,15507,2.4329997566999997,0
JTAI.US,D,20240718,000000,14895,15745.5,14400,14400,2.2587775518999997,0
JTAI.US,D,20240719,000000,14845.5,17100,14400,16650,62.66201595602,0
JTAI.US,D,20240722,000000,15750,16164,13500,14134.5,9.05713242762,0
JTAI.US,D,20240723,000000,14364,14364,12150,12825,7.534132579919999,0
JTAI.US,D,20240724,000000,12600,13041,12555,12780,3.19793301354,0
JTAI.US,D,20240725,000000,13950,15597,13612.5,15160.5,18.36626483004,0
JTAI.US,D,20240726,000000,15300,15300,12456,13513.5,6.9415993058400005,0
JTAI.US,D,20240729,000000,13500,13950,12825,13450.5,193.32895844488,0
JTAI.US,D,20240730,000000,19350,19480.5,14512.5,15079.5,1271.8449172599398,0
JTAI.US,D,20240731,000000,12051,13500,10935,13203,114.09798859019999,0
JTAI.US,D,20240801,000000,11970,13500,11749.5,12555,39.5878849301,0
JTAI.US,D,20240802,000000,12177,12375,11475,11880,11.980932135239998,0
JTAI.US,D,20240805,000000,10552.5,13050,10012.5,11250,22.928064373859996,0
JTAI.US,D,20240806,000000,11812.5,12141,10395,10809,11.844754371079999,0
JTAI.US,D,20240807,000000,10485,11070,10485,10876.5,5.317732801559999,0
JTAI.US,D,20240808,000000,10548,11245.5,10498.5,10701,4.47848844104,0
JTAI.US,D,20240809,000000,10350,12073.5,10350,11704.5,6.337088255179999,0
JTAI.US,D,20240812,000000,11700,11925,10953,11632.5,4.40926622574,0
JTAI.US,D,20240813,000000,11299.5,12055.5,11254.5,11385,5.5451105566,0
JTAI.US,D,20240814,000000,11700,11853,11002.5,11344.5,4.69962175226,0
JTAI.US,D,20240815,000000,11250,11250,10192.5,10458,7.135399286459999,0
JTAI.US,D,20240816,000000,10755,10755,9382.5,10143,5.4665550089,0
JTAI.US,D,20240819,000000,10125,10572.8,9337.5,9630,100.68141215408,0
JTAI.US,D,20240820,000000,9778.5,9891,8910,9000,33.96797438098,0
JTAI.US,D,20240821,000000,9315,9315,8370,8505,20.51906461476,0
JTAI.US,D,20240822,000000,8550,9810,8509.5,9085.5,31.87413014592,0
JTAI.US,D,20240823,000000,9121.5,9445.5,8550,9274.5,305.27172502838,0
JTAI.US,D,20240826,000000,9360,9405,8667,8734.5,26.41497513628,0
JTAI.US,D,20240827,000000,8734.5,9000,8109,8595,30.21984142246,0
JTAI.US,D,20240828,000000,8577,8577,7708.5,7888.5,15.351354020419999,0
JTAI.US,D,20240829,000000,8055,8325,6750,6750,22.3978866491,0
JTAI.US,D,20240830,000000,7200,7200,6570,6723,21.43919785608,0
JTAI.US,D,20240903,000000,6885,6885,6120,6412.5,18.21290928982,0
JTAI.US,D,20240904,000000,6538.5,6745.5,6192,6295.5,7.33195482236,0
JTAI.US,D,20240905,000000,6516,6516,5670,5989.5,28.55775269978,0
JTAI.US,D,20240906,000000,5850,6426,5553,5706,24.178997582099996,0
JTAI.US,D,20240909,000000,5737.5,6345,5553,5904,28.45935270962,0
JTAI.US,D,20240910,000000,6120,6187.5,5580,5643,18.82295367326,0
JTAI.US,D,20240911,000000,6525,6750,5026.5,5728.5,75.29545913712,0
JTAI.US,D,20240912,000000,5719.5,5755.5,5400,5485.5,10.86997669078,0
JTAI.US,D,20240913,000000,5751,6165,5481,5940,40.548262611839995,0
JTAI.US,D,20240916,000000,5940,5980.5,5535,5760,17.343331599,0
JTAI.US,D,20240917,000000,5670,5850,5548.5,5557.5,11.19357665842,0
JTAI.US,D,20240918,000000,5490,5800.5,5130,5265,15.926820629539998,0
JTAI.US,D,20240919,000000,5625,5850,5265,5445,23.414308769679998,0
JTAI.US,D,20240920,000000,5562,5575.5,4963.5,4963.5,30.74057470372,0
JTAI.US,D,20240923,000000,5143.5,5143.5,4612.5,4738.5,25.44626412204,0
JTAI.US,D,20240924,000000,4788,4914,4594.5,4869,22.40606442606,0
JTAI.US,D,20240925,000000,5040,5040,3820.5,4329,120.55301016691999,0
JTAI.US,D,20240926,000000,4374,4680,4167,4612.5,50.660750489479994,0
JTAI.US,D,20240927,000000,4590,4657.5,4158,4419,27.17084172736,0
JTAI.US,D,20240930,000000,4500,4927.5,4500,4860,30.752508035859996,0
JTAI.US,D,20241001,000000,4725,4860,4009.5,4081.5,50.05023943942,0
JTAI.US,D,20241002,000000,4216.5,4216.5,3555,4185,51.28523931592,0
JTAI.US,D,20241003,000000,4261.5,4261.5,4072.5,4158,26.372864029379997,0
JTAI.US,D,20241004,000000,4207.5,4207.5,3649.5,3825,37.71575178398,0
JTAI.US,D,20241007,000000,4005,4005,3460.5,3735,36.253751930179995,0
JTAI.US,D,20241008,000000,3622.5,4500,3510,3942,91.73227971565998,0
JTAI.US,D,20241009,000000,3825,4194.9,3622.5,4167,92.18963522548,0
JTAI.US,D,20241010,000000,6214.5,11434.5,3510,3676.5,18044.43904000036,0
JTAI.US,D,20241011,000000,4738.5,6615,4230,4545,7557.6186442380595,0
JTAI.US,D,20241014,000000,5346,5710.5,4590,4590,2434.96291205924,0
JTAI.US,D,20241015,000000,4815,4882.5,4068,4180.5,1000.9107887977999,0
JTAI.US,D,20241016,000000,4095,4117.5,3699,3874.5,549.86163390272,0
JTAI.US,D,20241017,000000,4500,5400,4207.5,4360.5,3010.2278323105197,0
JTAI.US,D,20241018,000000,5071.5,6750,4522.5,4635,7721.90549447604,0
JTAI.US,D,20241021,000000,4500,4635,4005,4099.5,1460.0205428868198,0
JTAI.US,D,20241022,000000,4180.5,4747.5,4050,4482,1461.3004094255,0
JTAI.US,D,20241023,000000,4320,4477.5,3957.76,4032,1086.65393577904,0
JTAI.US,D,20241024,000000,4023,4050,3600,3654,932.4276845349999,0
JTAI.US,D,20241025,000000,3600,3600,2992.5,3055.5,1003.015455254,0
JTAI.US,D,20241028,000000,3226.5,3420,3150,3150,1775.5981557734997,0
JTAI.US,D,20241029,000000,3118.5,3118.5,2794.5,3051,1122.97819881328,0
JTAI.US,D,20241030,000000,3150,3150,2790,2835,630.90222579866,0
JTAI.US,D,20241031,000000,2911.5,3312,2704.5,2938.5,1077.71291445092,0
JTAI.US,D,20241101,000000,3096,3096,2745,2785.5,320.7698568119,0
JTAI.US,D,20241104,000000,2893.5,3145.5,2790,3087,599.26447340688,0
JTAI.US,D,20241105,000000,3082.5,3249,2668.5,2736,1111.84084437146,0
JTAI.US,D,20241106,000000,2736,2740.5,2457,2691,549.8160561294999,0
JTAI.US,D,20241107,000000,2686.5,2785.5,2497.5,2587.5,558.74323301456,0
JTAI.US,D,20241108,000000,2331,2641.5,1800,1935,1093.9660017145,0
JTAI.US,D,20241111,000000,1912.5,2115,1687.5,1737,1356.49646435034,0
JTAI.US,D,20241112,000000,1382,1554,1180,1328,1891.905,0
JTAI.US,D,20241113,000000,1310,2072,1262,1624,3983.03,0
JTAI.US,D,20241114,000000,1436,1450,1098,1160,2185.765,0
JTAI.US,D,20241115,000000,1142,1154,1033.8,1070,495.67,0
JTAI.US,D,20241118,000000,1146,1339.98,1060,1270,4002.135,0
JTAI.US,D,20241119,000000,1262,1450,1155,1358,731.035,0
JTAI.US,D,20241120,000000,1212,1288,1196,1276,547.655,0
JTAI.US,D,20241121,000000,1250,1268.42,1180,1218,359.295,0
JTAI.US,D,20241122,000000,1608,1674,1080.02,1186,68384.34,0
JTAI.US,D,20241125,000000,1092,1187.98,1026,1112,1659.315,0
JTAI.US,D,20241126,000000,1108,1140,1070,1120,646.46,0
JTAI.US,D,20241127,000000,1078,1134,1042,1056,1204.47,0
JTAI.US,D,20241129,000000,1068,1080,944,978,1013.44,0
JTAI.US,D,20241202,000000,924,937.46,816,820,1205.145,0
JTAI.US,D,20241203,000000,760,788,702,774,1153.34,0
JTAI.US,D,20241204,000000,770,810,752,758,326.915,0
JTAI.US,D,20241205,000000,760,788,728.82,746,534.82,0
JTAI.US,D,20241206,000000,742,862.1,732.02,800,2302.5750000000003,0
JTAI.US,D,20241209,000000,820,885.76,776,850,7159.285,0
JTAI.US,D,20241210,000000,940,1370,787,806,27900.29,0
JTAI.US,D,20241211,000000,860,954,816,946,3297.855,0
JTAI.US,D,20241212,000000,960,1018.94,874,980,1767.605,0
JTAI.US,D,20241213,000000,954,978,880,904,766.99,0
JTAI.US,D,20241216,000000,882,934,858,880,721.4350000000001,0
JTAI.US,D,20241217,000000,882,904,840,854,567.35,0
JTAI.US,D,20241218,000000,840,860.7,768,776,606.23,0
JTAI.US,D,20241219,000000,810,810,742,792,381.035,0
JTAI.US,D,20241220,000000,746,784.5,710.28,712,1055.2,0
JTAI.US,D,20241223,000000,716,740,658,684,553.765,0
JTAI.US,D,20241224,000000,1512,1998,1170.02,1226,173499.54,0
JTAI.US,D,20241226,000000,1068,1298,972,1200,7729.59,0
JTAI.US,D,20241227,000000,1174,1258,1072.02,1096,2532.33,0
JTAI.US,D,20241230,000000,1078,1081,962,976,1676.845,0
JTAI.US,D,20241231,000000,1010,1010,822,908,1367.21,0
JTAI.US,D,20250102,000000,890,976,890,910,739.8000000000001,0
JTAI.US,D,20250103,000000,910,950.08,872,926,786.99,0
JTAI.US,D,20250106,000000,922,978,838,862,1569.315,0
JTAI.US,D,20250107,000000,872,876,806.02,820,698.04,0
JTAI.US,D,20250108,000000,828,839,740,750,694.34,0
JTAI.US,D,20250110,000000,732,799.92,720,770,612.64,0
JTAI.US,D,20250113,000000,774,774,686.8,704,678.3050000000001,0
JTAI.US,D,20250114,000000,706,758,684,694,1002.385,0
JTAI.US,D,20250115,000000,706,762,694,734,1274.635,0
JTAI.US,D,20250116,000000,746,810,702,748,990.33,0
JTAI.US,D,20250117,000000,760,790,736,772,413.815,0
JTAI.US,D,20250121,000000,764,774,714,720,725.465,0
JTAI.US,D,20250122,000000,728,767.98,690,690,2094.16,0
JTAI.US,D,20250123,000000,690,752,658,718,904.76,0
JTAI.US,D,20250124,000000,726,740,698,708,794.5550000000001,0
JTAI.US,D,20250127,000000,660,666.8,584,602,1051.415,0
JTAI.US,D,20250128,000000,602,629.98,570.44,618,587.41,0
JTAI.US,D,20250129,000000,604,629.7,578,584,636.115,0
JTAI.US,D,20250130,000000,586,590,528,538,750.5600000000001,0
JTAI.US,D,20250131,000000,536,558,524,532,505.64,0
JTAI.US,D,20250203,000000,516,516,468,502,615.94,0
JTAI.US,D,20250204,000000,494,520,494,500,313.855,0
JTAI.US,D,20250205,000000,500,503,460,468,463.11,0
JTAI.US,D,20250206,000000,468,520,468,510,1071.435,0
JTAI.US,D,20250207,000000,508,528,496,512,512.265,0
JTAI.US,D,20250210,000000,512,518,491.78,510,341.09000000000003,0
JTAI.US,D,20250211,000000,522,522,482,494,239.66,0
JTAI.US,D,20250212,000000,482,502.22,470,492,216.29500000000002,0
JTAI.US,D,20250213,000000,496,518,474,516,469.46000000000004,0
JTAI.US,D,20250214,000000,1166,1640,1014.02,1206,522380.65,0
JTAI.US,D,20250218,000000,964,1000,780.02,812,12906.075,0
JTAI.US,D,20250219,000000,1164,2354,1010,2030,746876.72,0
JTAI.US,D,20250220,000000,1998,2016,1306,1470,40016.340000000004,0
JTAI.US,D,20250221,000000,1424,1623.6,1242,1318,15302.025,0
JTAI.US,D,20250224,000000,1270,1288.52,1040,1176,5093.72,0
JTAI.US,D,20250225,000000,1214,1938,1214,1348,94709.24,0
JTAI.US,D,20250226,000000,1274,1532,1272,1384,7829.96,0
JTAI.US,D,20250227,000000,1364,1659.98,1328.02,1354,7271.675,0
JTAI.US,D,20250228,000000,1400,1502,1320,1416,3934.625,0
JTAI.US,D,20250303,000000,1436,1466,1250,1268,2843.555,0
JTAI.US,D,20250304,000000,1214,1214,1080,1126,2084.555,0
JTAI.US,D,20250305,000000,1140,1197.98,1123,1168,709.645,0
JTAI.US,D,20250306,000000,1126,1151,1059,1092,912.15,0
JTAI.US,D,20250307,000000,1092,1129.62,962,1020,1188.8,0
JTAI.US,D,20250310,000000,988,1006,776,812,1774.3,0
JTAI.US,D,20250311,000000,822,885.9,800.02,864,899.35,0
JTAI.US,D,20250312,000000,870,930,840,858,777.51,0
JTAI.US,D,20250313,000000,860,881.56,776,802,577.145,0
JTAI.US,D,20250314,000000,818,860,764,860,713.35,0
JTAI.US,D,20250317,000000,870,1122,858,942,2577.045,0
JTAI.US,D,20250318,000000,930,1064.94,900,1004,1276.065,0
JTAI.US,D,20250319,000000,1024,1117.98,1002.12,1038,1386.73,0
JTAI.US,D,20250320,000000,1038,1270,1014.06,1098,2260.8250000000003,0
JTAI.US,D,20250321,000000,1084,1196.34,1057.04,1080,1890.27,0
JTAI.US,D,20250324,000000,1134,1137.72,984,1018,1781.025,0
JTAI.US,D,20250325,000000,986,1005.72,901.6,934,1088.32,0
JTAI.US,D,20250326,000000,930,948.5,900,908,359.055,0
JTAI.US,D,20250327,000000,914,924,860,898,500.41,0
JTAI.US,D,20250328,000000,900,900,796,826,521.8,0
JTAI.US,D,20250331,000000,808,868,790.64,836,513.695,0
JTAI.US,D,20250401,000000,836,882,800,856,496.44,0
JTAI.US,D,20250402,000000,824,878,824,874,314.095,0
JTAI.US,D,20250403,000000,810,830.24,780,818,307.485,0
JTAI.US,D,20250404,000000,780,875.62,731,842,553.84,0
JTAI.US,D,20250407,000000,780,868,780,858,343.145,0
JTAI.US,D,20250408,000000,868,878,780,788,412.08500000000004,0
JTAI.US,D,20250409,000000,792,900,782,866,521.545,0
JTAI.US,D,20250410,000000,834,857.3,794,828,393.47,0
JTAI.US,D,20250411,000000,806,848,793.4,806,193.74,0
JTAI.US,D,20250414,000000,824,868,788,814,333.68,0
JTAI.US,D,20250415,000000,814,845.98,792,814,236.29500000000002,0
JTAI.US,D,20250416,000000,794,809.98,750,772,221.25,0
JTAI.US,D,20250417,000000,756,800,756,776,180.18,0
JTAI.US,D,20250421,000000,766,780,723.018,774,359.76,0
JTAI.US,D,20250422,000000,742,766.76,730.02,754,481.27500000000003,0
JTAI.US,D,20250423,000000,766,800,740,746,317.165,0
JTAI.US,D,20250424,000000,752,798,752,786,275.705,0
JTAI.US,D,20250425,000000,788,795.88,760,778,208.705,0
JTAI.US,D,20250428,000000,780,790,754,770,167.365,0
JTAI.US,D,20250429,000000,774,788.7,756.02,764,220.68,0
JTAI.US,D,20250430,000000,802,840,748,810,30068.595,0
JTAI.US,D,20250501,000000,770,796,758.02,768,1476.64,0
JTAI.US,D,20250502,000000,780,828,766.02,826,1584.64,0
JTAI.US,D,20250505,000000,820,940,802,864,1986.065,0
JTAI.US,D,20250506,000000,834,910,834,904,721.335,0
JTAI.US,D,20250507,000000,892,902,840,870,427.39,0
JTAI.US,D,20250508,000000,876,910,855.22,906,385.695,0
JTAI.US,D,20250509,000000,892,916,876,898,400.365,0
JTAI.US,D,20250512,000000,918,918,862,884,412.66,0
JTAI.US,D,20250513,000000,872,872.98,834,854,352.44,0
JTAI.US,D,20250514,000000,840,893.48,840,874,558.705,0
JTAI.US,D,20250515,000000,894,909.88,872.02,882,519.235,0
JTAI.US,D,20250516,000000,882,890,802,814,762.36,0
JTAI.US,D,20250519,000000,800,840,784,824,347.915,0
JTAI.US,D,20250520,000000,824,839.98,800,826,236.915,0
JTAI.US,D,20250521,000000,818,828,784,784,264.055,0
JTAI.US,D,20250522,000000,789,846,788,834,436.615,0
JTAI.US,D,20250523,000000,834,834,790,792,415.14,0
JTAI.US,D,20250527,000000,866,912,784,822,19989.12,0
JTAI.US,D,20250528,000000,800,806,750,762,2727.02,0
JTAI.US,D,20250529,000000,770,782,750,760,842.5550000000001,0
JTAI.US,D,20250530,000000,750,786,728,760,654.275,0
JTAI.US,D,20250602,000000,744,774,735,758,606.49,0
JTAI.US,D,20250603,000000,816,820,774,786,3575.2400000000002,0
JTAI.US,D,20250604,000000,828,828,770,814,1753.18,0
JTAI.US,D,20250605,000000,836,940,816,908,6865.0650000000005,0
JTAI.US,D,20250606,000000,900,900,834,842,1467.56,0
JTAI.US,D,20250609,000000,844,860,787,794,1296.855,0
JTAI.US,D,20250610,000000,796,821.84,791.22,804,403.675,0
JTAI.US,D,20250611,000000,810,812,768.42,774,819.205,0
JTAI.US,D,20250612,000000,790,790,740,746,838.95,0
JTAI.US,D,20250613,000000,740,753.56,706.14,716,677.77,0
JTAI.US,D,20250616,000000,722,737.62,680,690,633.385,0
JTAI.US,D,20250617,000000,690,709.96,670,674.76,366.48,0
JTAI.US,D,20250618,000000,680,712,680,700,427.095,0
JTAI.US,D,20250620,000000,706,708,688,688,551.235,0
JTAI.US,D,20250623,000000,692,776,686,748,1116.02,0
JTAI.US,D,20250624,000000,776,790,748,768,1016.605,0
JTAI.US,D,20250625,000000,778,778,736,740,514.27,0
JTAI.US,D,20250626,000000,688,770,682.02,710,8695.165,0
JTAI.US,D,20250627,000000,704,758,704,736,942.34,0
JTAI.US,D,20250630,000000,730,750,722,730,553.15,0
JTAI.US,D,20250701,000000,728,743.8,680,716,690.39,0
JTAI.US,D,20250702,000000,706,726,702,706,631.49,0
JTAI.US,D,20250703,000000,708,709.54,696,698,526.57,0
JTAI.US,D,20250707,000000,694,698,666,680,685.65,0
JTAI.US,D,20250708,000000,692,718,690.02,710,539.6,0
JTAI.US,D,20250709,000000,720,750,716,748,875.39,0
JTAI.US,D,20250710,000000,742,748,730,742,337.64,0
JTAI.US,D,20250711,000000,730,744,720,740,522.525,0
JTAI.US,D,20250714,000000,736,740,720.02,730,463.05,0
JTAI.US,D,20250715,000000,730,730,713.1,726,326.795,0
JTAI.US,D,20250716,000000,720,742,718,740,384.285,0
JTAI.US,D,20250717,000000,740,767,730,760,663.505,0
JTAI.US,D,20250718,000000,760,784,757.36,778,523.1,0
JTAI.US,D,20250721,000000,786,804,762,764,552.15,0
JTAI.US,D,20250722,000000,790,800,756,796,479.27500000000003,0
JTAI.US,D,20250723,000000,798,804,774,780,335.245,0
JTAI.US,D,20250724,000000,778,788,760,768,295.83,0
JTAI.US,D,20250725,000000,764,778,742,742,443.175,0
JTAI.US,D,20250728,000000,734,744,702,706,659.345,0
JTAI.US,D,20250729,000000,708,710,700,706,284.475,0
JTAI.US,D,20250730,000000,700,715.5,682,690,302.735,0
JTAI.US,D,20250731,000000,700,702,670,684,449.16,0
JTAI.US,D,20250801,000000,684,684,650,656,355.52,0
JTAI.US,D,20250804,000000,680,680,646,654,273.8,0
JTAI.US,D,20250805,000000,654,664,640,648,227.64000000000001,0
JTAI.US,D,20250806,000000,648,653.94,630,640,312.68,0
JTAI.US,D,20250807,000000,642,658,624,630,256.205,0
JTAI.US,D,20250808,000000,628,640,618,628,227.12,0
JTAI.US,D,20250811,000000,620,620,602,612,258.92,0
JTAI.US,D,20250812,000000,608,620,606.74,619,257.585,0
JTAI.US,D,20250813,000000,626,642,614,636,344.975,0
JTAI.US,D,20250814,000000,636,704,636,692,848.1750000000001,0
JTAI.US,D,20250815,000000,708,708,636,654,491.845,0
JTAI.US,D,20250818,000000,668,668,630,642,264.78000000000003,0
JTAI.US,D,20250819,000000,622,630,606,608,287.85,0
JTAI.US,D,20250820,000000,612,620,602,618,233.04500000000002,0
JTAI.US,D,20250821,000000,636,636,614.12,626,101.84,0
JTAI.US,D,20250822,000000,632,696,632,684,358.44,0
JTAI.US,D,20250825,000000,696,696,652,652,169.415,0
JTAI.US,D,20250826,000000,670,677.36,652,652,127.88000000000001,0
JTAI.US,D,20250827,000000,652,678,649.42,676,140.8,0
JTAI.US,D,20250828,000000,680,682,660.02,662,93.87,0
JTAI.US,D,20250829,000000,654,694,652,694,217.72,0
JTAI.US,D,20250902,000000,688,694,650,676,173.955,0
JTAI.US,D,20250903,000000,658,668,640.04,648,163,0
JTAI.US,D,20250904,000000,648,648,614,630,179.635,0
JTAI.US,D,20250905,000000,624,630,612,630,141.475,0
JTAI.US,D,20250908,000000,640,640,616,626,218.625,0
JTAI.US,D,20250909,000000,624,630,621,624,210.71,0
JTAI.US,D,20250910,000000,624,636,618,626,100.645,0
JTAI.US,D,20250911,000000,628,652,620.98,652,231.61,0
JTAI.US,D,20250912,000000,640,649.44,634.06,638,147.97,0
JTAI.US,D,20250915,000000,638,656,638,654,160.935,0
JTAI.US,D,20250916,000000,652,652,640,649.96,220.375,0
JTAI.US,D,20250917,000000,654,655.98,630,630,203.42000000000002,0
JTAI.US,D,20250918,000000,642,670,642,668,329.5,0
JTAI.US,D,20250919,000000,672,672,650,672,293.90500000000003,0
JTAI.US,D,20250922,000000,688,729,680,720,1089.2450000000001,0
JTAI.US,D,20250923,000000,724,800,712,716,1059.575,0
JTAI.US,D,20250924,000000,728,738,662,726,773.1750000000001,0
JTAI.US,D,20250925,000000,718,736,690,696,347.585,0
JTAI.US,D,20250926,000000,690,754.24,686,736,597.525,0
JTAI.US,D,20250929,000000,736,736,686,702,347.445,0
JTAI.US,D,20250930,000000,697.08,698,660,668,491.365,0
JTAI.US,D,20251001,000000,676,685.98,654,666,525.39,0
JTAI.US,D,20251002,000000,676,692,657.26,678,446.13,0
JTAI.US,D,20251003,000000,676,680,620,630,1803.8400000000001,0
JTAI.US,D,20251006,000000,648,652,613,616,1117.8,0
JTAI.US,D,20251007,000000,636,650,576,584,3659.375,0
JTAI.US,D,20251008,000000,590,596.14,562,586,762.485,0
JTAI.US,D,20251009,000000,590,614,582,588,619.485,0
JTAI.US,D,20251010,000000,606,608,532,536,1292.715,0
JTAI.US,D,20251013,000000,562,566,540,550,638.395,0
JTAI.US,D,20251014,000000,536,650,520,632,3633.705,0
JTAI.US,D,20251015,000000,638,646,596,614,1268.715,0
JTAI.US,D,20251016,000000,624,624,568,576,823.365,0
JTAI.US,D,20251017,000000,574,592,560,560,678.39,0
JTAI.US,D,20251020,000000,584,593.98,568,588,313.65000000000003,0
JTAI.US,D,20251021,000000,594,596.88,555,558,502.705,0
JTAI.US,D,20251022,000000,556,556,520,524,548.565,0
JTAI.US,D,20251023,000000,526,546,520,540,509.73,0
JTAI.US,D,20251024,000000,548,556,535.14,548,184.36,0
JTAI.US,D,20251027,000000,562,588,542.8,562,1200.375,0
JTAI.US,D,20251028,000000,570,578.72,539,540,702.72,0
JTAI.US,D,20251029,000000,536,536,486,504,1024.005,0
JTAI.US,D,20251030,000000,490,523.8,454,474,713.01,0
JTAI.US,D,20251031,000000,470,493.98,463.46,482,266.07,0
JTAI.US,D,20251103,000000,500,500.4,450,460,810.51,0
JTAI.US,D,20251104,000000,444,444,402,408,523.83,0
JTAI.US,D,20251105,000000,410,424,408.38,422,345.375,0
JTAI.US,D,20251106,000000,424,433.88,400,422,304.26,0
JTAI.US,D,20251107,000000,430,442.68,418,434,484.375,0
JTAI.US,D,20251110,000000,444,452,430,430,328.415,0
JTAI.US,D,20251111,000000,432,450,420,442,167.885,0
JTAI.US,D,20251112,000000,450,450,412,426,322.945,0
JTAI.US,D,20251113,000000,430,430,382.02,396,760.965,0
JTAI.US,D,20251114,000000,392,394,364,370,278.755,0
JTAI.US,D,20251117,000000,368,370,332,338,597.54,0
JTAI.US,D,20251118,000000,336,342,324.02,334,267.645,0
JTAI.US,D,20251119,000000,348,350,320,326,290.52500000000003,0
JTAI.US,D,20251120,000000,332,339.42,306,314,283.19,0
JTAI.US,D,20251121,000000,320,350,310,326,623.65,0
JTAI.US,D,20251124,000000,328,350,328,344,274.63,0
JTAI.US,D,20251125,000000,344,372,342,360,301.76,0
JTAI.US,D,20251126,000000,374,428,366,400,903.035,0
JTAI.US,D,20251128,000000,411,438,388,394,1090.845,0
JTAI.US,D,20251201,000000,380,380,350,350,316.11,0
JTAI.US,D,20251202,000000,340,342.32,308,308,762.9,0
JTAI.US,D,20251203,000000,308,309.92,279,304,518.635,0
JTAI.US,D,20251204,000000,316,352,306,324,1615.825,0
JTAI.US,D,20251205,000000,332,334,316,322,274.03000000000003,0
JTAI.US,D,20251208,000000,332,332,310,322,489.22,0
JTAI.US,D,20251209,000000,318,337.26,318,334,257.04,0
JTAI.US,D,20251210,000000,330,338,324,330,280.41,0
JTAI.US,D,20251211,000000,320,323,312,312,306.17,0
JTAI.US,D,20251212,000000,322,322,288,288.34,576.94,0
JTAI.US,D,20251215,000000,290,290,244,248.16,2106.37,0
JTAI.US,D,20251216,000000,258,258,230,234,610.455,0
JTAI.US,D,20251217,000000,236,249.98,232,240,392.57,0
JTAI.US,D,20251218,000000,254,254,212,216,883.665,0
JTAI.US,D,20251219,000000,214,236,214,232,354.645,0
JTAI.US,D,20251222,000000,238,242,230,240,449.765,0
JTAI.US,D,20251223,000000,332,332,152,172.16,85102.55500000001,0
JTAI.US,D,20251224,000000,174,174,134.84,147.96,8050.095,0
JTAI.US,D,20251226,000000,146.66,152.04,142.28,145.74,3062.975,0
JTAI.US,D,20251229,000000,145.78,145.78,133.2,140,3305.285,0
JTAI.US,D,20251230,000000,149,159,128,131,25137.315000000002,0
JTAI.US,D,20251231,000000,121.4,121.4,104.52,117.2,4537.495,0
JTAI.US,D,20260102,000000,120,135.01,112,129.52,2614.77,0
JTAI.US,D,20260105,000000,133.8,137.2,117.06,127.34,2839.585,0
JTAI.US,D,20260106,000000,128,128,123,127.6,1243.655,0
JTAI.US,D,20260107,000000,128,130.42,112,112,2540.505,0
JTAI.US,D,20260108,000000,156.38,229.98,138.28,144.88,1619372.725,0
JTAI.US,D,20260109,000000,139.8,140.18,107.1,110.02,74942.475,0
JTAI.US,D,20260112,000000,104.04,104.04,90.8,94,41766.425,0
JTAI.US,D,20260113,000000,90,92.9,67.6,80,150203.41,0
JTAI.US,D,20260114,000000,104.28,108.64,86.6,90.92,535876.205,0
JTAI.US,D,20260115,000000,96,101.54,86.64,93.2,182039.07,0
JTAI.US,D,20260116,000000,81.21,86.16,72.4,78.1,87260.25,0
JTAI.US,D,20260120,000000,80,87.08,78.2784,81.76,49194.15,0
JTAI.US,D,20260121,000000,72,77.2,64,69.38,56633.81,0
JTAI.US,D,20260122,000000,65.68,65.68,52.6,56.94,113206.365,0
JTAI.US,D,20260123,000000,62.44,65.98,57.3,60,70105.045,0
JTAI.US,D,20260126,000000,59.6,59.94,54,58.2,59995.965000000004,0
JTAI.US,D,20260127,000000,54.46,56.52,47,48.24,77450.675,0
JTAI.US,D,20260128,000000,51.08,52,42,51,119727.82,0
JTAI.US,D,20260129,000000,44.51,45.58,30.56,34,133316.275,0
JTAI.US,D,20260130,000000,32.8,33,28.94,29.68,66714.28,0
JTAI.US,D,20260202,000000,29.68,51.26,28.9,38,930335.175,0
JTAI.US,D,20260203,000000,35.88,36.06,31.4,33.16,133703.28,0
JTAI.US,D,20260204,000000,33.2,34,29,30.84,147185.855,0
JTAI.US,D,20260205,000000,32.54,50.32,29,29.16,1512115.8900000001,0
JTAI.US,D,20260206,000000,32.66,32.66,28.68,30,347813.84500000003,0
JTAI.US,D,20260209,000000,29.42,30,27.52,28.42,135493.21,0
JTAI.US,D,20260210,000000,28.04,29.5,27.26,29.38,129466.04000000001,0
JTAI.US,D,20260211,000000,29.08,29.18,27.14,28.08,102229.39,0
JTAI.US,D,20260212,000000,32.64,33.98,25.5,28,701241.4500000001,0
JTAI.US,D,20260213,000000,26.42,27.3,26,27.1,133077.655,0
JTAI.US,D,20260217,000000,22.51,23.26,18.38,20.22,194321.01,0
JTAI.US,D,20260218,000000,20.37,26.5,19.68,26,241608.36000000002,0
JTAI.US,D,20260219,000000,22.86,24.78,22.06,22.24,118996.91,0
JTAI.US,D,20260220,000000,22,22.44,20.9,21.76,71268.88,0
JTAI.US,D,20260223,000000,22,23.9,21.46,23.08,82708.62,0
JTAI.US,D,20260224,000000,22.18,23.02,21.2,22.49,44639.5,0
JTAI.US,D,20260225,000000,21.88,28.92,21.8,24.52,258473,0
JTAI.US,D,20260226,000000,23.52,23.76,22.3,22.72,74255.52500000001,0
JTAI.US,D,20260227,000000,22.6,23.04,21.5,22.2332,78700.715,0
JTAI.US,D,20260302,000000,22.1,22.62,21.2,22.62,58437.595,0
JTAI.US,D,20260303,000000,20.51,22,19.82,20.3,74669.355,0
JTAI.US,D,20260304,000000,21.16,23.52,20.64,22.82,79350.55,0
JTAI.US,D,20260305,000000,22.89,25.16,22.74,23.3,115568.965,0
JTAI.US,D,20260306,000000,21.38,22.7,21.18,21.22,74290.835,0
JTAI.US,D,20260309,000000,21.34,21.34,17.86,19.84,130380.565,0
JTAI.US,D,20260310,000000,20.44,20.44,19.46,19.9,49855.21,0
JTAI.US,D,20260311,000000,19.92,20.2,19.28,19.34,46529.29,0
JTAI.US,D,20260312,000000,19.58,20.72,19.4,19.8,51148.825000000004,0
JTAI.US,D,20260313,000000,19.84,20.2,16.32,19.32,40084.905,0
JTAI.US,D,20260316,000000,19.2,19.6,18.84,19.02,42946.03,0
JTAI.US,D,20260317,000000,26,26.54,20.42,21.2,2074702.375,0
JTAI.US,D,20260318,000000,20.34,21.38,19.1,19.6,159520.795,0
JTAI.US,D,20260319,000000,18.38,19.74,17,18.62,116868.72,0
JTAI.US,D,20260320,000000,18.87,20.94,18.8,20.94,82293.215,0
JTAI.US,D,20260323,000000,20.78,20.94,18.98,20.94,62798.695,0
JTAI.US,D,20260324,000000,20.6,20.74,17.24,20,45392.41,0
JTAI.US,D,20260325,000000,20,20.7,18.64,18.72,49214.565,0
JTAI.US,D,20260326,000000,19,19.3,17.4,17.78,71364.725,0
JTAI.US,D,20260327,000000,17.6,18.14,14,15.78,79193.065,0
JTAI.US,D,20260330,000000,16.14,17.6,15.92,16.22,60997.835,0
JTAI.US,D,20260331,000000,16.3,18,15.9,17.2,104653.43000000001,0
JTAI.US,D,20260401,000000,16.8,17.52,16.42,16.66,42233.270000000004,0
JTAI.US,D,20260402,000000,16.7,16.7,15.4,16.22,40867.94,0
JTAI.US,D,20260406,000000,16.4,16.72,7.42,8.32,506985.085,0
JTAI.US,D,20260407,000000,8.06,8.68,7.04,7.7,1038434.905,0
JTAI.US,D,20260408,000000,10.355,10.41,5.0201,5.71,4005005,0
JTAI.US,D,20260409,000000,5.3,6.6,5,6.6,2653322,0
JTAI.US,D,20260410,000000,6.3,6.3,5.77,6.06,352427,0
JTAI.US,D,20260413,000000,6.03,6.55,5.8856,6.55,443141,0
JTAI.US,D,20260414,000000,6.24,7.862,6.24,7.38,504953,0
JTAI.US,D,20260415,000000,7.18,7.95,6.83,7.66,330044,0
JTAI.US,D,20260416,000000,7.3,7.77,7.0101,7.65,217250,0
JTAI.US,D,20260417,000000,7.54,7.7699,7.15,7.28,210527,0
JTAI.US,D,20260420,000000,8.41,9.24,6.76,6.94,5109516,0
JTAI.US,D,20260421,000000,7.11,8.38,7.11,8.06,665516,0
JTAI.US,D,20260422,000000,7.83,8,7.45,7.65,200480,0
JTAI.US,D,20260423,000000,7.43,7.85,7.4001,7.69,196157,0
JTAI.US,D,20260424,000000,7.5,7.5938,6.9,7.12,196253,0
JTAI.US,D,20260427,000000,7.02,7.05,6.435,6.67,124104,0
JTAI.US,D,20260428,000000,6.52,6.52,6.0543,6.25,96962,0
JTAI.US,D,20260429,000000,6.28,6.46,6.11,6.31,78682,0
JTAI.US,D,20260430,000000,6.31,6.95,6.31,6.81,73940,0
JTAI.US,D,20260501,000000,7.12,7.45,6.71,7.03,552697,0
JTAI.US,D,20260504,000000,6.76,7.54,6.59,7.18,190235,0
JTAI.US,D,20260505,000000,7.11,7.2739,7,7.19,65474,0
JTAI.US,D,20260506,000000,7.07,7.7899,7.0659,7.67,188014,0
JTAI.US,D,20260507,000000,7.61,7.7,7.3958,7.555,230892,0
JTAI.US,D,20260508,000000,7.49,7.55,7.06,7.06,211867,0
JTAI.US,D,20260511,000000,7.03,7.23,6.62,6.68,188606,0
JTAI.US,D,20260512,000000,6.56,6.66,6.25,6.25,68972,0
JTAI.US,D,20260513,000000,6.3,6.41,6,6.29,94310,0
JTAI.US,D,20260514,000000,6.36,6.85,6.36,6.84,87568,0
JTAI.US,D,20260515,000000,6.7,7.29,6.5,6.96,157387,0
JTAI.US,D,20260518,000000,7.03,7.15,6.51,6.54,96504,0
JTAI.US,D,20260519,000000,6.53,6.55,6.27,6.37,72218,0
JTAI.US,D,20260520,000000,6.41,6.91,6.38,6.91,69472,0
JTAI.US,D,20260521,000000,6.87,7.1,6.68,6.91,128197,0
JTAI.US,D,20260522,000000,6.88,7.39,6.7886,7.07,211365,0
JTAI.US,D,20260526,000000,7.45,8.265,7.35,7.85,516073,0
JTAI.US,D,20260527,000000,7.74,8.5,7.6,8.46,391105,0
JTAI.US,D,20260528,000000,8.5,9.5,8.13,9.24,582124,0
JTAI.US,D,20260529,000000,8.39,9.14,8.02,8.32,279871,0
JTAI.US,D,20260601,000000,8.52,9.2,8.52,9.01,201021,0
JTAI.US,D,20260602,000000,9.05,9.2,8.39,8.55,218331,0
JTAI.US,D,20260603,000000,8.5,8.9986,8.08,8.14,157093,0
JTAI.US,D,20260604,000000,8.12,8.69,8,8.4,100191,0
JTAI.US,D,20260605,000000,8.21,8.24,7.4011,7.6,155758,0
JTAI.US,D,20260608,000000,7.65,8.295,7.495,7.9,143597,0
JTAI.US,D,20260609,000000,7.405,7.9957,6.89,7.81,698536,0
JTAI.US,D,20260610,000000,7.65,7.8908,7.35,7.4,128871,0
JTAI.US,D,20260611,000000,7.46,8.07,7.45,7.92,362385,0
JTAI.US,D,20260612,000000,7.56,7.56,6.56,6.75,225649,0
JTAI.US,D,20260615,000000,6.81,7.09,6.25,6.39,168422,0
JTAI.US,D,20260616,000000,6.3,6.39,5.82,6.23,175050,0
JTAI.US,D,20260617,000000,6.23,6.9,6.22,6.535,129052,0
JTAI.US,D,20260618,000000,6.67,7.1,6.3901,7.03,134740,0
JTAI.US,D,20260622,000000,6.97,7.1596,6.85,7.02,78804,0
JTAI.US,D,20260623,000000,6.78,7.09,6.7,7.03,63213,0
JTAI.US,D,20260624,000000,6.86,7.03,6.7,6.96,101304,0
