<TICKER>,<PER>,<DATE>,<TIME>,<OPEN>,<HIGH>,<LOW>,<CLOSE>,<VOL>,<OPENINT>
KIDZ.US,D,20250407,000000,2005,5000,1490,1960,381.144,0
KIDZ.US,D,20250408,000000,1600,1687.5,942.4,960,581.51,0
KIDZ.US,D,20250409,000000,965,1100,830,1015,398.134,0
KIDZ.US,D,20250410,000000,1100,1122.5,880,944.2,222.842,0
KIDZ.US,D,20250411,000000,960,1030,825,930,2136.33,0
KIDZ.US,D,20250414,000000,1060,1370,955,1040,45878.7,0
KIDZ.US,D,20250415,000000,915,947.1,635,690,2545.7,0
KIDZ.US,D,20250416,000000,630,800,560,630,1235.99,0
KIDZ.US,D,20250417,000000,630,740,605,650,1139.76,0
KIDZ.US,D,20250421,000000,625,650,515,540,521.014,0
KIDZ.US,D,20250422,000000,525,650,525,550,431.084,0
KIDZ.US,D,20250423,000000,575,625,550,560,266.534,0
KIDZ.US,D,20250424,000000,560,599.6,545,545,240.346,0
KIDZ.US,D,20250425,000000,545,580,520,540,327.194,0
KIDZ.US,D,20250428,000000,535,586.1,535,565,394.2,0
KIDZ.US,D,20250429,000000,560,599.75,550,585,312.458,0
KIDZ.US,D,20250430,000000,570,600,555.05,575,424.82,0
KIDZ.US,D,20250501,000000,1205,2715,1065,2680,525746,0
KIDZ.US,D,20250502,000000,4077.5,5325,3035,3590,225727,0
KIDZ.US,D,20250505,000000,3810,4070,2780,3155,41752.6,0
KIDZ.US,D,20250506,000000,3100,3575,3000,3250,12403.1,0
KIDZ.US,D,20250507,000000,3125,3240,2280,2285,7495.08,0
KIDZ.US,D,20250508,000000,2480,3150,2305,2560,14518.7,0
KIDZ.US,D,20250509,000000,2540,2785,2250,2310,3930.05,0
KIDZ.US,D,20250512,000000,2355,2390,1812.5,1850,3427.97,0
KIDZ.US,D,20250513,000000,1835,1980,1575,1610,2489.63,0
KIDZ.US,D,20250514,000000,1540,1750,1270,1305,3067.57,0
KIDZ.US,D,20250515,000000,1310,1605,1215,1285,5286.37,0
KIDZ.US,D,20250516,000000,1400,2070,1260.05,1750,23134.9,0
KIDZ.US,D,20250519,000000,1590,1725,1505,1505,1797.6,0
KIDZ.US,D,20250520,000000,1480,1660,1326,1400,1898.36,0
KIDZ.US,D,20250521,000000,1360,1775,1350,1460,5220.21,0
KIDZ.US,D,20250522,000000,1582.5,1835,1565,1695,32931.3,0
KIDZ.US,D,20250523,000000,1532.5,1629.95,1475,1550,1805.9,0
KIDZ.US,D,20250527,000000,1575,1675,1500,1505,1306.09,0
KIDZ.US,D,20250528,000000,1550,1565.3,1350,1380,1273.81,0
KIDZ.US,D,20250529,000000,1375,1590,1365.05,1405,1941.57,0
KIDZ.US,D,20250530,000000,1395,1455,1300,1330,956.23,0
KIDZ.US,D,20250602,000000,1512.5,2410,1330,1860,28539.7,0
KIDZ.US,D,20250603,000000,1900,3090,1830,2720,56756.8,0
KIDZ.US,D,20250604,000000,2730,2730,1825,2280,9003.21,0
KIDZ.US,D,20250605,000000,2252.5,2285,1777.5,1840,1994.87,0
KIDZ.US,D,20250606,000000,1875,2075,1605,1870,1885.18,0
KIDZ.US,D,20250609,000000,1990,2290,1950,2195,3239.45,0
KIDZ.US,D,20250610,000000,2020,2327.75,1900,1940,1726.44,0
KIDZ.US,D,20250611,000000,1950,2130,1900,2045,999.542,0
KIDZ.US,D,20250612,000000,2025,2080,1880,1955,918.604,0
KIDZ.US,D,20250613,000000,1835,1900.05,1745.15,1840,721.676,0
KIDZ.US,D,20250616,000000,1875,2325,1840,2115,2257.13,0
KIDZ.US,D,20250617,000000,2045,2074.15,1825,1955,984.454,0
KIDZ.US,D,20250618,000000,1975,2035,1880,1985,508.334,0
KIDZ.US,D,20250620,000000,1960,2025,1755,1855,1770.33,0
KIDZ.US,D,20250623,000000,1805,1827.5,1535,1605,687.548,0
KIDZ.US,D,20250624,000000,1600,1729.95,1513.56,1585,673.976,0
KIDZ.US,D,20250625,000000,1600,1600,1450,1540,460.942,0
KIDZ.US,D,20250626,000000,1500,1500,1440,1450,249.817,0
KIDZ.US,D,20250627,000000,1420,1490,1420,1470,260.782,0
KIDZ.US,D,20250630,000000,1500,1509.95,1395,1470,468.74,0
KIDZ.US,D,20250701,000000,1515,1515,1300,1390,598.41,0
KIDZ.US,D,20250702,000000,1450,1695,1450,1500,1965.27,0
KIDZ.US,D,20250703,000000,1500,1511.05,1372.5,1390,685.11,0
KIDZ.US,D,20250707,000000,1390,1400,1295,1370,488.152,0
KIDZ.US,D,20250708,000000,1300,1465,1300,1420,423.292,0
KIDZ.US,D,20250709,000000,1632.5,1690,1405,1570,20254.1,0
KIDZ.US,D,20250710,000000,1510,1749.8,1501.45,1700,2134.43,0
KIDZ.US,D,20250711,000000,1685,1870,1555,1565,1494.32,0
KIDZ.US,D,20250714,000000,1545,1695,1520,1625,2655.59,0
KIDZ.US,D,20250715,000000,1610,1610,1475,1550,735.488,0
KIDZ.US,D,20250716,000000,1615,1800,1560,1740,2069.75,0
KIDZ.US,D,20250717,000000,1800,1815,1610,1695,897.534,0
KIDZ.US,D,20250718,000000,1700,1700.7,1518.85,1525,732.292,0
KIDZ.US,D,20250721,000000,1580,1625,1347.5,1410,2940.61,0
KIDZ.US,D,20250722,000000,1460,1460,1250,1270,1806.02,0
KIDZ.US,D,20250723,000000,1290,1290,1115,1140,1551.65,0
KIDZ.US,D,20250724,000000,1135,1225,1105,1160,1080.01,0
KIDZ.US,D,20250725,000000,1175,1180,985,1025,2535.26,0
KIDZ.US,D,20250728,000000,1010,1065,1000,1000,633.67,0
KIDZ.US,D,20250729,000000,1000,1000,800,820,1323.03,0
KIDZ.US,D,20250730,000000,820,825,705,710,813.13,0
KIDZ.US,D,20250731,000000,735,940,710,830,5094.9,0
KIDZ.US,D,20250801,000000,790,810,705,720,887.492,0
KIDZ.US,D,20250804,000000,715,750,657.5,662.5,1149.52,0
KIDZ.US,D,20250805,000000,650,677.5,595,620,1022.48,0
KIDZ.US,D,20250806,000000,610,680,580,665,1663.17,0
KIDZ.US,D,20250807,000000,660,660.25,595,615,1353.77,0
KIDZ.US,D,20250808,000000,660,789.95,655.05,760,3608.45,0
KIDZ.US,D,20250811,000000,750,765,685,700,1301.71,0
KIDZ.US,D,20250812,000000,680,700,645,690,818.284,0
KIDZ.US,D,20250813,000000,690,765,665,700,1437.08,0
KIDZ.US,D,20250814,000000,670,700,625,660,719.342,0
KIDZ.US,D,20250815,000000,650,660,625,650,451.138,0
KIDZ.US,D,20250818,000000,635,649.8,625,635,414.882,0
KIDZ.US,D,20250819,000000,640,645,600,602.5,659.25,0
KIDZ.US,D,20250820,000000,595,610,570,585,396.24,0
KIDZ.US,D,20250821,000000,580,625,575.15,605,445.66,0
KIDZ.US,D,20250822,000000,590,660,590,640,578.534,0
KIDZ.US,D,20250825,000000,650,657.45,615,645,415.068,0
KIDZ.US,D,20250826,000000,640,661,590,650,725.63,0
KIDZ.US,D,20250827,000000,645,670,602.5,625,671.972,0
KIDZ.US,D,20250828,000000,640,665,625,650,471.986,0
KIDZ.US,D,20250829,000000,650,650,597.5,625,582.116,0
KIDZ.US,D,20250902,000000,610,615,575,605,410.484,0
KIDZ.US,D,20250903,000000,600,620,575,585,400.906,0
KIDZ.US,D,20250904,000000,585,602.8,487.35,515,1100.21,0
KIDZ.US,D,20250905,000000,505,520,480.6,496.85,558.156,0
KIDZ.US,D,20250908,000000,520,615,500,545,2709.68,0
KIDZ.US,D,20250909,000000,650,785,554.75,665,12389.9,0
KIDZ.US,D,20250910,000000,685,1460,625,1065,90282.3,0
KIDZ.US,D,20250911,000000,914.6,914.6,730,740,7104.84,0
KIDZ.US,D,20250912,000000,750,805,670,700,3592.87,0
KIDZ.US,D,20250915,000000,690,805,690,740,3993.33,0
KIDZ.US,D,20250916,000000,715,740,685,710,1749.28,0
KIDZ.US,D,20250917,000000,700,740,660,665,1538.31,0
KIDZ.US,D,20250918,000000,685,735,675.05,730,1147.91,0
KIDZ.US,D,20250919,000000,725,730,670,675,865.624,0
KIDZ.US,D,20250922,000000,670,695,655.05,670,598.172,0
KIDZ.US,D,20250923,000000,670,680,640,645,440.596,0
KIDZ.US,D,20250924,000000,640,650,610,610,676.802,0
KIDZ.US,D,20250925,000000,610,617.45,555,570,979.996,0
KIDZ.US,D,20250926,000000,560,599.95,560,585,326.886,0
KIDZ.US,D,20250929,000000,605,640,590,630,1124.03,0
KIDZ.US,D,20250930,000000,625,625,585,605,621.974,0
KIDZ.US,D,20251001,000000,605,640,600,610,592.978,0
KIDZ.US,D,20251002,000000,605,615,539.95,565,1486.75,0
KIDZ.US,D,20251003,000000,655,665,600,645,62442.7,0
KIDZ.US,D,20251006,000000,590,595,560,580,3870.62,0
KIDZ.US,D,20251007,000000,565,585,525,540,3077.14,0
KIDZ.US,D,20251008,000000,545,570,530,560,2000.71,0
KIDZ.US,D,20251009,000000,560,560,515,520,1729.89,0
KIDZ.US,D,20251010,000000,520,545,490,492.9,2742.01,0
KIDZ.US,D,20251013,000000,500,500,440,467.1,1903.47,0
KIDZ.US,D,20251014,000000,455,514.9,445,490.95,1116.54,0
KIDZ.US,D,20251015,000000,485.4,497.05,455,468.2,807.546,0
KIDZ.US,D,20251016,000000,460.3,460.3,425,434.55,1002.67,0
KIDZ.US,D,20251017,000000,425,464.6,425,437.5,731.674,0
KIDZ.US,D,20251020,000000,455,455.2,432.15,438.3,457.492,0
KIDZ.US,D,20251021,000000,435,440,425.5,430.55,497.864,0
KIDZ.US,D,20251022,000000,420,420,385,388.85,1112.06,0
KIDZ.US,D,20251023,000000,380,381,365.05,372.4,458.688,0
KIDZ.US,D,20251024,000000,372.4,390,367.7,377,391.62,0
KIDZ.US,D,20251027,000000,385,445,375.95,413.05,3365.91,0
KIDZ.US,D,20251028,000000,407.3,409.4,355.55,365.05,1622.58,0
KIDZ.US,D,20251029,000000,361.2,361.25,325,326.4,953.798,0
KIDZ.US,D,20251030,000000,325,328.7,305.8,316.55,820.6,0
KIDZ.US,D,20251031,000000,328.5,361.3,304.95,316.25,1441.94,0
KIDZ.US,D,20251103,000000,311.75,315.6,297.25,300,908.602,0
KIDZ.US,D,20251104,000000,293.15,297.55,272.8,277.35,842.014,0
KIDZ.US,D,20251105,000000,276.15,347.8,276.15,308.95,2828.61,0
KIDZ.US,D,20251106,000000,302.95,313.1,280.75,288.5,858.624,0
KIDZ.US,D,20251107,000000,280.5,329.85,272.9,287.55,1125.5,0
KIDZ.US,D,20251110,000000,286.5,289.9,265,270.55,901.234,0
KIDZ.US,D,20251111,000000,270,289.4,265.05,286,316.55,0
KIDZ.US,D,20251112,000000,287.5,325,282.5,310.2,25518,0
KIDZ.US,D,20251113,000000,307.85,315,215,241.15,10335.4,0
KIDZ.US,D,20251114,000000,215.5,236.85,206.15,213.3,2537.34,0
KIDZ.US,D,20251117,000000,214.35,237.15,210.15,224.1,1505.8,0
KIDZ.US,D,20251118,000000,215.5,234.5,208.67,234,1343.28,0
KIDZ.US,D,20251119,000000,217.85,226.85,202.55,218.2,1421.78,0
KIDZ.US,D,20251120,000000,217.95,235,185.825,194.3,2011.34,0
KIDZ.US,D,20251121,000000,189.25,206.5,186.05,206,675.412,0
KIDZ.US,D,20251124,000000,203.8,222.5,193.425,209.7,1452.61,0
KIDZ.US,D,20251125,000000,198.45,204.6,191.25,199.55,1040.94,0
KIDZ.US,D,20251126,000000,193.25,205.3,186.15,197.6,1038.37,0
KIDZ.US,D,20251128,000000,194.9,205.55,190.1,195.3,346.136,0
KIDZ.US,D,20251201,000000,195.65,195.65,161,164.7,2038.99,0
KIDZ.US,D,20251202,000000,165,172.95,154.85,160.25,1360.93,0
KIDZ.US,D,20251203,000000,155.1,168.65,155,166.5,569.676,0
KIDZ.US,D,20251204,000000,166.4,174.9,155.75,159.75,1055.59,0
KIDZ.US,D,20251205,000000,162.925,164.95,147.2,154.45,1426.5,0
KIDZ.US,D,20251208,000000,158.25,163.9,151.555,155.45,717.064,0
KIDZ.US,D,20251209,000000,155.5,160,150.5,155.45,425.66,0
KIDZ.US,D,20251210,000000,155.95,175,150.8,155,1742.65,0
KIDZ.US,D,20251211,000000,153.5,172.5,150.55,167,909.994,0
KIDZ.US,D,20251212,000000,171,180.7,150.3,150.35,1402.03,0
KIDZ.US,D,20251215,000000,155,155.1,125.3,128.85,1428.69,0
KIDZ.US,D,20251216,000000,125.3,143.7,125.3,138.25,743.934,0
KIDZ.US,D,20251217,000000,139.95,145.75,136.426,137,453.748,0
KIDZ.US,D,20251218,000000,139,147,132.65,133.95,716.576,0
KIDZ.US,D,20251219,000000,131.5,140,131.5,135,967.186,0
KIDZ.US,D,20251222,000000,135,144.5,130.05,130.8,656.116,0
KIDZ.US,D,20251223,000000,140,140,107.55,111.25,2854.42,0
KIDZ.US,D,20251224,000000,105,110,99.05,103.9,1422.62,0
KIDZ.US,D,20251226,000000,107.8,114.95,100,101.1,1396.36,0
KIDZ.US,D,20251229,000000,98.15,106.5,98,101.45,1400.23,0
KIDZ.US,D,20251230,000000,100.1,104,91.55,96.15,1213.16,0
KIDZ.US,D,20251231,000000,96.35,99.3875,87.1,89,1423.94,0
KIDZ.US,D,20260102,000000,90.7,97.295,85.25,92.5,3202.58,0
KIDZ.US,D,20260105,000000,99,104.645,95.45,97,2303.58,0
KIDZ.US,D,20260106,000000,100,119.35,92.5,95.95,7973.04,0
KIDZ.US,D,20260107,000000,94.05,103.25,89.3,92,2216.18,0
KIDZ.US,D,20260108,000000,93.15,108.75,92.2,99.05,2446.55,0
KIDZ.US,D,20260109,000000,103.7,109.95,97.35,100.5,3394.11,0
KIDZ.US,D,20260112,000000,103.9,113.95,97.5,99.3,8354.5,0
KIDZ.US,D,20260113,000000,101.3,106.15,92,93.7,4279.23,0
KIDZ.US,D,20260114,000000,92.5,103.2,90.5,97.5,2155.62,0
KIDZ.US,D,20260115,000000,97.8,104.75,93.05,101.8,2136.28,0
KIDZ.US,D,20260116,000000,105,105.5,99.3,102.4,843.887,0
KIDZ.US,D,20260120,000000,100,100,92.075,93.3,879.74,0
KIDZ.US,D,20260121,000000,95.85,98,91.05,93.5,942.098,0
KIDZ.US,D,20260122,000000,95.35,103.45,94.65,95,1968.7,0
KIDZ.US,D,20260123,000000,95.4,102.95,93.1,97.5,1990.3,0
KIDZ.US,D,20260126,000000,94.5,102.4,92.6,99.5,1410.32,0
KIDZ.US,D,20260127,000000,104,105.65,98.1005,100.65,1864.38,0
KIDZ.US,D,20260128,000000,105,105,92.5,93.75,1342.38,0
KIDZ.US,D,20260129,000000,90.95,94.85,76.4,88,2401.18,0
KIDZ.US,D,20260130,000000,84,87.15,81.5,84.65,843.716,0
KIDZ.US,D,20260202,000000,87.5,92.05,81.55,85,1452.02,0
KIDZ.US,D,20260203,000000,84.5,89.2,79.8,80.3,1130.58,0
KIDZ.US,D,20260204,000000,84.5,84.5,72.5,75.15,1248.47,0
KIDZ.US,D,20260205,000000,74.5,74.5,65.005,69.75,1535.38,0
KIDZ.US,D,20260206,000000,74.5,78.45,71.5,75,683.15,0
KIDZ.US,D,20260209,000000,75,81.65,72.7,80.25,1223.87,0
KIDZ.US,D,20260210,000000,80.25,80.25,73.5,77.85,2129.06,0
KIDZ.US,D,20260211,000000,151.8,156.95,85.85,93,992430,0
KIDZ.US,D,20260212,000000,77.2,81.15,71,79.5,34532.5,0
KIDZ.US,D,20260213,000000,71,75,68.8,71.5,11405.6,0
KIDZ.US,D,20260217,000000,65.35,70.35,65,69.15,8299.05,0
KIDZ.US,D,20260218,000000,65,73.35,63.8,67.5,8297.08,0
KIDZ.US,D,20260219,000000,63.85,65.25,58.25,59.85,6553.57,0
KIDZ.US,D,20260220,000000,58,58.5,47.7,50.15,10322.7,0
KIDZ.US,D,20260223,000000,50.5,50.7,43.5,46.1,6759.2,0
KIDZ.US,D,20260224,000000,46.15,49.35,43.85,47.35,4163.2,0
KIDZ.US,D,20260225,000000,66.75,69.65,53.15,54,617526,0
KIDZ.US,D,20260226,000000,48,49.4,43.5,47.2,28573.8,0
KIDZ.US,D,20260227,000000,43.95,47.6,41.55,44.9,11270.5,0
KIDZ.US,D,20260302,000000,44.45,44.5,39.55,42.6,10579.4,0
KIDZ.US,D,20260303,000000,40.5,42.0495,36.25,40.8995,9210.8,0
KIDZ.US,D,20260304,000000,43.5,60,40.65,48.45,410328,0
KIDZ.US,D,20260305,000000,35,42.5,33.15,37.25,56651,0
KIDZ.US,D,20260306,000000,34,37,31.2,34,16905.1,0
KIDZ.US,D,20260309,000000,38,38,30,31,14074.1,0
KIDZ.US,D,20260310,000000,32.5,39.9,27,28.09,78061.9,0
KIDZ.US,D,20260311,000000,27.4,28.386,24.801,27.5,17613.3,0
KIDZ.US,D,20260312,000000,26.7,27.9,26,26.1,11108.1,0
KIDZ.US,D,20260313,000000,28.95,31.8,27.4,28.1,1466614,0
KIDZ.US,D,20260316,000000,27.5,27.5,25.2,26.8,28836.5,0
KIDZ.US,D,20260317,000000,26.3,26.8,23,25.2,23043.3,0
KIDZ.US,D,20260318,000000,24.2,27.1,23.61,27.1,16471.4,0
KIDZ.US,D,20260319,000000,25.6,25.6,24.1,25.1,5529.1,0
KIDZ.US,D,20260320,000000,24.5,24.86,22.6,23.4,4454.6,0
KIDZ.US,D,20260323,000000,22.9,24.23,22.9,23.6,4346.8,0
KIDZ.US,D,20260324,000000,23.1,23.1,21.5,22.1,5701.8,0
KIDZ.US,D,20260325,000000,22.1,24.5,20.3,24.1,13783.1,0
KIDZ.US,D,20260326,000000,23.8,26.799,22.6,25.4,37766.1,0
KIDZ.US,D,20260327,000000,24.6,28.6,24.1,24.8,21513.9,0
KIDZ.US,D,20260330,000000,24.9,25.5,20.1,20.5,7092.6,0
KIDZ.US,D,20260331,000000,36.2,43.399,28.9,30.8,8905333,0
KIDZ.US,D,20260401,000000,32.3,36.3,30,35,300107,0
KIDZ.US,D,20260402,000000,36.3,36.9,30.6,33.7,233857,0
KIDZ.US,D,20260406,000000,30,35.5,27.5,31.2,40603.2,0
KIDZ.US,D,20260407,000000,29.4,34.8,29.4,33.7,23371.3,0
KIDZ.US,D,20260408,000000,33.4,35.5,30.3,31.1,25099.6,0
KIDZ.US,D,20260409,000000,30.7,31.3,24.5,25.2,19026.2,0
KIDZ.US,D,20260410,000000,24.6,25.496,22.7,23.1,7389.1,0
KIDZ.US,D,20260413,000000,22.6,22.6,20.6,21.7,15142.2,0
KIDZ.US,D,20260414,000000,21.7,22.499,21,22.4,18517.5,0
KIDZ.US,D,20260415,000000,18.2,18.25,14.1,15.8,1317530,0
KIDZ.US,D,20260416,000000,14.9,17.6,14.9,16.9,44919.9,0
KIDZ.US,D,20260417,000000,16.6,18.6,16.4,17,78399.2,0
KIDZ.US,D,20260420,000000,16.7,16.8,15.6,15.7,25404.7,0
KIDZ.US,D,20260421,000000,15.5,15.9,15,15.3,13934.3,0
KIDZ.US,D,20260422,000000,16.5,17.2,10.2,11.4,3160156,0
KIDZ.US,D,20260423,000000,10.7,12,9.9,11.7,107562,0
KIDZ.US,D,20260424,000000,11,11,9.258,9.487,65203.1,0
KIDZ.US,D,20260427,000000,9.2,9.9,8.3,9.698,896163,0
KIDZ.US,D,20260428,000000,11.5,11.9,10.25,10.9,3647963,0
KIDZ.US,D,20260429,000000,9.65,9.85,8.8,8.9,308035,0
KIDZ.US,D,20260430,000000,8.626,9.625,8.3,9.358,93825.8,0
KIDZ.US,D,20260501,000000,8.9,8.986,8.1,8.45,76620.8,0
KIDZ.US,D,20260504,000000,8.829,10,8.228,8.6,436965,0
KIDZ.US,D,20260505,000000,8.175,8.25,7.005,7.398,101760,0
KIDZ.US,D,20260506,000000,7.1,7.337,6,6.66,76927.1,0
KIDZ.US,D,20260507,000000,6.481,6.7,6.317,6.679,29336.9,0
KIDZ.US,D,20260508,000000,6.696,6.696,6.20101,6.562,19921.1,0
KIDZ.US,D,20260511,000000,6.1,6.284,4.155,5.346,4026829,0
KIDZ.US,D,20260512,000000,4.848,5.7,4.815,5.301,138913,0
KIDZ.US,D,20260513,000000,5.2,5.5,5.12,5.32,52863.9,0
KIDZ.US,D,20260514,000000,5.163,5.543,5.101,5.5,59633.2,0
KIDZ.US,D,20260515,000000,4.99,5,4.5745,4.689,49786,0
KIDZ.US,D,20260518,000000,4.611,4.789,4.5895,4.694,33827.7,0
KIDZ.US,D,20260519,000000,4.694,4.694,4.237,4.363,45728.2,0
KIDZ.US,D,20260520,000000,4.238,4.255,3.658,3.898,53301.2,0
KIDZ.US,D,20260521,000000,3.8505,3.899,3.506,3.672,39688.1,0
KIDZ.US,D,20260522,000000,4.407,6.8849,4.345,4.58,17354915,0
KIDZ.US,D,20260526,000000,4.469,5.199,4.322,5.05,1449423,0
KIDZ.US,D,20260527,000000,4.983,4.983,3.94,4.28,373195,0
KIDZ.US,D,20260528,000000,4.116,4.154,3.742,4.154,326481,0
KIDZ.US,D,20260529,000000,4.04,4.55,3.84,4.021,600753,0
KIDZ.US,D,20260601,000000,4.1,4.378,3.85,3.85,1169760,0
KIDZ.US,D,20260602,000000,3.851,3.851,3.179,3.391,359028,0
KIDZ.US,D,20260603,000000,3.3735,3.596,3.305,3.537,324731,0
KIDZ.US,D,20260604,000000,2.512,2.9,2.38,2.703,386602,0
KIDZ.US,D,20260605,000000,2.37,2.569,2.141,2.387,186002,0
KIDZ.US,D,20260608,000000,2.39,2.7109,2.18,2.43,353907,0
KIDZ.US,D,20260609,000000,2.44,2.479,2.15,2.385,164823,0
KIDZ.US,D,20260610,000000,1.95,2.19,1.7401,1.77,11779529,0
KIDZ.US,D,20260611,000000,1.6,1.85,1.55,1.85,4169583,0
KIDZ.US,D,20260612,000000,1.74,1.823,1.7,1.72,506804,0
KIDZ.US,D,20260615,000000,1.64,1.9299,1.61,1.69,389875,0
KIDZ.US,D,20260616,000000,1.65,1.6724,1.37,1.42,406473,0
KIDZ.US,D,20260617,000000,1.36,1.5,1.31,1.48,239536,0
KIDZ.US,D,20260618,000000,1.45,1.5499,1.45,1.49,86040,0
KIDZ.US,D,20260622,000000,1.47,1.53,1.4,1.43,7929214,0
KIDZ.US,D,20260623,000000,1.07,1.1,0.93,0.9799,1369207,0
KIDZ.US,D,20260624,000000,0.99,1.08,0.9404,0.9655,5239575,0
