<TICKER>,<PER>,<DATE>,<TIME>,<OPEN>,<HIGH>,<LOW>,<CLOSE>,<VOL>,<OPENINT>
LBGJ.US,D,20241023,000000,470,550,406,410,15765.42,0
LBGJ.US,D,20241024,000000,417,429.99,390,393,4155.33,0
LBGJ.US,D,20241025,000000,380,405,373,381,3770.86,0
LBGJ.US,D,20241028,000000,394.5,460,394.5,430,1351.21,0
LBGJ.US,D,20241029,000000,427,449,400,426,798.24,0
LBGJ.US,D,20241030,000000,415.2,442,415,431,338.88,0
LBGJ.US,D,20241031,000000,409.95,441,409.95,425,430.82,0
LBGJ.US,D,20241101,000000,400,423.89,400,412,99.67,0
LBGJ.US,D,20241104,000000,413.21,420,407,420,86.14,0
LBGJ.US,D,20241105,000000,428,447,420,428.3,368.56,0
LBGJ.US,D,20241106,000000,433,440.64,417,421.01,80.07000000000001,0
LBGJ.US,D,20241107,000000,416,437.82,400,405,469.1,0
LBGJ.US,D,20241108,000000,404,407.15,391,398,107.91,0
LBGJ.US,D,20241111,000000,398,401,391,400,90.2,0
LBGJ.US,D,20241112,000000,394,401,391,401,190.8,0
LBGJ.US,D,20241113,000000,391,422.6,391,415,79.54,0
LBGJ.US,D,20241114,000000,408,410,401.9,402.5,222.4,0
LBGJ.US,D,20241115,000000,410,410,360,370,648.5,0
LBGJ.US,D,20241118,000000,360.9,360.9,303,319,430.97,0
LBGJ.US,D,20241119,000000,327.2,400,320,399,1122.42,0
LBGJ.US,D,20241120,000000,399,436.5,350,350,3704.75,0
LBGJ.US,D,20241121,000000,350,386,347.58,348.01,308.52,0
LBGJ.US,D,20241122,000000,343.3,370,333.04,369.99,103.33,0
LBGJ.US,D,20241125,000000,382.46,425.99,347,349,3449.16,0
LBGJ.US,D,20241126,000000,354,380.4,333,340,3132.1800000000003,0
LBGJ.US,D,20241127,000000,339,361,330,330,1191.41,0
LBGJ.US,D,20241129,000000,335,340.1,314,317,468.27,0
LBGJ.US,D,20241202,000000,329,345.5,316,321,1216.19,0
LBGJ.US,D,20241203,000000,325,356,325,331,633.78,0
LBGJ.US,D,20241204,000000,352.8,414,343,377,2305.48,0
LBGJ.US,D,20241205,000000,376,397.5,330,357,2129.68,0
LBGJ.US,D,20241206,000000,351,379,350,356,325.92,0
LBGJ.US,D,20241209,000000,362,413,360,411,2756.93,0
LBGJ.US,D,20241210,000000,399,450,390,420,9177.880000000001,0
LBGJ.US,D,20241211,000000,410,440,361,371,1518.53,0
LBGJ.US,D,20241212,000000,367,376,221,276,17118.88,0
LBGJ.US,D,20241213,000000,270,349,260,340,1683.83,0
LBGJ.US,D,20241216,000000,350,410,277,318,1386.3600000000001,0
LBGJ.US,D,20241217,000000,320,349,295,331.12,5745.92,0
LBGJ.US,D,20241218,000000,304.17,364,304.17,345,879.5500000000001,0
LBGJ.US,D,20241219,000000,330,332,285,295,1384.29,0
LBGJ.US,D,20241220,000000,295.83,302,274.05,280,770.13,0
LBGJ.US,D,20241223,000000,295.5,319,264,269,1299.64,0
LBGJ.US,D,20241224,000000,301,329,245,284,5838.4800000000005,0
LBGJ.US,D,20241226,000000,314,340,300,324,2954.4500000000003,0
LBGJ.US,D,20241227,000000,324,340,310,328.17,1886.96,0
LBGJ.US,D,20241230,000000,343,348,330,345,1743.58,0
LBGJ.US,D,20241231,000000,348,350,331,345,795.0600000000001,0
LBGJ.US,D,20250102,000000,344,351,334.5,342,892.96,0
LBGJ.US,D,20250103,000000,350,360,310,336,2088.84,0
LBGJ.US,D,20250106,000000,340,377,315,343,9725.880000000001,0
LBGJ.US,D,20250107,000000,338.5,373,338.5,356,2066.4700000000003,0
LBGJ.US,D,20250108,000000,342,354,323.99,324,1268.91,0
LBGJ.US,D,20250110,000000,321,348.99,301,322,1380.45,0
LBGJ.US,D,20250113,000000,318,322,288.5,292,612.46,0
LBGJ.US,D,20250114,000000,310,329,273,273,485.53000000000003,0
LBGJ.US,D,20250115,000000,275,295.5,275,280,393.26,0
LBGJ.US,D,20250116,000000,276,279,252.9,260,460.33,0
LBGJ.US,D,20250117,000000,291,304.5,255,262,596.34,0
LBGJ.US,D,20250121,000000,262,280,259.5,277,1730.54,0
LBGJ.US,D,20250122,000000,281,315,264.63,294,2776.53,0
LBGJ.US,D,20250123,000000,294,314,281,308,1353.24,0
LBGJ.US,D,20250124,000000,305,319,280,294,315.48,0
LBGJ.US,D,20250127,000000,309,309,265,266,411.29,0
LBGJ.US,D,20250128,000000,273.5,284,255,269,3024.52,0
LBGJ.US,D,20250129,000000,259,270,221,236,379.04,0
LBGJ.US,D,20250130,000000,246,277.59,240,252,2301.32,0
LBGJ.US,D,20250131,000000,259,273.99,232,234,675.6,0
LBGJ.US,D,20250203,000000,224.5,250,208,220,186.98,0
LBGJ.US,D,20250204,000000,228,247,223,229,313.03000000000003,0
LBGJ.US,D,20250205,000000,230,234,193,202,508.76,0
LBGJ.US,D,20250206,000000,197,215,175.5,198,323.85,0
LBGJ.US,D,20250207,000000,210,210,184,191,233.46,0
LBGJ.US,D,20250210,000000,191,218,191,218,122.76,0
LBGJ.US,D,20250211,000000,218,254,214,223,101.76,0
LBGJ.US,D,20250212,000000,229,243.9,205,210,215.99,0
LBGJ.US,D,20250213,000000,184,200.5,183,192,107.10000000000001,0
LBGJ.US,D,20250214,000000,188,213,174.5,203,241.57,0
LBGJ.US,D,20250218,000000,194,209,171,172,179.41,0
LBGJ.US,D,20250219,000000,175,180,165,167,141.85,0
LBGJ.US,D,20250220,000000,166,174,162,164,129.2,0
LBGJ.US,D,20250221,000000,171,182,145,160,331.46,0
LBGJ.US,D,20250224,000000,150,158,139.99,141,87.15,0
LBGJ.US,D,20250225,000000,135,145,102,102,286.61,0
LBGJ.US,D,20250226,000000,119,168,107,142,7793.27,0
LBGJ.US,D,20250227,000000,139,245,139,195,9749.68,0
LBGJ.US,D,20250228,000000,185,293.3,185,220,11862.23,0
LBGJ.US,D,20250303,000000,220,228,184.5,223,941.0600000000001,0
LBGJ.US,D,20250304,000000,219,219,200,200,266.28000000000003,0
LBGJ.US,D,20250305,000000,198.16,198.16,110,137,2691.98,0
LBGJ.US,D,20250306,000000,160,179.12,142,150,1025.92,0
LBGJ.US,D,20250307,000000,146,198.9,131.5,168,500.8,0
LBGJ.US,D,20250310,000000,165,180,160,167,417.35,0
LBGJ.US,D,20250311,000000,162,165.24,141,150.5,543.9,0
LBGJ.US,D,20250312,000000,150,153,143,147,79.01,0
LBGJ.US,D,20250313,000000,160,160,146.5,155,92.88,0
LBGJ.US,D,20250314,000000,142,146.21,141,141,65.43,0
LBGJ.US,D,20250317,000000,145,150,137,148,132.31,0
LBGJ.US,D,20250318,000000,148,165,148,165,86.89,0
LBGJ.US,D,20250319,000000,164.89,164.89,141,153,27.8,0
LBGJ.US,D,20250320,000000,150,160,137,142.5,49.56,0
LBGJ.US,D,20250321,000000,135,153,133,138,1905.02,0
LBGJ.US,D,20250324,000000,131.18,155,120,131,1469.77,0
LBGJ.US,D,20250325,000000,131.28,136,120,129,1059.74,0
LBGJ.US,D,20250326,000000,122,126,122,122,167.55,0
LBGJ.US,D,20250327,000000,123,130,122,130,102.9,0
LBGJ.US,D,20250328,000000,124,124.06,111,111,63.06,0
LBGJ.US,D,20250331,000000,114,115,105.06,109,179.35,0
LBGJ.US,D,20250401,000000,109,112.91,106,108.5,127.27,0
LBGJ.US,D,20250402,000000,119,119,107,108,121.37,0
LBGJ.US,D,20250403,000000,106,146,106,126,579.41,0
LBGJ.US,D,20250404,000000,114,150,114,136,879.4200000000001,0
LBGJ.US,D,20250407,000000,143,143,121,124,312.94,0
LBGJ.US,D,20250408,000000,125.01,143,117,122,780.58,0
LBGJ.US,D,20250409,000000,118,137,111,123,383.13,0
LBGJ.US,D,20250410,000000,126,133,112,119,299.12,0
LBGJ.US,D,20250411,000000,121,132.83,117.05,132.83,173.21,0
LBGJ.US,D,20250414,000000,134,134,125,126,60.550000000000004,0
LBGJ.US,D,20250415,000000,126,126,119,120,81.77,0
LBGJ.US,D,20250416,000000,121.18,129,121.18,125,83.48,0
LBGJ.US,D,20250417,000000,125,132,125,125,62.08,0
LBGJ.US,D,20250421,000000,120,121.63,120,121.63,4.4,0
LBGJ.US,D,20250422,000000,111,121,111,120,27.080000000000002,0
LBGJ.US,D,20250423,000000,121,138,116,123.01,344.26,0
LBGJ.US,D,20250424,000000,118,136.86,117,136.86,75.88,0
LBGJ.US,D,20250425,000000,128,137,128,132,432.2,0
LBGJ.US,D,20250428,000000,133,138.51,125.01,138,110.53,0
LBGJ.US,D,20250429,000000,136,136,128,132,59.980000000000004,0
LBGJ.US,D,20250430,000000,130,140,123.96,136,408.41,0
LBGJ.US,D,20250501,000000,139,155,131,142,1195.96,0
LBGJ.US,D,20250502,000000,149,158,140.16,140.16,87.04,0
LBGJ.US,D,20250505,000000,145,154,140,154,45.2,0
LBGJ.US,D,20250506,000000,147,155,138,142,113.55,0
LBGJ.US,D,20250507,000000,153,155,135,144,161.92000000000002,0
LBGJ.US,D,20250508,000000,144,156,135,142,330.38,0
LBGJ.US,D,20250509,000000,141,147.5,141,141,20.51,0
LBGJ.US,D,20250512,000000,159.99,160,142,146,192.35,0
LBGJ.US,D,20250513,000000,149,151,135,136,156.89000000000001,0
LBGJ.US,D,20250514,000000,137.01,139.28,137.01,139.28,14.69,0
LBGJ.US,D,20250515,000000,132,145,132,133.01,62.93,0
LBGJ.US,D,20250516,000000,140,140,131,131,17.86,0
LBGJ.US,D,20250519,000000,127,139.51,127,131,30.02,0
LBGJ.US,D,20250520,000000,130,158.5,130,145,636.21,0
LBGJ.US,D,20250521,000000,138.75,141.01,131,141,49.38,0
LBGJ.US,D,20250522,000000,140,144,139.52,142,15.450000000000001,0
LBGJ.US,D,20250523,000000,137.1,137.93,137,137,11.82,0
LBGJ.US,D,20250528,000000,148,148,126.01,144,187.25,0
LBGJ.US,D,20250529,000000,132.12,144,132.12,144,72.36,0
LBGJ.US,D,20250530,000000,154,200,148,163,6750.05,0
LBGJ.US,D,20250602,000000,162,176,151.5,176,656.38,0
LBGJ.US,D,20250603,000000,171,200,163,182,4352.06,0
LBGJ.US,D,20250604,000000,183,183,160,160,346.14,0
LBGJ.US,D,20250605,000000,155,161,155,158,300.95,0
LBGJ.US,D,20250606,000000,166,166,157,160,103.37,0
LBGJ.US,D,20250609,000000,156,165,140,153,418.21000000000004,0
LBGJ.US,D,20250610,000000,170,172,150,153.6,329.19,0
LBGJ.US,D,20250611,000000,162.81,162.81,153,161,51.74,0
LBGJ.US,D,20250612,000000,155,156,154,154,65.37,0
LBGJ.US,D,20250613,000000,158.53,160,147,160,147.56,0
LBGJ.US,D,20250616,000000,165,180.61,156.37,158,83.83,0
LBGJ.US,D,20250617,000000,151,174,151,174,361.06,0
LBGJ.US,D,20250618,000000,165,165,165,165,5.88,0
LBGJ.US,D,20250620,000000,164,169,160,163,60.75,0
LBGJ.US,D,20250623,000000,166.5,167.5,156,157,118.65,0
LBGJ.US,D,20250624,000000,158,171.32,151.25,167,167.74,0
LBGJ.US,D,20250625,000000,163,168,153,168,12.92,0
LBGJ.US,D,20250626,000000,160,160,154,154,46.78,0
LBGJ.US,D,20250627,000000,154,155,149,150,36.08,0
LBGJ.US,D,20250630,000000,152,152,140,147.01,44.84,0
LBGJ.US,D,20250701,000000,142,150,142,146,14.4,0
LBGJ.US,D,20250702,000000,143,145.3,142.12,145,129.28,0
LBGJ.US,D,20250703,000000,138,153,122,141,249.41,0
LBGJ.US,D,20250707,000000,134,135.5,125,125,122.42,0
LBGJ.US,D,20250708,000000,125,132,121,125,95.68,0
LBGJ.US,D,20250709,000000,118.1,129,118.1,121,155.96,0
LBGJ.US,D,20250710,000000,128,128.99,122.11,122.11,42.95,0
LBGJ.US,D,20250711,000000,122,129,120,126,388.48,0
LBGJ.US,D,20250714,000000,129,149,123,141.27,1357.49,0
LBGJ.US,D,20250715,000000,154,154,132,153,410.76,0
LBGJ.US,D,20250716,000000,155,158,150,155,297.66,0
LBGJ.US,D,20250717,000000,154,170,142,142,1078.19,0
LBGJ.US,D,20250718,000000,141,149,136,149,118.43,0
LBGJ.US,D,20250721,000000,142,146.38,140.5,141,37.78,0
LBGJ.US,D,20250722,000000,130,140,130,136,32.25,0
LBGJ.US,D,20250723,000000,132.13,136,132.13,136,11.26,0
LBGJ.US,D,20250724,000000,136,144,136,137.71,58.36,0
LBGJ.US,D,20250725,000000,145,145,141.13,141.13,49.42,0
LBGJ.US,D,20250728,000000,140,159,140,140,151.24,0
LBGJ.US,D,20250729,000000,138,150,130,144,72.24,0
LBGJ.US,D,20250730,000000,137,140,128,129.01,140.95000000000002,0
LBGJ.US,D,20250731,000000,131,138.5,127.01,129,66.87,0
LBGJ.US,D,20250801,000000,140,140,140,140,452.93,0
LBGJ.US,D,20250804,000000,134,134,127.68,127.68,29.41,0
LBGJ.US,D,20250805,000000,126,128.75,114,121,60.03,0
LBGJ.US,D,20250806,000000,118,118.61,110,116,20.32,0
LBGJ.US,D,20250807,000000,117.59,119,116.5,117.87,53.78,0
LBGJ.US,D,20250808,000000,124,124,124,124,2.95,0
LBGJ.US,D,20250811,000000,113,120,113,120,1014.64,0
LBGJ.US,D,20250812,000000,127.13,133,120,120,43.59,0
LBGJ.US,D,20250813,000000,118,123,118,123,9.49,0
LBGJ.US,D,20250814,000000,120,123,115,115,22.69,0
LBGJ.US,D,20250815,000000,120,120,112.5,119,83.16,0
LBGJ.US,D,20250818,000000,118,118,116,116,22.42,0
LBGJ.US,D,20250819,000000,117,119,115,119,36.33,0
LBGJ.US,D,20250820,000000,119,119.99,115.49,115.49,10.9,0
LBGJ.US,D,20250821,000000,116,118,116,118,8.39,0
LBGJ.US,D,20250822,000000,113,124,113,124,55.18,0
LBGJ.US,D,20250825,000000,115,124,115,118,249.04,0
LBGJ.US,D,20250826,000000,118,124,118,124,33.51,0
LBGJ.US,D,20250827,000000,125.5,144.99,121.01,130,469.86,0
LBGJ.US,D,20250828,000000,123,131,119,121,180.81,0
LBGJ.US,D,20250829,000000,122,130,121,129,34.52,0
LBGJ.US,D,20250902,000000,129,139,128,135,100.12,0
LBGJ.US,D,20250903,000000,121,130,121,125,211.55,0
LBGJ.US,D,20250904,000000,122,138.9,119,133,514.04,0
LBGJ.US,D,20250905,000000,133,133,125,133,110.82000000000001,0
LBGJ.US,D,20250908,000000,123,128,120,128,572.48,0
LBGJ.US,D,20250909,000000,119,177,116,149,1254.6200000000001,0
LBGJ.US,D,20250910,000000,143,156.36,135,142,399,0
LBGJ.US,D,20250911,000000,143.5,169,143.5,160,1101.3,0
LBGJ.US,D,20250912,000000,153.01,167,142,145,225.25,0
LBGJ.US,D,20250915,000000,141,146,122,122,590.83,0
LBGJ.US,D,20250916,000000,127.56,130,118,118,84.19,0
LBGJ.US,D,20250917,000000,128,135,123,126,309.46,0
LBGJ.US,D,20250918,000000,123,135,120,134,142.21,0
LBGJ.US,D,20250919,000000,130,140.5,124,131,489.36,0
LBGJ.US,D,20250922,000000,133,133,127,129,590.19,0
LBGJ.US,D,20250923,000000,131,140,130,136,271.93,0
LBGJ.US,D,20250924,000000,135,140,134.5,134.5,27.98,0
LBGJ.US,D,20250925,000000,133.5,154.5,52,66,33676.85,0
LBGJ.US,D,20250926,000000,58.19,70,58.19,65.5,3922.85,0
LBGJ.US,D,20250929,000000,60.89,61.445,42,51.8999,4347.67,0
LBGJ.US,D,20250930,000000,56,58,52,53,554.21,0
LBGJ.US,D,20251001,000000,54,58,53.72,57.6999,543.05,0
LBGJ.US,D,20251002,000000,58.29,62.49,58.29,62,968.78,0
LBGJ.US,D,20251003,000000,61.83,63,58.47,58.47,714.57,0
LBGJ.US,D,20251006,000000,56.68,60.7999,53,59.4,1028.16,0
LBGJ.US,D,20251007,000000,58.05,61,57.99,58,1070.13,0
LBGJ.US,D,20251008,000000,63.91,67,59.1,61.22,1383.82,0
LBGJ.US,D,20251009,000000,62.97,62.97,55.88,55.88,473.35,0
LBGJ.US,D,20251010,000000,55.96,56.99,51.0001,54.55,448.81,0
LBGJ.US,D,20251013,000000,50.57,56.7199,50.0001,55.85,488.15000000000003,0
LBGJ.US,D,20251014,000000,53.53,62.99,50.16,58.43,364.51,0
LBGJ.US,D,20251015,000000,59.89,60.01,57.64,59.14,34.18,0
LBGJ.US,D,20251016,000000,58.0001,59.61,55.01,55.01,187.45000000000002,0
LBGJ.US,D,20251017,000000,54,59.73,53,59.2,909.86,0
LBGJ.US,D,20251020,000000,58,62.24,57.41,58,886.32,0
LBGJ.US,D,20251021,000000,60,62,60,61.7999,726.15,0
LBGJ.US,D,20251022,000000,60,62.1399,55.1,60.96,1280.58,0
LBGJ.US,D,20251023,000000,59.98,67.8,56.74,65.3,2328.61,0
LBGJ.US,D,20251024,000000,60.04,69.7899,60.04,64,1031.33,0
LBGJ.US,D,20251027,000000,66,68,61.02,65,751.96,0
LBGJ.US,D,20251028,000000,65,65.1,62.92,62.92,390.34000000000003,0
LBGJ.US,D,20251029,000000,63.5,72.99,63.5,67,3237.58,0
LBGJ.US,D,20251030,000000,58,66.9199,55.8,62.73,54363.42,0
LBGJ.US,D,20251031,000000,66.4598,74.74,62.79,66.98,6176.03,0
LBGJ.US,D,20251103,000000,68.81,80,67,70,9696.960000000001,0
LBGJ.US,D,20251104,000000,69,73,67,67.4,3279.59,0
LBGJ.US,D,20251105,000000,70,73,67.21,70.48,1639.55,0
LBGJ.US,D,20251106,000000,70.5,72.5199,64.02,65.37,2185.05,0
LBGJ.US,D,20251107,000000,67,76.31,66,70.01,2903.03,0
LBGJ.US,D,20251110,000000,71.76,72.99,69,71.4899,1025.01,0
LBGJ.US,D,20251111,000000,69.06,70,67,68.11,614.8100000000001,0
LBGJ.US,D,20251112,000000,67.7,70.09,65,70.07,992.61,0
LBGJ.US,D,20251113,000000,67.55,70.85,65.11,69.26,1093.5,0
LBGJ.US,D,20251114,000000,66.05,68.49,65,65.06,294.94,0
LBGJ.US,D,20251117,000000,59.62,68.3999,59.62,64.03,738.92,0
LBGJ.US,D,20251118,000000,67.85,67.85,62.5,65.6,316.52,0
LBGJ.US,D,20251119,000000,63,67,61,65.5,379.19,0
LBGJ.US,D,20251120,000000,65.5,67.7999,63,63,289.22,0
LBGJ.US,D,20251121,000000,65,67.7,63,67.69,417.14,0
LBGJ.US,D,20251124,000000,69.9,69.9,66,66.505,1364.8700000000001,0
LBGJ.US,D,20251125,000000,68.5,70.8,66.67,67.02,2542.88,0
LBGJ.US,D,20251126,000000,68.5,70.5,67.02,70.09,1733.3500000000001,0
LBGJ.US,D,20251128,000000,72.8,75,69,71.09,2433.76,0
LBGJ.US,D,20251201,000000,73,75,67,73.25,2006.22,0
LBGJ.US,D,20251202,000000,71.05,73.1,68.65,70.01,989.8100000000001,0
LBGJ.US,D,20251203,000000,69.02,72,69.01,72,747.03,0
LBGJ.US,D,20251204,000000,70.75,72,69.5001,71,636.99,0
LBGJ.US,D,20251205,000000,69.5,72.5,61.06,64.805,968.22,0
LBGJ.US,D,20251208,000000,67.01,69.58,66,67.81,295.36,0
LBGJ.US,D,20251209,000000,66.89,69,64,65.6,626.52,0
LBGJ.US,D,20251210,000000,65,68.07,61,67.2,491.87,0
LBGJ.US,D,20251211,000000,68,68.5,63.78,67.98,247.96,0
LBGJ.US,D,20251212,000000,67.9,67.91,63.52,65.02,389.78000000000003,0
LBGJ.US,D,20251215,000000,64.01,67.8899,62,67.58,176.97,0
LBGJ.US,D,20251216,000000,65,65.01,61.09,65,402.28000000000003,0
LBGJ.US,D,20251217,000000,64,64.99,63,64.9,87.22,0
LBGJ.US,D,20251218,000000,64.1,64.68,62,64.49,268.84000000000003,0
LBGJ.US,D,20251219,000000,63,63.21,61.5,63.05,271.17,0
LBGJ.US,D,20251222,000000,63,63,57,58.91,1421,0
LBGJ.US,D,20251223,000000,59.99,62,53,56,265.65,0
LBGJ.US,D,20251224,000000,53,55.66,52.5,55.66,518.08,0
LBGJ.US,D,20251226,000000,52.29,60.9999,52,57.5,377.23,0
LBGJ.US,D,20251229,000000,59.5,61,57.5,60.9,788.94,0
LBGJ.US,D,20251230,000000,61,62,50.06,53.07,2099.08,0
LBGJ.US,D,20251231,000000,56.45,67.98,53,66.2799,1506.1100000000001,0
LBGJ.US,D,20260102,000000,66.3,69.9099,58.12,63.675,4550.16,0
LBGJ.US,D,20260105,000000,63.32,68.9399,57,58.84,1947.3600000000001,0
LBGJ.US,D,20260106,000000,58.2,72.13,58.2,68.89,4969.13,0
LBGJ.US,D,20260107,000000,71,71,65,70,968.35,0
LBGJ.US,D,20260108,000000,65.89,71.51,65.51,71.51,649.16,0
LBGJ.US,D,20260109,000000,70,76,67.45,73,696.92,0
LBGJ.US,D,20260112,000000,67,72.99,67,70.83,186.42000000000002,0
LBGJ.US,D,20260113,000000,73.5,79.53,72.1,77,695.03,0
LBGJ.US,D,20260114,000000,73.96,76.1,71.48,73.62,125.08,0
LBGJ.US,D,20260115,000000,70,75,70,72.35,272.68,0
LBGJ.US,D,20260116,000000,74.5,79.9,74.5,75,265.17,0
LBGJ.US,D,20260120,000000,72.29,76.8521,70.55,71.72,108.44,0
LBGJ.US,D,20260121,000000,69.9,73,69.9,71.01,185.61,0
LBGJ.US,D,20260122,000000,70.75,73,67.01,73,36.04,0
LBGJ.US,D,20260123,000000,74.5,76,73,73,79.63,0
LBGJ.US,D,20260126,000000,70.15,75.59,69.23,72.19,91.34,0
LBGJ.US,D,20260127,000000,71.05,75.49,70.0001,71.17,60.75,0
LBGJ.US,D,20260128,000000,74.05,82.97,70,81.83,796.58,0
LBGJ.US,D,20260129,000000,88.8,88.8,72.13,80,490.8,0
LBGJ.US,D,20260130,000000,89,89,80,83.28,492.84000000000003,0
LBGJ.US,D,20260202,000000,79.33,89,79.33,84.5,789.83,0
LBGJ.US,D,20260203,000000,87,88.9999,77.77,84.74,516.27,0
LBGJ.US,D,20260204,000000,81,88.86,79,80.75,411.63,0
LBGJ.US,D,20260205,000000,79,87.47,79,80,93.22,0
LBGJ.US,D,20260206,000000,78.98,84.5,75,80.25,466.63,0
LBGJ.US,D,20260209,000000,77.8002,84.6,77.8002,81.8,242.82,0
LBGJ.US,D,20260210,000000,82,84.7,82,83,119.49000000000001,0
LBGJ.US,D,20260211,000000,84.7,84.7,79,79.6,92.71000000000001,0
LBGJ.US,D,20260212,000000,79.03,82.44,79.03,82.25,38.06,0
LBGJ.US,D,20260217,000000,80.87,84,80.87,83.9,37.46,0
LBGJ.US,D,20260218,000000,80.87,85,80.87,85,165.05,0
LBGJ.US,D,20260219,000000,85,127,83.2501,100,31162.88,0
LBGJ.US,D,20260220,000000,94.47,97.33,90.01,92.5,1402.2,0
LBGJ.US,D,20260223,000000,90,97.01,81,88,568.03,0
LBGJ.US,D,20260224,000000,86.68,110,82,93,3121.46,0
LBGJ.US,D,20260225,000000,92,109,92,98,3162,0
LBGJ.US,D,20260226,000000,100,110,91.53,104,3909.51,0
LBGJ.US,D,20260227,000000,89.39,89.78,15.62,16.5,1002092.77,0
LBGJ.US,D,20260302,000000,11.97,11.97,9.5,10.46,203917.74,0
LBGJ.US,D,20260303,000000,8.31,10.24,8.1,9.94,56407.15,0
LBGJ.US,D,20260304,000000,9.13,12.4,8.8,10.59,86380.84,0
LBGJ.US,D,20260305,000000,10.8,11.199,9.6,9.99,229689.80000000002,0
LBGJ.US,D,20260306,000000,8.63,13.33,8.42,9.37,365499.03,0
LBGJ.US,D,20260309,000000,9.15,10,8.5,9.7,47572.39,0
LBGJ.US,D,20260310,000000,9.38,10.28,8.8,9.32,54136.46,0
LBGJ.US,D,20260311,000000,8.9,10.92,8.9,9.9,102678.38,0
LBGJ.US,D,20260312,000000,8.87,10,8.54,8.92,48547.270000000004,0
LBGJ.US,D,20260313,000000,8.81,11.99,8.6,10.09,79853.24,0
LBGJ.US,D,20260316,000000,9.07,9.18,8.28,8.3,28251.84,0
LBGJ.US,D,20260317,000000,8.57,9,3.03,3.07,1035352.68,0
LBGJ.US,D,20260318,000000,7.8,11,2.8,3,13110436.97,0
LBGJ.US,D,20260319,000000,3.86,3.92,2.83,3.15,5219203.41,0
LBGJ.US,D,20260320,000000,3.02,3.14,2.81,3.04,1689313.1500000001,0
LBGJ.US,D,20260323,000000,2.98,2.98,2.39,2.61,1407822.94,0
LBGJ.US,D,20260324,000000,2.49,2.56,1.6,2.03,1238871.9000000001,0
LBGJ.US,D,20260325,000000,1.61,1.61,1.31,1.45,1284746.6400000001,0
LBGJ.US,D,20260326,000000,1.2,1.26,1.02,1.03,1134314.98,0
LBGJ.US,D,20260327,000000,1.03,1.11,0.82,0.9361,3711101,0
LBGJ.US,D,20260330,000000,0.8501,1.1,0.75,1.07,991388,0
LBGJ.US,D,20260331,000000,0.9466,1.05,0.92,1.03,271284,0
LBGJ.US,D,20260401,000000,1.03,1.17,1,1.08,222637,0
LBGJ.US,D,20260402,000000,1.01,1.08,1,1.03,153591,0
LBGJ.US,D,20260406,000000,1.03,1.05,1,1.01,176239,0
LBGJ.US,D,20260407,000000,1.02,1.06,1.01,1.03,130715,0
LBGJ.US,D,20260408,000000,1.02,1.0599,1,1.01,135551,0
LBGJ.US,D,20260409,000000,1,1.05,0.9995,1.05,125053,0
LBGJ.US,D,20260410,000000,1.05,1.1499,1.03,1.09,112702,0
LBGJ.US,D,20260413,000000,1.07,1.14,1.05,1.08,92533,0
LBGJ.US,D,20260414,000000,1.07,1.1002,1.02,1.03,93442,0
LBGJ.US,D,20260415,000000,1.04,1.0599,1.03,1.04,69942,0
LBGJ.US,D,20260416,000000,1.04,1.1965,1.04,1.09,221606,0
LBGJ.US,D,20260417,000000,1.08,1.14,1.08,1.11,42281,0
LBGJ.US,D,20260420,000000,1.09,1.14,1.06,1.1,75822,0
LBGJ.US,D,20260421,000000,1.08,1.13,1.04,1.1,80347,0
LBGJ.US,D,20260422,000000,1.08,1.2499,1.05,1.16,186704,0
LBGJ.US,D,20260423,000000,1.15,1.29,1.15,1.26,159048,0
LBGJ.US,D,20260424,000000,1.17,1.22,1.11,1.2,76137,0
LBGJ.US,D,20260427,000000,1.21,1.23,1.14,1.2,46379,0
LBGJ.US,D,20260428,000000,1.18,1.18,0.9302,0.9676,180066,0
LBGJ.US,D,20260429,000000,0.9482,0.9492,0.8241,0.9126,29730,0
LBGJ.US,D,20260430,000000,0.8901,0.9,0.88,0.8851,24524,0
LBGJ.US,D,20260501,000000,0.8488,0.879899,0.752,0.805,46358,0
LBGJ.US,D,20260504,000000,0.7897,0.8,0.754999,0.7704,44213,0
LBGJ.US,D,20260505,000000,0.7901,0.85,0.78,0.7901,45510,0
LBGJ.US,D,20260506,000000,0.8783,1.27,0.825,1.02,6493200,0
LBGJ.US,D,20260507,000000,0.95,1.01,0.91,0.9482,138375,0
LBGJ.US,D,20260508,000000,0.9482,0.9935,0.9,0.913,43822,0
LBGJ.US,D,20260511,000000,1.01,1.01,0.830101,0.8918,59291,0
LBGJ.US,D,20260512,000000,0.8528,0.8999,0.8124,0.8125,24796,0
LBGJ.US,D,20260513,000000,0.7857,0.8266,0.78,0.8086,32192,0
LBGJ.US,D,20260514,000000,0.8595,1.18,0.8297,0.9891,794349,0
LBGJ.US,D,20260515,000000,0.9385,1.01,0.8526,0.9636,146755,0
LBGJ.US,D,20260518,000000,0.9401,0.991,0.94,0.9757,44979,0
LBGJ.US,D,20260519,000000,0.97,0.97,0.9202,0.97,42422,0
LBGJ.US,D,20260520,000000,0.960001,1.04,0.9501,0.965,25444,0
LBGJ.US,D,20260521,000000,0.9001,0.965099,0.9001,0.9136,27494,0
LBGJ.US,D,20260522,000000,0.921,0.9599,0.893,0.91,18598,0
LBGJ.US,D,20260526,000000,0.9286,0.9587,0.9102,0.9102,12503,0
LBGJ.US,D,20260527,000000,0.9102,0.9291,0.885,0.893,13377,0
LBGJ.US,D,20260528,000000,0.9035,0.956,0.8933,0.9002,15860,0
LBGJ.US,D,20260529,000000,0.9249,1.05,0.850101,0.9918,54773,0
LBGJ.US,D,20260601,000000,0.9991,1.11,0.9199,1.03,44683,0
LBGJ.US,D,20260602,000000,1.04,1.1208,1.03,1.04,35367,0
LBGJ.US,D,20260603,000000,0.99,0.99,0.930101,0.9534,9012,0
LBGJ.US,D,20260604,000000,0.93,0.9534,0.93,0.9322,8844,0
LBGJ.US,D,20260605,000000,0.93,1.24,0.8701,1.13,447842,0
LBGJ.US,D,20260608,000000,1.04,1.44,0.9859,1.24,302578,0
LBGJ.US,D,20260609,000000,1.2,1.34,1.1,1.22,260362,0
LBGJ.US,D,20260610,000000,1.01,1.3,1,1.18,2293542,0
LBGJ.US,D,20260611,000000,1.09,1.15,1.06,1.11,80270,0
LBGJ.US,D,20260612,000000,1.15,1.41,1.1005,1.19,514102,0
LBGJ.US,D,20260615,000000,1.1,1.2899,1.1,1.26,219584,0
LBGJ.US,D,20260616,000000,1.29,1.29,1.17,1.21,59045,0
LBGJ.US,D,20260617,000000,1.23,1.33,1.19,1.3,86263,0
LBGJ.US,D,20260618,000000,1.27,1.285,1.13,1.16,97913,0
LBGJ.US,D,20260622,000000,1.15,1.25,1.1017,1.22,35924,0
LBGJ.US,D,20260623,000000,1.185,1.185,1.07,1.17,22697,0
LBGJ.US,D,20260624,000000,1.15,1.17,1.13,1.14,11780,0
