<TICKER>,<PER>,<DATE>,<TIME>,<OPEN>,<HIGH>,<LOW>,<CLOSE>,<VOL>,<OPENINT>
LILKV.US,D,20260601,000000,3.5,3.5,3.5,3.5,200,0
LILKV.US,D,20260602,000000,8,12.65,5.51,5.6,141855,0
LILKV.US,D,20260603,000000,6.1,6.11,5.27,5.27,37862,0
LILKV.US,D,20260604,000000,5,5.27,4.93,4.945,9295,0
LILKV.US,D,20260605,000000,4.5,5.69,4.5,5.1,7907,0
LILKV.US,D,20260608,000000,5.04,5.49,5.04,5.24,4828,0
LILKV.US,D,20260609,000000,5.245,5.7,5.245,5.35,2712,0
LILKV.US,D,20260610,000000,5.1,5.3872,5.1,5.3872,2704,0
LILKV.US,D,20260611,000000,5.21,5.72,5.21,5.47,877,0
LILKV.US,D,20260612,000000,5.6,6.015,5.3,6.015,3226,0
LILKV.US,D,20260616,000000,5.27,5.515,5.21,5.25,17382,0
