<TICKER>,<PER>,<DATE>,<TIME>,<OPEN>,<HIGH>,<LOW>,<CLOSE>,<VOL>,<OPENINT>
MLAAU.US,D,20260127,000000,10,10.005,9.98,10,14515311,0
MLAAU.US,D,20260128,000000,10,10.01,9.98,9.995,1429723,0
MLAAU.US,D,20260129,000000,10,10,9.99,9.995,405065,0
MLAAU.US,D,20260130,000000,10,10.015,9.99,9.99,774753,0
MLAAU.US,D,20260202,000000,10.01,10.01,10,10.01,53344,0
MLAAU.US,D,20260203,000000,10.01,10.01,10.01,10.01,955,0
MLAAU.US,D,20260204,000000,10.01,10.01,10,10,21287,0
MLAAU.US,D,20260205,000000,10,10,10,10,9404,0
MLAAU.US,D,20260206,000000,10,10,10,10,266,0
MLAAU.US,D,20260209,000000,10,10,9.99,9.99,25614,0
MLAAU.US,D,20260210,000000,10,10,9.99,9.99,284740,0
MLAAU.US,D,20260211,000000,9.9817,9.985,9.97,9.97,99962,0
MLAAU.US,D,20260212,000000,9.97,9.98,9.96,9.97,31472,0
MLAAU.US,D,20260213,000000,9.975,9.975,9.975,9.975,760,0
MLAAU.US,D,20260217,000000,9.96,9.96,9.95,9.96,29742,0
MLAAU.US,D,20260218,000000,9.965,9.965,9.9617,9.9617,740,0
MLAAU.US,D,20260219,000000,9.961,9.97,9.94,9.95,88944,0
MLAAU.US,D,20260220,000000,9.94,9.96,9.94,9.945,13583,0
MLAAU.US,D,20260223,000000,9.95,9.955,9.95,9.955,400,0
MLAAU.US,D,20260224,000000,9.95,9.96,9.9472,9.95,109534,0
MLAAU.US,D,20260225,000000,9.96,9.96,9.945,9.945,35100,0
MLAAU.US,D,20260226,000000,9.97,9.97,9.94,9.95,9377,0
MLAAU.US,D,20260227,000000,9.93,9.95,9.93,9.95,1139,0
MLAAU.US,D,20260302,000000,9.95,9.95,9.95,9.95,13132,0
MLAAU.US,D,20260303,000000,9.94,9.96,9.94,9.96,16014,0
MLAAU.US,D,20260304,000000,9.94,9.95,9.94,9.95,18200,0
MLAAU.US,D,20260305,000000,9.95,9.95,9.95,9.95,15472,0
MLAAU.US,D,20260306,000000,9.95,9.95,9.94,9.95,40941,0
MLAAU.US,D,20260309,000000,9.95,9.95,9.94,9.94,3410,0
MLAAU.US,D,20260310,000000,9.95,9.95,9.94,9.94,68354,0
MLAAU.US,D,20260311,000000,9.94,9.94,9.94,9.94,542686,0
MLAAU.US,D,20260313,000000,9.95,9.95,9.94,9.94,10262,0
MLAAU.US,D,20260317,000000,9.94,9.94,9.93,9.93,3401,0
MLAAU.US,D,20260318,000000,9.93,9.94,9.93,9.94,3653,0
MLAAU.US,D,20260319,000000,9.945,9.96,9.945,9.96,12205,0
MLAAU.US,D,20260326,000000,9.93,9.96,9.93,9.96,2200,0
MLAAU.US,D,20260327,000000,9.95,9.96,9.93,9.93,189630,0
MLAAU.US,D,20260401,000000,9.96,9.96,9.93,9.96,7979,0
MLAAU.US,D,20260402,000000,9.98,9.98,9.94,9.94,4511,0
MLAAU.US,D,20260406,000000,9.98,9.98,9.98,9.98,666,0
MLAAU.US,D,20260408,000000,9.95,9.96,9.93,9.95,4950,0
MLAAU.US,D,20260409,000000,9.99,10.02,9.9886,10.01,109036,0
MLAAU.US,D,20260410,000000,10.04,10.0421,10,10.03,32642,0
MLAAU.US,D,20260413,000000,10.05,11.03,10.04,10.05,118765,0
MLAAU.US,D,20260414,000000,10.08,10.1,10.05,10.0695,11318,0
MLAAU.US,D,20260415,000000,10.0799,10.129,10.0799,10.129,42169,0
MLAAU.US,D,20260416,000000,10.15,10.36,10.065,10.22,37956,0
MLAAU.US,D,20260417,000000,10.22,10.32,10.22,10.3,1751,0
MLAAU.US,D,20260420,000000,10.31,10.32,10.25,10.25,6188,0
MLAAU.US,D,20260421,000000,10.3,10.3,10.21,10.21,1199,0
MLAAU.US,D,20260422,000000,10.23,10.23,10.2001,10.2001,1057,0
MLAAU.US,D,20260423,000000,10.28,10.28,10.28,10.28,483,0
MLAAU.US,D,20260424,000000,10.23,10.27,10.225,10.27,7752,0
MLAAU.US,D,20260427,000000,10.22,10.3,10.2,10.2899,6349,0
MLAAU.US,D,20260428,000000,10.17,10.23,10.17,10.23,558,0
MLAAU.US,D,20260429,000000,10.21,10.23,10.2,10.21,5458,0
MLAAU.US,D,20260430,000000,10.21,10.21,10.21,10.21,2739,0
MLAAU.US,D,20260501,000000,10.1941,10.255,10.08,10.22,3839,0
MLAAU.US,D,20260504,000000,10.35,10.35,10.26,10.26,1436,0
MLAAU.US,D,20260507,000000,10.29,10.29,10.29,10.29,1115,0
MLAAU.US,D,20260508,000000,10.26,10.28,10.25,10.28,4350,0
MLAAU.US,D,20260511,000000,10.24,10.27,10.24,10.27,3065,0
MLAAU.US,D,20260512,000000,10.3,10.35,10.26,10.26,4434,0
MLAAU.US,D,20260513,000000,10.3,10.3,10.3,10.3,965,0
MLAAU.US,D,20260515,000000,10.23,10.23,10.2,10.2,900,0
MLAAU.US,D,20260518,000000,10.23,10.27,10.23,10.27,5939,0
MLAAU.US,D,20260519,000000,10.3314,10.34,10.3314,10.34,1310,0
MLAAU.US,D,20260521,000000,10.35,11.12,10.35,10.3501,9395,0
MLAAU.US,D,20260522,000000,10.4081,10.4081,10.305,10.4001,3154,0
MLAAU.US,D,20260526,000000,10.4,10.4001,10.4,10.4001,3746,0
MLAAU.US,D,20260527,000000,10.49,10.49,10.1,10.1,841,0
MLAAU.US,D,20260528,000000,10.1065,10.1065,10.1065,10.1065,146,0
MLAAU.US,D,20260529,000000,10.11,10.4,10.08,10.08,1600,0
MLAAU.US,D,20260605,000000,10.4,10.4,10.4,10.4,415,0
MLAAU.US,D,20260608,000000,10.01,10.29,10.01,10.29,1454,0
MLAAU.US,D,20260611,000000,10.4,10.4,10.4,10.4,504,0
MLAAU.US,D,20260617,000000,10.03,10.03,10.03,10.03,1110,0
