<TICKER>,<PER>,<DATE>,<TIME>,<OPEN>,<HIGH>,<LOW>,<CLOSE>,<VOL>,<OPENINT>
MLACR.US,D,20250204,000000,0.22,0.22,0.215,0.215,227006,0
MLACR.US,D,20250205,000000,0.22,0.22,0.142,0.19,1576914,0
MLACR.US,D,20250206,000000,0.195,0.195,0.19,0.19,176000,0
MLACR.US,D,20250207,000000,0.215,0.22,0.19,0.19,196502,0
MLACR.US,D,20250210,000000,0.18,0.18,0.18,0.18,100000,0
MLACR.US,D,20250211,000000,0.2,0.2,0.18,0.18,70000,0
MLACR.US,D,20250213,000000,0.195,0.195,0.195,0.195,416,0
MLACR.US,D,20250214,000000,0.2,0.2,0.2,0.2,100,0
MLACR.US,D,20250220,000000,0.194,0.2,0.194,0.2,3527,0
MLACR.US,D,20250221,000000,0.19,0.19,0.18,0.19,87540,0
MLACR.US,D,20250224,000000,0.19,0.19,0.19,0.19,50000,0
MLACR.US,D,20250228,000000,0.1822,0.19,0.16,0.188,11325,0
MLACR.US,D,20250304,000000,0.18,0.18,0.18,0.18,1006,0
MLACR.US,D,20250311,000000,0.18,0.18,0.18,0.18,489909,0
MLACR.US,D,20250320,000000,0.184,0.184,0.184,0.184,500,0
MLACR.US,D,20250328,000000,0.1841,0.1841,0.1841,0.1841,107,0
MLACR.US,D,20250403,000000,0.1608,0.1608,0.1601,0.1601,650,0
MLACR.US,D,20250404,000000,0.15,0.15,0.15,0.15,357,0
MLACR.US,D,20250410,000000,0.1501,0.1501,0.1501,0.1501,350,0
MLACR.US,D,20250411,000000,0.15,0.19,0.15,0.19,1318641,0
MLACR.US,D,20250422,000000,0.1899,0.19,0.1899,0.19,500,0
MLACR.US,D,20250424,000000,0.19,0.19,0.19,0.19,19800,0
MLACR.US,D,20250506,000000,0.19,0.19,0.19,0.19,300000,0
MLACR.US,D,20250507,000000,0.2,0.2,0.2,0.2,2500,0
MLACR.US,D,20250508,000000,0.21,0.24,0.17,0.2,101200,0
MLACR.US,D,20250513,000000,0.21,0.21,0.21,0.21,100,0
MLACR.US,D,20250516,000000,0.18,0.18,0.18,0.18,815,0
MLACR.US,D,20250520,000000,0.18,0.18,0.18,0.18,500000,0
MLACR.US,D,20250521,000000,0.2,0.2,0.18,0.18,252533,0
MLACR.US,D,20250523,000000,0.18,0.18,0.18,0.18,50000,0
MLACR.US,D,20250627,000000,0.17,0.17,0.17,0.17,300,0
MLACR.US,D,20250708,000000,0.18,0.18,0.18,0.18,96121,0
MLACR.US,D,20250709,000000,0.19,0.19,0.19,0.19,113000,0
MLACR.US,D,20250710,000000,0.19,0.19,0.19,0.19,106500,0
MLACR.US,D,20250714,000000,0.2,0.2,0.2,0.2,400,0
MLACR.US,D,20250721,000000,0.2,0.212,0.1992,0.21,9993,0
MLACR.US,D,20250722,000000,0.22,0.25,0.22,0.24,2792,0
MLACR.US,D,20250730,000000,0.2,0.2,0.2,0.2,51759,0
MLACR.US,D,20250806,000000,0.1642,0.23,0.1642,0.23,890,0
MLACR.US,D,20250811,000000,0.18,0.18,0.175562,0.175562,1067,0
MLACR.US,D,20250812,000000,0.18,0.18,0.18,0.18,1600,0
MLACR.US,D,20250814,000000,0.2041,0.22,0.2041,0.22,2667,0
MLACR.US,D,20250820,000000,0.17,0.22,0.17,0.22,267,0
MLACR.US,D,20250821,000000,0.22,0.22,0.22,0.22,500,0
MLACR.US,D,20250829,000000,0.22,0.23,0.1608,0.23,20890,0
MLACR.US,D,20250903,000000,0.22,0.22,0.22,0.22,7917,0
MLACR.US,D,20250904,000000,0.22,0.22,0.22,0.22,2764,0
MLACR.US,D,20250912,000000,0.15,0.202703,0.15,0.202703,2850,0
MLACR.US,D,20250916,000000,0.17,0.17,0.17,0.17,15000,0
MLACR.US,D,20250917,000000,0.19,0.19,0.19,0.19,150,0
MLACR.US,D,20250919,000000,0.2192,0.2192,0.2192,0.2192,250,0
MLACR.US,D,20250929,000000,0.2,0.2,0.15,0.15,410,0
MLACR.US,D,20250930,000000,0.206,0.219899,0.15011,0.15011,809,0
MLACR.US,D,20251002,000000,0.6987,0.7,0.55,0.555999,1920009,0
MLACR.US,D,20251003,000000,0.57,0.5821,0.47,0.5,162373,0
MLACR.US,D,20251006,000000,0.4755,0.5477,0.4755,0.5,14940,0
MLACR.US,D,20251007,000000,0.5595,0.5595,0.54,0.5401,24362,0
MLACR.US,D,20251008,000000,0.548,0.56,0.49,0.5,26500,0
MLACR.US,D,20251009,000000,0.5272,0.5272,0.49,0.49,1167,0
MLACR.US,D,20251010,000000,0.4755,0.4998,0.4755,0.4757,24707,0
MLACR.US,D,20251013,000000,0.5,0.51,0.47,0.4801,63283,0
MLACR.US,D,20251014,000000,0.47,0.48,0.47,0.47,9820,0
MLACR.US,D,20251015,000000,0.47,0.48,0.451,0.451,35192,0
MLACR.US,D,20251016,000000,0.47,0.47,0.3682,0.45,29375,0
MLACR.US,D,20251017,000000,0.46,0.462,0.405,0.425,19415,0
MLACR.US,D,20251020,000000,0.45,0.45,0.4,0.45,385693,0
MLACR.US,D,20251021,000000,0.4556,0.475,0.4556,0.475,4181,0
MLACR.US,D,20251022,000000,0.48,0.488,0.4487,0.44935,468919,0
MLACR.US,D,20251023,000000,0.45,0.4615,0.33,0.4,197825,0
MLACR.US,D,20251024,000000,0.42,0.44,0.41,0.41,578086,0
MLACR.US,D,20251027,000000,0.425,0.446,0.41,0.42,206283,0
MLACR.US,D,20251029,000000,0.4336,0.45,0.4336,0.44,31510,0
MLACR.US,D,20251103,000000,0.4201,0.4201,0.42,0.4201,3418,0
MLACR.US,D,20251104,000000,0.4201,0.4201,0.41,0.42,39836,0
MLACR.US,D,20251107,000000,0.434,0.44,0.42,0.42,29028,0
MLACR.US,D,20251110,000000,0.41,0.41,0.41,0.41,1100,0
MLACR.US,D,20251111,000000,0.4132,0.4132,0.41,0.41,50253,0
MLACR.US,D,20251112,000000,0.425,0.425,0.425,0.425,5000,0
MLACR.US,D,20251117,000000,0.42,0.42,0.41,0.42,17562,0
MLACR.US,D,20251118,000000,0.42,0.42,0.42,0.42,1000,0
MLACR.US,D,20251119,000000,0.44,0.44,0.41,0.41,7844,0
MLACR.US,D,20251120,000000,0.42,0.42,0.4,0.4,1336,0
MLACR.US,D,20251121,000000,0.42,0.42,0.42,0.42,2000,0
MLACR.US,D,20251124,000000,0.42,0.42,0.3,0.37,70061,0
MLACR.US,D,20251128,000000,0.38,0.3929,0.38,0.3929,1166,0
MLACR.US,D,20251201,000000,0.3978,0.4,0.37,0.4,82851,0
MLACR.US,D,20251203,000000,0.336,0.3609,0.31,0.35,113619,0
MLACR.US,D,20251204,000000,0.31,0.34,0.29,0.29,15011,0
MLACR.US,D,20251205,000000,0.29,0.2955,0.28,0.28,5605,0
MLACR.US,D,20251208,000000,0.28,0.28,0.27,0.27,2244,0
MLACR.US,D,20251209,000000,0.2725,0.2725,0.2725,0.2725,1000,0
MLACR.US,D,20251210,000000,0.29,0.3001,0.29,0.3001,7800,0
MLACR.US,D,20251211,000000,0.2915,0.3,0.2915,0.3,3618,0
MLACR.US,D,20251215,000000,0.3,0.3,0.2999,0.2999,3218,0
MLACR.US,D,20251217,000000,0.26,0.27,0.2171,0.27,41508,0
MLACR.US,D,20251218,000000,0.27,0.289,0.27,0.27,782,0
MLACR.US,D,20251223,000000,0.27,0.2856,0.2474,0.2856,3223,0
MLACR.US,D,20251224,000000,0.2308,0.2308,0.2308,0.2308,414,0
MLACR.US,D,20251226,000000,0.2471,0.25,0.247,0.25,9100,0
MLACR.US,D,20251229,000000,0.2745,0.2745,0.2745,0.2745,400,0
MLACR.US,D,20251231,000000,0.24,0.24,0.24,0.24,4822,0
MLACR.US,D,20260102,000000,0.2635,0.282,0.2635,0.282,25150,0
MLACR.US,D,20260105,000000,0.3096,0.3122,0.2401,0.2405,56140,0
MLACR.US,D,20260106,000000,0.2574,0.2999,0.2574,0.2757,2619,0
MLACR.US,D,20260107,000000,0.3222,0.3223,0.251,0.251,7610,0
MLACR.US,D,20260108,000000,0.3,0.3,0.3,0.3,1550,0
MLACR.US,D,20260109,000000,0.321,0.321,0.321,0.321,107,0
MLACR.US,D,20260112,000000,0.3321,0.3356,0.28,0.28,489,0
MLACR.US,D,20260113,000000,0.325,0.325,0.325,0.325,2023,0
MLACR.US,D,20260114,000000,0.33,0.33,0.2512,0.2632,3609,0
MLACR.US,D,20260115,000000,0.34,0.34,0.2513,0.33,5018,0
MLACR.US,D,20260116,000000,0.3301,0.3301,0.2659,0.3091,25865,0
MLACR.US,D,20260120,000000,0.31,0.31,0.31,0.31,7640,0
MLACR.US,D,20260121,000000,0.3,0.3,0.3,0.3,21153,0
MLACR.US,D,20260122,000000,0.268,0.31,0.26,0.27,35289,0
MLACR.US,D,20260123,000000,0.3,0.31,0.2512,0.3,38904,0
MLACR.US,D,20260126,000000,0.3,0.3,0.2999,0.3,12780,0
MLACR.US,D,20260127,000000,0.3,0.32,0.2594,0.2594,37319,0
MLACR.US,D,20260128,000000,0.2868,0.2868,0.256,0.256,300,0
MLACR.US,D,20260129,000000,0.274,0.274,0.2603,0.2603,12079,0
MLACR.US,D,20260130,000000,0.256,0.256,0.21,0.21,20020,0
MLACR.US,D,20260202,000000,0.25,0.29,0.22,0.24,122869,0
MLACR.US,D,20260204,000000,0.2821,0.2822,0.2821,0.2821,824,0
MLACR.US,D,20260205,000000,0.27,0.275,0.268,0.27,17485,0
MLACR.US,D,20260209,000000,0.3,0.34,0.274,0.28,29518,0
MLACR.US,D,20260210,000000,0.3,0.31,0.2502,0.301,27433,0
MLACR.US,D,20260211,000000,0.31,0.31,0.2721,0.3069,25767,0
MLACR.US,D,20260212,000000,0.28,0.3,0.2772,0.3,4599,0
MLACR.US,D,20260217,000000,0.3,0.3,0.2999,0.2999,815,0
MLACR.US,D,20260219,000000,0.24,0.2921,0.211101,0.2921,5728,0
MLACR.US,D,20260220,000000,0.27,0.31,0.27,0.29,6424,0
MLACR.US,D,20260223,000000,0.3001,0.32,0.3,0.3099,30783,0
MLACR.US,D,20260226,000000,0.3,0.3325,0.283,0.3199,37534,0
MLACR.US,D,20260227,000000,0.32,0.32,0.283,0.32,70636,0
MLACR.US,D,20260302,000000,0.2894,0.32,0.286375,0.286375,16586,0
MLACR.US,D,20260303,000000,0.2949,0.31,0.2705,0.2705,31000,0
MLACR.US,D,20260304,000000,0.2894,0.3,0.2894,0.3,2200,0
MLACR.US,D,20260305,000000,0.28,0.28,0.28,0.28,250,0
MLACR.US,D,20260311,000000,0.28,0.296,0.2683,0.2683,1700,0
MLACR.US,D,20260316,000000,0.2202,0.3,0.2202,0.3,10200,0
MLACR.US,D,20260319,000000,0.24,0.3,0.2222,0.3,4882,0
MLACR.US,D,20260320,000000,0.2611,0.3,0.2586,0.2586,20904,0
MLACR.US,D,20260325,000000,0.26,0.26,0.1855,0.21,19560,0
MLACR.US,D,20260326,000000,0.226,0.26,0.1698,0.172,9725,0
MLACR.US,D,20260327,000000,0.2305,0.2482,0.2,0.2,4169,0
MLACR.US,D,20260330,000000,0.2196,0.225,0.2196,0.225,9625,0
MLACR.US,D,20260331,000000,0.2588,0.26,0.25492,0.26,12111,0
MLACR.US,D,20260401,000000,0.26,0.28,0.26,0.28,14095,0
MLACR.US,D,20260402,000000,0.28,0.28,0.28,0.28,2559,0
MLACR.US,D,20260406,000000,0.25,0.25,0.25,0.25,105,0
MLACR.US,D,20260407,000000,0.274,0.3,0.25,0.25,28160,0
MLACR.US,D,20260408,000000,0.275,0.2751,0.25,0.25,16748,0
MLACR.US,D,20260409,000000,0.2846,0.2847,0.25,0.25,8609,0
MLACR.US,D,20260410,000000,0.266,0.27495,0.2499,0.25,76980,0
MLACR.US,D,20260413,000000,0.24,0.270001,0.24,0.24,5553,0
MLACR.US,D,20260414,000000,0.265,0.265,0.265,0.265,2000,0
MLACR.US,D,20260417,000000,0.275,0.2799,0.23,0.255,6401,0
MLACR.US,D,20260420,000000,0.28,0.28,0.2184,0.2184,2205,0
MLACR.US,D,20260421,000000,0.2212,0.28,0.221,0.221,500,0
MLACR.US,D,20260422,000000,0.26,0.2625,0.22,0.22,4600,0
MLACR.US,D,20260427,000000,0.25,0.2501,0.201,0.25,39201,0
MLACR.US,D,20260428,000000,0.26,0.27,0.221,0.221,14599,0
MLACR.US,D,20260429,000000,0.231,0.231,0.212,0.212,1123,0
MLACR.US,D,20260501,000000,0.25,0.25,0.25,0.25,33500,0
MLACR.US,D,20260504,000000,0.27,0.27,0.27,0.27,14758,0
MLACR.US,D,20260505,000000,0.27,0.27,0.25,0.25,7616,0
MLACR.US,D,20260506,000000,0.2799,0.2799,0.2,0.2,27957,0
MLACR.US,D,20260508,000000,0.26,0.28,0.205,0.205,68780,0
MLACR.US,D,20260511,000000,0.24,0.27,0.21,0.21,4000,0
MLACR.US,D,20260512,000000,0.27,0.27,0.21,0.21,15670,0
MLACR.US,D,20260513,000000,0.26,0.27,0.208,0.208,1140,0
MLACR.US,D,20260514,000000,0.26,0.26,0.208,0.208,27606,0
MLACR.US,D,20260515,000000,0.23,0.27,0.221,0.2405,223168,0
MLACR.US,D,20260518,000000,0.2693,0.28,0.24,0.24,51020,0
MLACR.US,D,20260519,000000,0.24,0.25,0.2248,0.2299,318374,0
MLACR.US,D,20260520,000000,0.2321,0.25,0.2,0.2134,84800,0
MLACR.US,D,20260521,000000,0.238,0.2697,0.21,0.25,102045,0
MLACR.US,D,20260522,000000,0.27,0.32,0.22,0.24,940736,0
MLACR.US,D,20260526,000000,0.24,0.26,0.24,0.24,90735,0
MLACR.US,D,20260527,000000,0.24,0.25,0.23,0.23,89499,0
MLACR.US,D,20260528,000000,0.25,0.27,0.23,0.23,70459,0
MLACR.US,D,20260529,000000,0.2461,0.26,0.22,0.22,139416,0
MLACR.US,D,20260601,000000,0.235,0.26,0.22,0.22,57216,0
MLACR.US,D,20260602,000000,0.25,0.25,0.2201,0.24,215268,0
MLACR.US,D,20260603,000000,0.2354,0.25,0.22,0.235,75401,0
MLACR.US,D,20260604,000000,0.2354,0.25,0.23,0.2499,121407,0
MLACR.US,D,20260605,000000,0.2356,0.2356,0.2,0.2299,235083,0
MLACR.US,D,20260608,000000,0.22,0.2201,0.174101,0.2199,366561,0
MLACR.US,D,20260609,000000,0.22,0.22,0.21,0.21,27174,0
MLACR.US,D,20260610,000000,0.22,0.32,0.2008,0.28,1985988,0
