<TICKER>,<PER>,<DATE>,<TIME>,<OPEN>,<HIGH>,<LOW>,<CLOSE>,<VOL>,<OPENINT>
MLACU.US,D,20260527,000000,11.3,11.3,11.3,11.3,114,0
MLACU.US,D,20260529,000000,12.85,17.25,11.7,16.79,4147,0
MLACU.US,D,20260601,000000,11.44,19,11.44,16.35,9654,0
MLACU.US,D,20260602,000000,16.04,16.04,11.5,12.44,6310,0
MLACU.US,D,20260603,000000,12.65,12.65,12.65,12.65,606,0
MLACU.US,D,20260604,000000,12,13.9,11.15,12.6,3666,0
MLACU.US,D,20260605,000000,11.99,16.44,11.99,14,15064,0
MLACU.US,D,20260608,000000,12,15.27,12,12.35,16221,0
MLACU.US,D,20260609,000000,12,12,11.02,11.03,1194,0
MLACU.US,D,20260610,000000,12,12.99,3.4,3.6,13974,0
