<TICKER>,<PER>,<DATE>,<TIME>,<OPEN>,<HIGH>,<LOW>,<CLOSE>,<VOL>,<OPENINT>
NETG.US,D,20251117,000000,14.54,14.54,13.87,13.87,1041,0
NETG.US,D,20251118,000000,13.01,13.425,12.88,13.0194,1055,0
NETG.US,D,20251119,000000,12.58,13.02,12.58,12.9619,389,0
NETG.US,D,20251120,000000,12.95,12.95,12.3271,12.3271,25289,0
NETG.US,D,20251121,000000,11.92,11.92,11.7045,11.7045,6774,0
NETG.US,D,20251124,000000,11.98,12.6993,11.98,12.6993,11775,0
NETG.US,D,20251125,000000,12.27,13.0643,11.82,13.0643,2472,0
NETG.US,D,20251126,000000,13.1,13.26,13.0178,13.0178,735,0
NETG.US,D,20251128,000000,13.42,13.42,13.3681,13.3681,142,0
NETG.US,D,20251201,000000,13.045,13.28,13.0041,13.0041,3837,0
NETG.US,D,20251202,000000,13.8,14.25,13.5135,13.5135,1844,0
NETG.US,D,20251203,000000,13.35,13.8889,13.35,13.8889,1097,0
NETG.US,D,20251204,000000,13.87,13.96,13.8,13.8776,714,0
NETG.US,D,20251205,000000,13.76,13.84,13.311,13.4006,1216,0
NETG.US,D,20251208,000000,14.14,14.14,14.0876,14.0876,684,0
NETG.US,D,20251209,000000,14.239,14.55,14.239,14.5476,2945,0
NETG.US,D,20251210,000000,14.368,15.1092,14.07,15.1092,10013,0
NETG.US,D,20251211,000000,14.2,14.71,14.11,14.2918,7091,0
NETG.US,D,20251212,000000,13.8477,13.8477,13.53,13.5791,1178,0
NETG.US,D,20251215,000000,13.12,13.1769,12.8087,12.8087,11660,0
NETG.US,D,20251216,000000,12.8912,12.9181,12.8912,12.9181,226,0
NETG.US,D,20251217,000000,12.96,12.96,12.1068,12.1068,7052,0
NETG.US,D,20251218,000000,12.481,12.51,12.37,12.3843,2614,0
NETG.US,D,20251219,000000,12.605,12.79,12.5996,12.5996,1345,0
NETG.US,D,20251222,000000,13.4413,13.595,13.3,13.4069,3881,0
NETG.US,D,20251223,000000,13.4057,13.4525,13.39,13.4525,512,0
NETG.US,D,20251224,000000,13.53,13.53,13.5017,13.5017,204,0
NETG.US,D,20251229,000000,13.26,13.26,13.21,13.2201,1628,0
NETG.US,D,20251230,000000,13.24,13.24,13.1309,13.1309,427,0
NETG.US,D,20251231,000000,13.16,13.16,12.7949,12.7949,615,0
NETG.US,D,20260102,000000,12.4,12.6,12.4,12.565,1779,0
NETG.US,D,20260105,000000,12.5,13.35,12.5,12.8494,2227,0
NETG.US,D,20260106,000000,12.22,12.8326,12.0996,12.8326,962,0
NETG.US,D,20260107,000000,13.15,13.4617,13.01,13.4617,1638,0
NETG.US,D,20260108,000000,12.15,12.15,11.3461,11.3461,1862,0
NETG.US,D,20260109,000000,10.9568,10.9568,10.8178,10.8178,6140,0
NETG.US,D,20260112,000000,10.92,11.35,10.92,11.2882,1512,0
NETG.US,D,20260114,000000,11.35,11.4574,11.2618,11.4574,1345,0
NETG.US,D,20260115,000000,11.24,11.34,10.98,11.0044,4669,0
NETG.US,D,20260116,000000,10.621,11.25,10.621,10.9891,992,0
NETG.US,D,20260120,000000,10.12,10.52,10.01,10.1253,8146,0
NETG.US,D,20260121,000000,9.85,9.8707,9.2996,9.2996,3498,0
NETG.US,D,20260122,000000,9.77,9.77,9.23,9.6398,10780,0
NETG.US,D,20260123,000000,9.94,10.15,9.6433,9.6433,2155,0
NETG.US,D,20260126,000000,11.61,12.46,11.4,11.4317,19936,0
NETG.US,D,20260127,000000,14.25,14.87,13.4481,13.4481,121614,0
NETG.US,D,20260128,000000,13.51,13.51,10.53,10.6633,463860,0
NETG.US,D,20260129,000000,10.95,10.95,9.5497,10.1823,145375,0
NETG.US,D,20260130,000000,10.12,10.12,9.7,9.7694,21734,0
NETG.US,D,20260202,000000,9.56,10.5787,9.55,10.3418,37346,0
NETG.US,D,20260203,000000,10.24,10.24,8.261,8.9646,57622,0
NETG.US,D,20260204,000000,9.0501,9.15,8.13,8.5207,22305,0
NETG.US,D,20260205,000000,8.815,9.09,8.08,8.1779,13555,0
NETG.US,D,20260206,000000,8.12,9.2066,8,9.2066,47563,0
NETG.US,D,20260209,000000,8.9,9.3901,8.9,9.2502,29109,0
NETG.US,D,20260210,000000,9.9548,10.35,9.48,9.969,541874,0
NETG.US,D,20260211,000000,12.39,12.51,10.58,10.96,575673,0
NETG.US,D,20260212,000000,11.15,12.22,10.08,10.5001,148163,0
NETG.US,D,20260213,000000,10.73,11.98,10.55,11.6687,206723,0
NETG.US,D,20260217,000000,11.5,12.31,10.97,11.4016,138196,0
NETG.US,D,20260218,000000,11.37,11.435,10.37,11.1642,117246,0
NETG.US,D,20260219,000000,10.88,11.32,10.29,11.2754,6813,0
NETG.US,D,20260220,000000,10.97,11.47,9.4104,9.4372,57574,0
NETG.US,D,20260223,000000,9.37,9.37,7.5,7.6105,94956,0
NETG.US,D,20260224,000000,7.51,8.31,7.51,8,97644,0
NETG.US,D,20260225,000000,8.07,8.87,7.89,8.77,81670,0
NETG.US,D,20260226,000000,8.93,9.26,8.69,9.0213,103711,0
NETG.US,D,20260227,000000,8.41,8.74,8.27,8.7348,37508,0
NETG.US,D,20260302,000000,8.48,9.66,8.4,9.6506,93492,0
NETG.US,D,20260303,000000,9.04,9.72,8.6701,9.43,36905,0
NETG.US,D,20260304,000000,9.58,10.3,9.4955,10.165,59796,0
NETG.US,D,20260305,000000,10.22,10.96,10.22,10.9,63525,0
NETG.US,D,20260306,000000,10.6,11.3,10.5703,11.14,34895,0
NETG.US,D,20260309,000000,10.65,12.17,10.65,11.92,60538,0
NETG.US,D,20260310,000000,12.1,12.86,11.52,12.68,52829,0
NETG.US,D,20260311,000000,13.26,13.42,12.6,13.2395,139578,0
NETG.US,D,20260312,000000,12.99,13.7525,12.965,13.21,41673,0
NETG.US,D,20260313,000000,13.81,13.83,12.72,13.1826,24597,0
NETG.US,D,20260316,000000,12.92,13.15,12.525,12.5513,25484,0
NETG.US,D,20260317,000000,12.97,13.383,12.96,13.0992,17017,0
NETG.US,D,20260318,000000,13.4433,15.17,13.145,14.7543,85027,0
NETG.US,D,20260319,000000,14.2,14.96,13.99,14.29,84061,0
NETG.US,D,20260320,000000,14.39,14.58,13.42,13.4213,37122,0
NETG.US,D,20260323,000000,13.44,14.74,13.44,14.1421,135461,0
NETG.US,D,20260324,000000,14.21,14.21,13.13,13.1696,22080,0
NETG.US,D,20260325,000000,13.92,14.5,13.5,13.7244,37583,0
NETG.US,D,20260326,000000,13.63,13.96,12.34,12.6596,120479,0
NETG.US,D,20260327,000000,12.27,12.27,11.5,11.891,14950,0
NETG.US,D,20260330,000000,12.055,12.5167,10.68,10.8952,31832,0
NETG.US,D,20260331,000000,11.23,12.2001,11.1,12.2001,32840,0
NETG.US,D,20260401,000000,12.51,12.63,11.87,12.1179,22875,0
NETG.US,D,20260402,000000,11.5,12.7367,11.5,12.7367,16823,0
NETG.US,D,20260406,000000,13.12,13.12,12.45,12.7383,8637,0
NETG.US,D,20260407,000000,12.85,13.2671,12.6396,13.2671,6437,0
NETG.US,D,20260408,000000,14.125,14.125,12.4512,12.6772,42198,0
NETG.US,D,20260409,000000,12.19,12.19,8.72,10.4752,234588,0
NETG.US,D,20260410,000000,10.5,10.5,7.4,7.65,831527,0
NETG.US,D,20260413,000000,8.03,9.26,7.798,9.21,434660,0
NETG.US,D,20260414,000000,9.22,9.71,8.6,8.6634,434448,0
NETG.US,D,20260415,000000,9.34,9.88,9.0119,9.7752,255322,0
NETG.US,D,20260416,000000,10.21,11.18,9.95,10.55,294996,0
NETG.US,D,20260417,000000,10.49,10.91,10.15,10.8941,152814,0
NETG.US,D,20260420,000000,10.75,11.35,10.3001,11.2973,182247,0
NETG.US,D,20260421,000000,11.58,12,11.36,11.5696,166476,0
NETG.US,D,20260422,000000,11.8,12.05,11.4563,11.6667,117573,0
NETG.US,D,20260423,000000,10.92,11.5703,10.63,11.3948,161237,0
NETG.US,D,20260424,000000,11.41,11.685,11,11.5695,69405,0
NETG.US,D,20260427,000000,11.402,12.4199,11.25,12.1703,127992,0
NETG.US,D,20260428,000000,12.17,12.54,11.62,11.72,106949,0
NETG.US,D,20260429,000000,11.48,12.3975,11.16,12.0279,59705,0
NETG.US,D,20260430,000000,11.4,11.535,10.6931,11.2858,69294,0
NETG.US,D,20260501,000000,11.9,12.72,11.8253,12.6341,64086,0
NETG.US,D,20260504,000000,12.9,13.41,12.7,13.3377,143412,0
NETG.US,D,20260505,000000,14.15,16.365,14.125,15.7948,225561,0
NETG.US,D,20260506,000000,16,16.6395,14.6,16.3907,185738,0
NETG.US,D,20260507,000000,16.74,17.68,16.44,17.5178,973792,0
NETG.US,D,20260508,000000,12.18,12.25,8.68,9.25,4616308,0
NETG.US,D,20260511,000000,9.12,9.91,8.84,8.95,1312752,0
NETG.US,D,20260512,000000,8.94,9.0077,8.3,8.33,610302,0
NETG.US,D,20260513,000000,8.15,8.99,8.15,8.85,819946,0
NETG.US,D,20260514,000000,8.96,9.68,8.64,9.4346,740114,0
NETG.US,D,20260515,000000,9.07,9.58,8.95,9.27,392310,0
NETG.US,D,20260518,000000,9,9.8021,8.88,9.6,345667,0
NETG.US,D,20260519,000000,9.77,10.29,9.52,10.128,684899,0
NETG.US,D,20260520,000000,9.79,10.5,9.6619,10.4271,345709,0
NETG.US,D,20260521,000000,10.47,10.77,10.167,10.64,249817,0
NETG.US,D,20260522,000000,10.77,11.08,10.54,11.0119,265358,0
NETG.US,D,20260526,000000,10.95,11.53,10.29,11.14,380349,0
NETG.US,D,20260527,000000,10.61,10.9,10.2,10.26,201725,0
NETG.US,D,20260528,000000,10.83,12.155,10.8,12.12,256106,0
NETG.US,D,20260529,000000,12.57,13.8,12.2,13.58,303579,0
NETG.US,D,20260601,000000,13.93,16.91,13.8,16.82,634880,0
NETG.US,D,20260602,000000,16.16,17.31,15.8172,17.0757,342960,0
NETG.US,D,20260603,000000,16.92,16.92,15.59,16.23,249262,0
NETG.US,D,20260604,000000,15.17,17.54,14.905,16.6264,409279,0
NETG.US,D,20260605,000000,16.2,16.51,13.86,14.3006,271480,0
NETG.US,D,20260608,000000,14.53,14.81,13.84,14.0356,95873,0
NETG.US,D,20260609,000000,13.84,14.145,11.85,12.6293,386594,0
NETG.US,D,20260610,000000,12.27,12.68,10.85,10.85,214972,0
NETG.US,D,20260611,000000,10.67,11.81,10.65,11.65,104398,0
NETG.US,D,20260612,000000,11.98,11.98,11.19,11.77,141639,0
NETG.US,D,20260615,000000,11.77,12.83,11.76,12.5,156643,0
NETG.US,D,20260616,000000,12.26,12.81,11.86,12.06,61240,0
NETG.US,D,20260617,000000,12.09,12.51,11.55,11.55,103935,0
NETG.US,D,20260618,000000,11.68,11.68,10.49,11.31,110893,0
NETG.US,D,20260622,000000,11.04,11.4,10.11,10.6805,92608,0
NETG.US,D,20260623,000000,10.67,11.8,10.64,11.36,107270,0
NETG.US,D,20260624,000000,11.12,11.63,10.9546,11.13,55945,0
