<TICKER>,<PER>,<DATE>,<TIME>,<OPEN>,<HIGH>,<LOW>,<CLOSE>,<VOL>,<OPENINT>
NEXR.US,D,20220829,000000,50896.3,50896.3,39417.6,40067.3,59.34795453083241,0
NEXR.US,D,20220830,000000,39201,42014.4,34219.6,40392.2,38.9956597789858,0
NEXR.US,D,20220831,000000,39634.1,42016.5,37251.8,39850.7,45.82385259047628,0
NEXR.US,D,20220901,000000,40933.6,43099.4,37251.8,38767.8,54.54737276254468,0
NEXR.US,D,20220902,000000,41366.8,45265.2,39201,41150.2,98.54931197337461,0
NEXR.US,D,20220906,000000,42882.8,44160.6,37468.3,39417.6,34.53647610818987,0
NEXR.US,D,20220907,000000,42666.3,42880.7,34652.8,36168.9,29.436836255308904,0
NEXR.US,D,20220908,000000,34869.4,37251.8,31072.9,32487,29.306815016121796,0
NEXR.US,D,20220909,000000,30754.4,32190.2,29671.5,30970.9,12.803675308598045,0
NEXR.US,D,20220912,000000,32487,33353.3,27722.2,28805.1,32.07369099562344,0
NEXR.US,D,20220913,000000,27938.8,28372,26855.9,27938.8,26.86739309497032,0
NEXR.US,D,20220914,000000,27722.2,29019.6,27072.5,27938.8,22.49658323518608,0
NEXR.US,D,20220915,000000,27289.1,27938.8,26422.8,27722.2,10.697155778972883,0
NEXR.US,D,20220916,000000,26855.9,27241.5,24257,25339.9,14.30192075972641,0
NEXR.US,D,20220919,000000,25123.3,25556.4,22524.3,23390.6,9.080847718256534,0
NEXR.US,D,20220920,000000,22740.9,23174.1,21441.4,22524.3,9.410287186153408,0
NEXR.US,D,20220921,000000,22524.3,25123.3,21658,23607.2,35.59853169902155,0
NEXR.US,D,20220922,000000,23174.1,24473.5,22307.7,23607.2,11.133576500845905,0
NEXR.US,D,20220923,000000,22957.5,24257,22740.9,22957.5,9.438729332225838,0
NEXR.US,D,20220926,000000,22957.5,24906.7,22740.9,23390.6,5.493166494072167,0
NEXR.US,D,20220927,000000,23390.6,24690.1,23174.1,24473.5,7.316418870852586,0
NEXR.US,D,20220928,000000,23607.2,24235.3,22307.7,23823.8,7.312032500922864,0
NEXR.US,D,20220929,000000,22740.9,22957.5,20579.4,21435,8.822559787854363,0
NEXR.US,D,20220930,000000,21036.4,23548.7,19925.4,22091.2,13.786868585319054,0
NEXR.US,D,20221003,000000,21658,23172,21658,22307.7,2.904238616781784,0
NEXR.US,D,20221004,000000,22307.7,23823.8,21224.8,22305.6,5.310508815725879,0
NEXR.US,D,20221005,000000,21636.3,22524.3,21398.2,21874.6,1.3705328276936886,0
NEXR.US,D,20221006,000000,21874.6,22957.5,21653.7,22091.2,4.148674852068064,0
NEXR.US,D,20221007,000000,22091.2,22931.4,20813.4,21040.7,13.783821212525925,0
NEXR.US,D,20221010,000000,21333.2,22524.3,21226.9,21874.6,1.643041831131654,0
NEXR.US,D,20221011,000000,21658,22524.3,21116.6,21874.6,3.0966386536042014,0
NEXR.US,D,20221012,000000,22740.9,24906.7,22091.2,24473.5,11.187367247881696,0
NEXR.US,D,20221013,000000,23390.6,24257,22524.3,22524.3,3.679056235672356,0
NEXR.US,D,20221014,000000,22524.3,22641.2,21118.7,21118.7,2.597331238630005,0
NEXR.US,D,20221017,000000,21658,23605.1,21549.8,22524.3,4.086388399062705,0
NEXR.US,D,20221018,000000,22740.9,24473.5,22177.8,23174.1,8.078631447733914,0
NEXR.US,D,20221019,000000,22743,23174.1,21658,21658,1.9319420064131037,0
NEXR.US,D,20221020,000000,22740.9,24906.7,21874.6,24040.4,23.747252733004167,0
NEXR.US,D,20221021,000000,24257,26855.9,23174.1,25989.6,9.551482125582977,0
NEXR.US,D,20221024,000000,26639.3,26747.7,22957.5,24257,2.0748914938146448,0
NEXR.US,D,20221025,000000,23823.8,24473.5,22091.2,23390.6,3.19106103788591,0
NEXR.US,D,20221026,000000,23607.2,24365.3,23193.5,23825.9,1.1648813364513235,0
NEXR.US,D,20221027,000000,24257,25339.9,23875.7,24581.9,2.906454887904278,0
NEXR.US,D,20221028,000000,24690.1,25989.6,24473.5,25580.2,4.182888537521779,0
NEXR.US,D,20221031,000000,25339.9,27072.5,24475.6,25989.6,3.7403730700615743,0
NEXR.US,D,20221101,000000,26639.3,29021.7,24040.4,25773,6.494967213759322,0
NEXR.US,D,20221102,000000,25773,28588.6,25558.5,27072.5,2.231831192676952,0
NEXR.US,D,20221103,000000,26206.2,30104.6,26206.2,27505.7,5.119216914464605,0
NEXR.US,D,20221104,000000,27938.8,29454.9,25989.6,29021.7,9.870255788703476,0
NEXR.US,D,20221107,000000,28372,30970.9,27321.7,29888,2.6599870701557724,0
NEXR.US,D,20221108,000000,31837.3,32920.2,29454.9,32270.4,9.942792495650291,0
NEXR.US,D,20221109,000000,31620.7,34652.8,31404.1,34436.2,4.665389229817153,0
NEXR.US,D,20221110,000000,35254.9,38116,32703.6,36818.6,9.074614455724138,0
NEXR.US,D,20221111,000000,36818.6,41475.1,36818.6,41150.2,7.202327080358436,0
NEXR.US,D,20221114,000000,42016.5,42882.8,39042.9,41150.2,6.040816322906182,0
NEXR.US,D,20221115,000000,41150.2,43316,39283.3,40933.6,3.328700709056519,0
NEXR.US,D,20221116,000000,41150.2,42233.1,38551.2,40500.5,2.1491827487335575,0
NEXR.US,D,20221117,000000,39012.5,43316,38767.8,42233.1,3.4408070900031626,0
NEXR.US,D,20221118,000000,41583.4,45265.2,41152.3,42449.7,3.212669681330297,0
NEXR.US,D,20221121,000000,42449.7,43097.3,39417.6,41867,2.572906083967391,0
NEXR.US,D,20221122,000000,43099.4,51112.9,40067.3,42666.3,28.150429385639995,0
NEXR.US,D,20221123,000000,45698.4,46564.7,34436.2,37901.5,41.18690550673281,0
NEXR.US,D,20221125,000000,37901.5,38551.2,34219.6,35735.7,13.962000176311877,0
NEXR.US,D,20221128,000000,34219.6,37643.8,31187.5,33136.7,15.330455249828198,0
NEXR.US,D,20221129,000000,32487,35086,32270.4,33245.1,3.0656570302041772,0
NEXR.US,D,20221130,000000,33786.5,34217.5,29238.3,30321.2,5.268353492083105,0
NEXR.US,D,20221201,000000,31404.1,31404.1,28372,28372,1.6640964067954498,0
NEXR.US,D,20221202,000000,27289.1,31620.7,27072.5,28805.1,2.231507986471599,0
NEXR.US,D,20221205,000000,28805.1,32053.8,28805.1,30754.4,1.4509188281995324,0
NEXR.US,D,20221206,000000,30754.4,34091.8,28805.1,31620.7,5.758241754787072,0
NEXR.US,D,20221207,000000,32162.2,34003.1,29127.8,33786.5,6.773432445838881,0
NEXR.US,D,20221208,000000,32487,33686.8,29888,30537.8,2.7539477312869587,0
NEXR.US,D,20221209,000000,31131.1,31131.1,28807.2,30104.6,0.6191707448496739,0
NEXR.US,D,20221212,000000,28805.1,29671.5,24257,28155.4,0.9831009320908957,0
NEXR.US,D,20221213,000000,28984.9,29021.7,26208.3,26208.3,1.1813648529249625,0
NEXR.US,D,20221214,000000,26206.2,30970.9,24040.4,24257,6.853772274029754,0
NEXR.US,D,20221215,000000,24257,26964.3,23607.2,25556.4,2.7263366868857526,0
NEXR.US,D,20221216,000000,26422.8,28588.6,24692.2,26206.2,2.1868593578161617,0
NEXR.US,D,20221219,000000,25773,28155.4,25123.3,26855.9,1.7123464760249452,0
NEXR.US,D,20221220,000000,24690.1,26422.8,24040.4,24473.5,1.3295779842424214,0
NEXR.US,D,20221221,000000,23607.2,28372,23607.2,24690.1,0.8558962041221766,0
NEXR.US,D,20221222,000000,24690.1,25989.6,24257,25556.4,0.5948841071322292,0
NEXR.US,D,20221223,000000,24690.1,26639.3,24482.1,26639.3,0.3514636621771554,0
NEXR.US,D,20221227,000000,24040.4,29454.9,24040.4,25339.9,1.753532181051494,0
NEXR.US,D,20221228,000000,24473.5,27289.1,24473.5,25664.8,0.29651860726506785,0
NEXR.US,D,20221229,000000,29238.3,29238.3,24473.5,25989.6,0.8297165014875902,0
NEXR.US,D,20221230,000000,24473.5,25556.4,22957.5,25123.3,2.0924369735344537,0
NEXR.US,D,20230103,000000,24690.1,25339.9,22091.2,23392.7,1.5718441213211791,0
NEXR.US,D,20230104,000000,22740.9,26422.8,22740.9,26422.8,1.5575307036550192,0
NEXR.US,D,20230105,000000,29238.3,35519.1,25125.4,27072.5,23.247945318030222,0
NEXR.US,D,20230106,000000,32487,33569.9,25989.6,26855.9,5.298273152237002,0
NEXR.US,D,20230109,000000,26855.9,26866.8,24906.7,25339.9,1.708283312300366,0
NEXR.US,D,20230110,000000,25556.4,26853.8,25556.4,26422.8,0.5735063252630811,0
NEXR.US,D,20230111,000000,25556.4,27289.1,25339.9,26855.9,0.3991596636260504,0
NEXR.US,D,20230112,000000,26639.3,27072.5,25556.4,26206.2,0.8127250895483733,0
NEXR.US,D,20230113,000000,27180.9,30321.2,26855.9,29238.3,8.414488867423575,0
NEXR.US,D,20230117,000000,29888,31220.1,29021.7,29671.5,1.502400959482719,0
NEXR.US,D,20230118,000000,28588.6,30319.1,27074.6,28155.4,1.2167790185699745,0
NEXR.US,D,20230119,000000,27072.5,29236.2,26691.3,28588.6,0.8647612886121936,0
NEXR.US,D,20230120,000000,28372,34652.8,27507.8,32489.1,19.562009407415314,0
NEXR.US,D,20230123,000000,39417.6,39417.6,28805.1,35519.1,127.57119763331022,0
NEXR.US,D,20230124,000000,34652.8,36385.4,23390.6,25123.3,50.41661276871642,0
NEXR.US,D,20230125,000000,25123.3,25335.5,22740.9,23568.3,11.088281459779804,0
NEXR.US,D,20230126,000000,23607.2,24906.7,23390.6,24257,4.434619999186286,0
NEXR.US,D,20230127,000000,23607.2,24274.3,22957.5,23823.8,5.935774306162485,0
NEXR.US,D,20230130,000000,23607.2,23628.9,22091.2,22957.5,4.160633481666561,0
NEXR.US,D,20230131,000000,24690.1,25339.9,22524.3,23390.6,6.172130386914369,0
NEXR.US,D,20230201,000000,23390.6,24005.7,22957.5,23607.2,1.6903222817450503,0
NEXR.US,D,20230202,000000,23821.7,23823.8,22091.2,22905.5,3.169914117592001,0
NEXR.US,D,20230203,000000,22957.5,23392.7,22091.2,22740.9,3.930464491131301,0
NEXR.US,D,20230206,000000,23087.4,23390.6,22307.7,23174.1,1.7255979304449354,0
NEXR.US,D,20230207,000000,22957.5,22957.5,21874.6,22524.3,2.0102964250566373,0
NEXR.US,D,20230208,000000,23009.4,23009.4,21658,22524.3,1.6218025662076327,0
NEXR.US,D,20230209,000000,22307.7,22740.9,21658,22091.2,3.457983191202605,0
NEXR.US,D,20230210,000000,22740.9,22740.9,21874.6,22524.3,1.514036382875864,0
NEXR.US,D,20230213,000000,22524.3,22524.3,20382.3,21222.7,3.5974697549752572,0
NEXR.US,D,20230214,000000,20683.5,21655.9,20148.4,21655.9,1.9861483042843613,0
NEXR.US,D,20230215,000000,21175,21655.9,20165.7,21441.4,1.5276110435012062,0
NEXR.US,D,20230216,000000,21441.4,21441.4,20900,21166.3,0.851740695767485,0
NEXR.US,D,20230217,000000,21224.8,21441.4,17982.6,20492.8,3.465971001706426,0
NEXR.US,D,20230221,000000,19137,20358.5,19059,19925.4,1.550974234917609,0
NEXR.US,D,20230222,000000,24906.7,25773,20007.7,22307.7,386.43692838572184,0
NEXR.US,D,20230223,000000,21441.4,24906.7,20360.6,24148.7,38.584172107239404,0
NEXR.US,D,20230224,000000,24473.5,24473.5,21658,22307.7,7.515560065672598,0
NEXR.US,D,20230227,000000,21398.2,24257,20358.5,22307.7,3.7033428733896745,0
NEXR.US,D,20230228,000000,22307.7,23174.1,20683.5,22468,2.666220332687831,0
NEXR.US,D,20230301,000000,21224.8,23607.2,21224.8,23174.1,6.04390986801441,0
NEXR.US,D,20230302,000000,22957.5,25773,22091.2,25123.3,8.14779757568233,0
NEXR.US,D,20230303,000000,24473.5,24906.7,24020.9,24257,2.2541324208471845,0
NEXR.US,D,20230306,000000,26206.2,26422.8,23607.2,24904.6,15.211700055514576,0
NEXR.US,D,20230307,000000,24690.1,25121.2,23174.1,24257,4.049496719336059,0
NEXR.US,D,20230308,000000,24473.5,26422.8,23901.9,26422.8,4.339735891753722,0
NEXR.US,D,20230309,000000,25556.4,31404.1,25140.6,30104.6,20.18856772267341,0
NEXR.US,D,20230310,000000,29671.5,39417.6,29454.9,35952.3,162.47594412635897,0
NEXR.US,D,20230313,000000,35302.5,42231,35302.5,37035.2,67.37898232174908,0
NEXR.US,D,20230314,000000,37035.2,39201,32487,34436.2,32.28599130023303,0
NEXR.US,D,20230315,000000,35519.1,35519.1,33353.3,34219.6,5.591559697448426,0
NEXR.US,D,20230316,000000,33353.3,34650.7,31620.7,31837.3,4.036753160381478,0
NEXR.US,D,20230317,000000,32487,32645.1,29023.8,30104.6,4.512466522363948,0
NEXR.US,D,20230320,000000,29996.4,30319.1,27507.8,28372,0.8449071931397364,0
NEXR.US,D,20230321,000000,27722.2,28155.4,21226.9,21530.2,12.78594513961793,0
NEXR.US,D,20230322,000000,21008.3,22524.3,19061.1,19817.1,13.167282289634086,0
NEXR.US,D,20230323,000000,19223.7,19708.8,14946.1,15593.8,15.606381004580287,0
NEXR.US,D,20230324,000000,15414,16782.8,15188.7,15738.9,3.0006464106107464,0
NEXR.US,D,20230327,000000,16663.6,17109.8,15595.9,16026.9,2.179287098147596,0
NEXR.US,D,20230328,000000,15940.3,16458,15160.6,16026.9,2.079139346799407,0
NEXR.US,D,20230329,000000,15810.3,17543,15810.3,17105.5,4.1785945122217925,0
NEXR.US,D,20230330,000000,17086,17086,16351.9,16893.2,1.2266137216760908,0
NEXR.US,D,20230331,000000,16460.1,16891.1,15247.3,16888.9,2.3738110614623937,0
NEXR.US,D,20230403,000000,16891.1,16893.2,15307.9,16460.1,1.6527841896076572,0
NEXR.US,D,20230404,000000,16460.1,16873.8,16245.7,16873.8,1.1387939784468497,0
NEXR.US,D,20230405,000000,16893.2,16893.2,16026.9,16243.5,0.36822421254109483,0
NEXR.US,D,20230406,000000,16243.5,16460.1,15593.8,15767.1,3.200526362471575,0
NEXR.US,D,20230410,000000,30104.6,34003.1,25989.6,30537.8,2166.789868494002,0
NEXR.US,D,20230411,000000,30321.2,34219.6,26206.2,27722.2,353.301458833162,0
NEXR.US,D,20230412,000000,24473.5,29888,23607.2,27722.2,112.17420807749379,0
NEXR.US,D,20230413,000000,29238.3,29671.5,26204.1,28372,50.938221411861434,0
NEXR.US,D,20230414,000000,26206.2,29021.7,25123.3,27289.1,26.644473157898187,0
NEXR.US,D,20230417,000000,24257,24690.1,20575.1,21116.6,37.650475552255514,0
NEXR.US,D,20230418,000000,22524.3,22524.3,21242.2,21242.2,8.298919562847539,0
NEXR.US,D,20230419,000000,20222,21874.6,20222,21417.6,7.881937385611594,0
NEXR.US,D,20230420,000000,20748.4,20921.6,17976.1,18106.1,19.37925938443841,0
NEXR.US,D,20230421,000000,17759.6,18402.9,17326.4,17543,4.9248314680951015,0
NEXR.US,D,20230424,000000,17974,18043.2,16700.7,17309,5.911718530020195,0
NEXR.US,D,20230425,000000,16893.2,17543,16243.5,16789.2,8.651583705216193,0
NEXR.US,D,20230426,000000,16895.3,17250.7,16460.1,16971.2,3.345461259420244,0
NEXR.US,D,20230427,000000,16460.1,17326.4,16243.5,16265.2,3.8999907631968544,0
NEXR.US,D,20230428,000000,16243.5,16609.5,16026.9,16293.3,2.783174806714969,0
NEXR.US,D,20230501,000000,16265.2,17315.6,16265.2,16748.2,3.193277309008403,0
NEXR.US,D,20230502,000000,16676.7,17324.3,16245.6,16893.2,7.387062512882468,0
NEXR.US,D,20230503,000000,16249.9,17326.4,16249.9,16785,3.2435589601002093,0
NEXR.US,D,20230504,000000,16174.2,17326.4,16037.7,16074.5,3.2526087338506193,0
NEXR.US,D,20230505,000000,16462.2,17759.6,15377.2,16074.5,7.902668755069743,0
NEXR.US,D,20230508,000000,16460.1,20575.1,16245.6,17543,16.21904145300765,0
NEXR.US,D,20230509,000000,17543,17543,16460.1,17155.3,1.783036290369842,0
NEXR.US,D,20230510,000000,17759.6,18030.3,17155.3,17218.2,1.3573275455887968,0
NEXR.US,D,20230511,000000,17126.9,17126.9,16541.3,17088.1,1.0546218481067227,0
NEXR.US,D,20230512,000000,16676.7,17326.4,16304.1,17326.4,1.7191338063376373,0
NEXR.US,D,20230515,000000,16460.1,17326.4,16460.1,17109.8,1.4238618515789603,0
NEXR.US,D,20230516,000000,16503.3,17326.4,15897,16299.8,3.3656847334133624,0
NEXR.US,D,20230517,000000,16026.9,16940.8,16026.9,16544.5,1.461907839181973,0
NEXR.US,D,20230518,000000,16050.7,17361.1,16050.7,16891.1,1.3257918544081384,0
NEXR.US,D,20230519,000000,16442.7,16839.1,16148.2,16408.1,1.0889278781905087,0
NEXR.US,D,20230522,000000,17543,17976.1,16462.2,16871.5,14.522901459565672,0
NEXR.US,D,20230523,000000,16871.5,16893.2,16249.9,16594.3,1.2841444262310682,0
NEXR.US,D,20230524,000000,16289,16891.1,16289,16460.1,1.0718902939362356,0
NEXR.US,D,20230525,000000,16893.2,16893.2,16330.2,16371.3,0.3885400311640482,0
NEXR.US,D,20230526,000000,16308.5,16787.1,15810.3,16078.9,2.6609105164568154,0
NEXR.US,D,20230530,000000,15593.8,16078.9,15593.8,15637,1.6910610387859095,0
NEXR.US,D,20230531,000000,15593.8,16137.4,15593.8,15661,1.0614553507344293,0
NEXR.US,D,20230601,000000,15665.3,16568.4,15663.1,16354,2.3001662189541854,0
NEXR.US,D,20230602,000000,16297.7,17787.7,15667.4,16947.4,2.7156708821087063,0
NEXR.US,D,20230605,000000,16460.1,17326.4,16460.1,16460.1,0.6880136665924439,0
NEXR.US,D,20230606,000000,17239.7,17239.7,16241.4,16462.2,1.080247482960675,0
NEXR.US,D,20230607,000000,16875.9,17651.3,15706.3,16156.8,2.7849293546869833,0
NEXR.US,D,20230608,000000,17326.4,17326.4,15918.7,16245.7,2.245405853302294,0
NEXR.US,D,20230609,000000,17423.8,17423.8,16029,16481.8,1.4724812993289063,0
NEXR.US,D,20230612,000000,16265.2,17218.2,16135.3,16460.1,1.5311663117602077,0
NEXR.US,D,20230613,000000,16462.2,16893.2,15918.7,16802.2,2.4336965540850763,0
NEXR.US,D,20230614,000000,16676.7,16893.2,16133,16512,0.5790008307542801,0
NEXR.US,D,20230615,000000,17092.5,26855.9,16557.2,23607.2,256.01574460583174,0
NEXR.US,D,20230616,000000,24257,25556.4,17307.9,19026.6,100.63971736504894,0
NEXR.US,D,20230620,000000,19059,19275.6,16481.8,17326.4,17.59483792461705,0
NEXR.US,D,20230621,000000,17109.8,17326.4,16462.2,17239.7,4.77652599214753,0
NEXR.US,D,20230622,000000,17885.1,17885.1,16462.2,17235.4,2.107119769721064,0
NEXR.US,D,20230623,000000,16893.2,16930.1,16026.9,16026.9,4.29282481966086,0
NEXR.US,D,20230626,000000,15951.2,16462.2,15186.6,16026.9,5.782112841668548,0
NEXR.US,D,20230627,000000,15819,16460.1,15377.2,15998.8,3.8653615269077157,0
NEXR.US,D,20230628,000000,15518,16026.9,15377.2,16024.8,3.289500413577266,0
NEXR.US,D,20230629,000000,15985.8,16063.7,15388,16026.9,2.84463015804944,0
NEXR.US,D,20230630,000000,16026.9,16445,15593.8,16243.5,2.1404561811887097,0
NEXR.US,D,20230703,000000,15810.3,16325.8,15658.7,16026.9,0.7444362355861953,0
NEXR.US,D,20230705,000000,17543,17761.7,16029,16715.6,12.751223558698845,0
NEXR.US,D,20230706,000000,16867.2,17434.8,15702.1,16308.5,25.458814279673454,0
NEXR.US,D,20230707,000000,16206.7,17109.8,15702.1,16763.3,3.8000277011090593,0
NEXR.US,D,20230710,000000,16592.2,16674.6,16026.9,16674.6,1.975851878027724,0
NEXR.US,D,20230711,000000,16098.5,16674.6,16072.4,16522.9,2.144380827968161,0
NEXR.US,D,20230712,000000,16525,16525,16146.1,16297.7,0.9764982910384287,0
NEXR.US,D,20230713,000000,16072.4,16620.4,16026.9,16191.6,2.2188567721472996,0
NEXR.US,D,20230714,000000,16191.6,16204.6,15539.6,15810.3,2.969941821101018,0
NEXR.US,D,20230717,000000,15702.1,15950.1,15702.1,15808.2,1.7670144970467239,0
NEXR.US,D,20230718,000000,16026.9,16026.9,15203.9,15522.4,2.2791578156054464,0
NEXR.US,D,20230719,000000,15377.2,16243.5,15340.4,15797.3,4.840382303864678,0
NEXR.US,D,20230720,000000,15786.5,16022.6,15338.3,15812.4,5.657309074082505,0
NEXR.US,D,20230721,000000,15693.4,15981.4,15182.3,15593.8,3.2412503443475607,0
NEXR.US,D,20230724,000000,15377.2,15810.3,15164.9,15164.9,0.9767291526137104,0
NEXR.US,D,20230725,000000,15160.6,15938.2,14296.4,14900.8,4.822421273309489,0
NEXR.US,D,20230726,000000,14933.2,15377.2,14084.1,14294.3,0.980746144023233,0
NEXR.US,D,20230727,000000,14476.1,14924.6,14467.6,14467.6,0.6780866188562573,0
NEXR.US,D,20230728,000000,14601.9,15160.6,14201.2,14944,0.7260134818804004,0
NEXR.US,D,20230731,000000,15539.6,15539.6,14575.8,15372.8,1.8131868120988945,0
NEXR.US,D,20230801,000000,15160.6,15377.2,14944,15156.3,0.8483701167686669,0
NEXR.US,D,20230802,000000,14944,15808.1,14426.4,15117.3,2.897589803414261,0
NEXR.US,D,20230803,000000,14513,15160.6,14513,15084.9,0.516714377748879,0
NEXR.US,D,20230804,000000,14727.4,14729.5,14510.9,14684.2,0.5472342779983822,0
NEXR.US,D,20230807,000000,15160.6,16241.4,14084.1,14593.2,11.914858243843941,0
NEXR.US,D,20230808,000000,14835.8,15160.6,14513,14835.8,0.7883922795158722,0
NEXR.US,D,20230809,000000,14835.8,15160.6,14729.5,15160.6,1.15966386485042,0
NEXR.US,D,20230810,000000,14727.4,14944,14510.9,14513,1.147151167471289,0
NEXR.US,D,20230811,000000,14515.2,14727.4,14515.2,14727.4,0.10942838667365389,0
NEXR.US,D,20230814,000000,14513,15320.9,11478.7,12345.1,9.235524973681374,0
NEXR.US,D,20230815,000000,12347.2,12561.6,11047.8,11957.4,3.5812171000768576,0
NEXR.US,D,20230816,000000,11587,12285.5,11500.4,11914.1,1.2959183665693819,0
NEXR.US,D,20230817,000000,11500.4,13103.1,11474.4,11937.9,1.6575861103730534,0
NEXR.US,D,20230818,000000,12533.5,12533.5,11045.6,12126.3,1.7024656006037728,0
NEXR.US,D,20230821,000000,11913,11913,11262.2,11478.7,0.4582140545778027,0
NEXR.US,D,20230822,000000,11045.6,11798.7,11045.6,11478.7,0.818588973560023,0
NEXR.US,D,20230823,000000,11478.7,11673.7,11108.4,11234,0.7310000919060217,0
NEXR.US,D,20230824,000000,11693.2,11693.2,11045.6,11381.3,0.40206851947433875,0
NEXR.US,D,20230825,000000,11370.5,11370.5,10852.8,11257.8,0.8818450451814811,0
NEXR.US,D,20230828,000000,10829,11370.5,10655.7,11340.1,1.1890294572235993,0
NEXR.US,D,20230829,000000,10937.3,11911.9,10612.4,11268.7,1.4221534759220438,0
NEXR.US,D,20230830,000000,11049.9,11053.1,10419.7,10786.2,1.4129190129116183,0
NEXR.US,D,20230831,000000,10612.4,11272.6,10417.5,10731.5,0.8407055124699885,0
NEXR.US,D,20230901,000000,10395.8,11043.4,10395.8,10829,0.6422569023757382,0
NEXR.US,D,20230905,000000,10677.4,10677.4,10207.4,10612.4,0.23686397621765473,0
NEXR.US,D,20230906,000000,10400.2,10829,10298.4,10298.4,2.4179979669673526,0
NEXR.US,D,20230907,000000,10826.8,10826.8,10183.6,10544.5,0.438452303735458,0
NEXR.US,D,20230908,000000,10395.8,10612.4,10190.1,10285.4,1.4102410186385612,0
NEXR.US,D,20230911,000000,9984.34,10876.6,9984.34,10285.4,0.900221626572262,0
NEXR.US,D,20230912,000000,10179.3,10829,10075.3,10395.8,1.6287284134654518,0
NEXR.US,D,20230913,000000,10634.1,10805.2,10482.5,10512.8,3.525440943493895,0
NEXR.US,D,20230914,000000,10417.5,10720.7,9975.67,10395.8,2.0031397162235365,0
NEXR.US,D,20230915,000000,10400.2,10829,9529.52,10597.3,2.91121063635466,0
NEXR.US,D,20230918,000000,10395.8,10612.4,9837.06,9837.06,0.4847631357327976,0
NEXR.US,D,20230919,000000,9837.06,10829,9746.1,9941.02,0.9904885024992364,0
NEXR.US,D,20230920,000000,9767.76,9854.39,9767.76,9772.08,0.2159479174990195,0
NEXR.US,D,20230921,000000,9531.69,9743.93,9529.52,9743.93,0.4090867113622665,0
NEXR.US,D,20230922,000000,9529.52,10177.1,9529.52,9919.36,0.36706990466478745,0
NEXR.US,D,20230925,000000,9529.52,10179.3,9529.52,10003.8,0.3390894817431723,0
NEXR.US,D,20230926,000000,9984.34,10805.2,9746.1,10198.7,0.2617508540307772,0
NEXR.US,D,20230927,000000,10198.7,10634.1,10198.7,10395.8,0.39140271469728444,0
NEXR.US,D,20230928,000000,10395.8,10395.8,10071,10092.6,0.4493951424027999,0
NEXR.US,D,20230929,000000,11045.6,11045.6,9852.22,10458.6,0.5923446298043411,0
NEXR.US,D,20231002,000000,10125.1,10612.4,8879.78,10179.3,1.0433558032339867,0
NEXR.US,D,20231003,000000,9531.69,9962.68,8988.07,9960.5,0.4542894077983507,0
NEXR.US,D,20231004,000000,9226.31,9938.85,9226.31,9466.72,0.13020592844713275,0
NEXR.US,D,20231005,000000,9464.55,9471.04,9189.49,9462.38,0.4240003691241292,0
NEXR.US,D,20231006,000000,9020.56,9854.39,9020.56,9420.18,0.9389140265859792,0
NEXR.US,D,20231009,000000,8511.59,9637.81,8511.59,9009.73,0.10037861292342828,0
NEXR.US,D,20231010,000000,9154.84,9746.1,8663.2,9529.52,1.491411948500279,0
NEXR.US,D,20231011,000000,9312.94,9312.94,8710.84,9312.94,1.4108412587342516,0
NEXR.US,D,20231012,000000,9486.2,9486.2,8775.82,8775.82,0.14978299002925624,0
NEXR.US,D,20231013,000000,8775.82,9096.36,8446.62,8505.1,0.6230030469990133,0
NEXR.US,D,20231016,000000,8663.2,9096.36,8663.2,8771.49,0.045433558011340705,0
NEXR.US,D,20231017,000000,9074.7,9096.36,8684.86,9053.04,0.45756764216705603,0
NEXR.US,D,20231018,000000,8684.86,9529.52,8684.86,8691.38,0.3165112196826562,0
NEXR.US,D,20231019,000000,8691.35,8691.35,7939.82,7948.49,1.1525995006474319,0
NEXR.US,D,20231020,000000,8273.36,8273.36,8013.46,8015.63,0.678317480431497,0
NEXR.US,D,20231023,000000,8013.46,8035.12,8013.46,8015.63,0.1666820573383521,0
NEXR.US,D,20231024,000000,8446.62,8663.2,7734.08,7905.17,0.8610675034080233,0
NEXR.US,D,20231025,000000,8299.34,8299.34,7796.88,8230.01,0.14655092797560304,0
NEXR.US,D,20231026,000000,8121.75,8121.75,7591.14,8035.12,0.20745221152941942,0
NEXR.US,D,20231027,000000,8230.07,8444.45,7595.46,7601.96,0.635746605953384,0
NEXR.US,D,20231030,000000,8446.62,8446.62,7591.14,7591.14,0.432265213518456,0
NEXR.US,D,20231031,000000,8167.24,8230.04,7121.16,7985.31,15.297534389196269,0
NEXR.US,D,20231101,000000,8013.46,8230.04,7493.67,7580.3,3.0466802087177483,0
NEXR.US,D,20231102,000000,7796.88,9616.15,7580.3,9096.36,16.176332061584116,0
NEXR.US,D,20231103,000000,7982.52,9251.06,7735,8957.13,16.03878473023219,0
NEXR.US,D,20231106,000000,8539.44,8539.44,8044.4,8415.68,5.50743373777117,0
NEXR.US,D,20231107,000000,8106.28,10674.3,8106.28,9282,25.39237231069567,0
NEXR.US,D,20231108,000000,9622.34,10117.4,8230.04,9436.7,14.761797013217292,0
NEXR.US,D,20231109,000000,9282,9467.64,8230.04,8230.04,5.857789264281966,0
NEXR.US,D,20231110,000000,8353.8,12190.4,8353.8,9127.3,101.97866829865313,0
NEXR.US,D,20231113,000000,8663.2,9746.1,8663.2,9189.18,8.44440852504386,0
NEXR.US,D,20231114,000000,9158.24,9158.24,8786.96,8854.1,2.494182286055171,0
NEXR.US,D,20231115,000000,9080.89,10705.2,8663.2,9158.24,29.088558474143504,0
NEXR.US,D,20231116,000000,8756.02,9857.48,8501.7,8663.2,11.171945691302714,0
NEXR.US,D,20231117,000000,8539.44,8910.72,8028.93,8508.5,7.651260497315546,0
NEXR.US,D,20231120,000000,8260.98,8260.98,6528.34,6775.86,13.930187447062055,0
NEXR.US,D,20231121,000000,6806.8,7672.81,6342.7,6497.71,6.2436974733722685,0
NEXR.US,D,20231122,000000,6806.8,8972.6,6234.41,7270.9,31.334841600757915,0
NEXR.US,D,20231124,000000,6930.56,9127.3,6806.8,7239.96,22.988041349705075,0
NEXR.US,D,20231127,000000,7224.49,7487.17,6961.5,7131.67,2.9427924989675183,0
NEXR.US,D,20231128,000000,7209.02,8291.92,7180.56,7347.63,4.83839689286587,0
NEXR.US,D,20231129,000000,7704.06,9653.28,7425.91,9653.28,86.19198440852851,0
NEXR.US,D,20231130,000000,10643.4,11602.5,9343.88,10179.3,26.683581100742373,0
NEXR.US,D,20231201,000000,11447.8,12252.2,8694.14,9993.62,356.2288296729308,0
NEXR.US,D,20231204,000000,10148.3,11757.2,8972.6,11509.7,267.4133804962368,0
NEXR.US,D,20231205,000000,10519.6,10624.8,9374.82,9962.68,13.191014855613544,0
NEXR.US,D,20231206,000000,9761.57,9900.8,9312.94,9592.95,5.789269548765094,0
NEXR.US,D,20231207,000000,9436.7,9436.7,8199.1,8199.1,6.517453129234487,0
NEXR.US,D,20231208,000000,8694.14,8817.9,8291.92,8291.92,2.9149967653144477,0
NEXR.US,D,20231211,000000,8168.16,10210.2,8168.16,9931.74,63.806399425443054,0
NEXR.US,D,20231212,000000,10055.5,11169.3,9251.06,9962.68,17.736910132711635,0
NEXR.US,D,20231213,000000,10086.4,10767.1,9622.34,10055.5,35.11312214034389,0
NEXR.US,D,20231214,000000,10364.9,13613.6,9723.52,12654.5,58.05946988956767,0
NEXR.US,D,20231215,000000,13582.7,13582.7,11571.6,12685.4,23.908209416103812,0
NEXR.US,D,20231218,000000,12592.6,12592.6,10364.9,10550.5,10.980284411578635,0
NEXR.US,D,20231219,000000,10148.3,12066.6,9838.92,11138.4,15.51648350251868,0
NEXR.US,D,20231220,000000,11138.4,11587,10055.5,11107.5,15.192307678634615,0
NEXR.US,D,20231221,000000,11757.2,11757.2,10117.4,11107.5,9.499999991450002,0
NEXR.US,D,20231222,000000,10921.8,11262.2,9931.74,9962.68,13.500323194055268,0
NEXR.US,D,20231226,000000,10210.2,10210.2,9661.02,10117.4,4.283775044625533,0
NEXR.US,D,20231227,000000,10210.2,10395.8,9498.58,9560.46,7.978021970841758,0
NEXR.US,D,20231228,000000,9684.22,10395.8,9374.82,10179.3,11.838073680360603,0
NEXR.US,D,20231229,000000,9962.68,10921.8,9374.82,9436.7,10.893018736156208,0
NEXR.US,D,20240102,000000,8817.9,8817.9,7611.24,7796.88,97.58791200008169,0
NEXR.US,D,20240103,000000,7518.42,10179.3,6992.44,9746.1,254.56367139338786,0
NEXR.US,D,20240104,000000,13180.4,16367.3,10303,11881,2784.6557828848786,0
NEXR.US,D,20240105,000000,11447.8,12437.9,11051.8,11509.7,80.55365215762579,0
NEXR.US,D,20240108,000000,11478.7,11602.5,10210.2,10581.5,19.184550726108174,0
NEXR.US,D,20240109,000000,10272.1,11246.7,10210.2,10241.1,11.116354223996574,0
NEXR.US,D,20240110,000000,10704.9,10704.9,10055.5,10519.6,9.743051057811732,0
NEXR.US,D,20240111,000000,10148.3,12004.4,10055.5,10767.1,39.33548800596846,0
NEXR.US,D,20240112,000000,10798.1,11571.6,10272.1,10674.3,14.389786670953521,0
NEXR.US,D,20240116,000000,10705.2,11695.3,10395.8,10890.9,29.987718137199806,0
NEXR.US,D,20240117,000000,10859.9,11664.4,10488.7,11540.6,7.335164828563187,0
NEXR.US,D,20240118,000000,11262.2,11540.6,10426.8,10674.3,9.746283119864415,0
NEXR.US,D,20240119,000000,10519.6,11107.5,9993.62,10550.5,15.060439546885164,0
NEXR.US,D,20240122,000000,10303,10612.4,9962.68,10055.5,8.216548150329736,0
NEXR.US,D,20240123,000000,10024.6,11076.5,9993.62,9993.62,23.80510663662324,0
NEXR.US,D,20240124,000000,10055.5,10674.3,10055.5,10426.8,16.815449241491823,0
NEXR.US,D,20240125,000000,10334,11076.5,9282,9622.34,44.06981250073879,0
NEXR.US,D,20240126,000000,9900.8,10055.5,9374.82,9591.4,8.586942461567162,0
NEXR.US,D,20240129,000000,9591.4,10024.6,9282,10024.6,3.849709110950258,0
NEXR.US,D,20240130,000000,9900.8,10457.7,9746.1,10055.5,2.6489980583786683,0
NEXR.US,D,20240131,000000,9653.28,10451.5,9653.28,10395.8,3.4511958598544927,0
NEXR.US,D,20240201,000000,10550.5,10550.5,9628.53,10179.3,8.142533929323303,0
NEXR.US,D,20240202,000000,9838.92,10513.4,9715.47,9931.74,36.800258531844214,0
NEXR.US,D,20240205,000000,9715.16,9777.04,9251.06,9436.7,3.9915966350630248,0
NEXR.US,D,20240206,000000,9777.04,9777.04,8972.6,9065.42,3.5837104040144796,0
NEXR.US,D,20240207,000000,9158.24,9220.12,8044.4,8446.62,10.435681955701616,0
NEXR.US,D,20240208,000000,9065.42,9065.42,8400.21,8400.21,0.5126050415554622,0
NEXR.US,D,20240209,000000,8230.04,8523.97,7363.72,7394.66,11.653199730947156,0
NEXR.US,D,20240212,000000,7394.66,8044.4,7394.66,7796.88,1.0963154482699418,0
NEXR.US,D,20240213,000000,7796.88,7796.88,7023.38,7209.02,5.060439555885165,0
NEXR.US,D,20240214,000000,7183.65,7363.41,7054.32,7054.32,1.3771816406480608,0
NEXR.US,D,20240215,000000,7085.26,8034.81,7085.26,7456.54,2.580155136656529,0
NEXR.US,D,20240216,000000,7487.48,7713.03,6590.22,6775.86,7.332902385126309,0
NEXR.US,D,20240220,000000,7143.43,7143.43,6868.99,7023.38,2.925985776293568,0
NEXR.US,D,20240221,000000,6837.74,6837.74,5259.8,5259.8,36.14156428550749,0
NEXR.US,D,20240222,000000,5259.8,5940.48,4981.65,5940.48,5.311893983583872,0
NEXR.US,D,20240223,000000,5600.14,5878.6,5445.44,5785.78,0.8610213308346477,0
NEXR.US,D,20240226,000000,5631.08,5631.08,5043.22,5197.92,3.840659337202747,0
NEXR.US,D,20240227,000000,4981.65,5321.68,4981.65,5321.68,0.48480930790239174,0
NEXR.US,D,20240228,000000,5569.2,5569.2,5228.86,5290.74,1.9007756931826438,0
NEXR.US,D,20240229,000000,5538.26,5538.26,4767.85,4936.16,2.0901745294698446,0
NEXR.US,D,20240301,000000,4795.7,5228.86,4795.7,5228.86,1.5145442778870717,0
NEXR.US,D,20240304,000000,5259.8,5259.8,5014.76,5259.8,1.6648351633368133,0
NEXR.US,D,20240305,000000,5600.14,5884.79,5190.81,5569.2,1.2097608263191015,0
NEXR.US,D,20240306,000000,5569.2,5569.2,4888.83,5043.22,2.0365222993953136,0
NEXR.US,D,20240307,000000,5259.8,5383.56,4919.46,4919.46,1.608920489825404,0
NEXR.US,D,20240308,000000,4950.4,4950.4,3836.56,4826.64,3.621848736236134,0
NEXR.US,D,20240311,000000,4486.3,4486.3,1794.52,1921.37,752.4531344229817,0
NEXR.US,D,20240312,000000,1856.4,1902.81,1237.6,1312.47,947.3199732909358,0
NEXR.US,D,20240313,000000,1318.04,1343.72,1177.27,1237.6,307.6318678550008,0
NEXR.US,D,20240314,000000,1345.89,1345.89,1144.78,1245.34,367.4945051637596,0
NEXR.US,D,20240315,000000,1299.17,1361.36,1206.66,1296.39,358.28248190120274,0
NEXR.US,D,20240318,000000,1253.07,1283.39,909.636,1082.9,328.032966737739,0
NEXR.US,D,20240319,000000,990.08,1187.79,990.08,1069.29,130.88138320476529,0
NEXR.US,D,20240320,000000,1067.43,1129.31,1021.02,1114.15,113.99030371124027,0
NEXR.US,D,20240321,000000,1141.69,1172.32,1060,1144.16,49.85843563709334,0
NEXR.US,D,20240322,000000,1113.84,1365.38,1113.84,1222.13,291.59599198061386,0
NEXR.US,D,20240325,000000,1194.28,1334.75,1179.13,1299.48,113.02133150784687,0
NEXR.US,D,20240326,000000,1276.89,1314.95,1207.9,1266.99,76.23044595595502,0
NEXR.US,D,20240327,000000,1327.33,1327.33,1051.96,1237.6,114.47640584396541,0
NEXR.US,D,20240328,000000,1200.47,1248.43,1051.96,1144.78,69.1053651608183,0
NEXR.US,D,20240401,000000,1237.6,1348.98,1150.35,1268.54,267.976405705815,0
NEXR.US,D,20240402,000000,1212.85,1237.6,1129.93,1150.97,94.69101478226521,0
NEXR.US,D,20240403,000000,1160.25,1160.25,1058.15,1111.98,62.736586886005114,0
NEXR.US,D,20240404,000000,1085.99,1138.59,1071.45,1100.23,58.39075624996975,0
NEXR.US,D,20240405,000000,1141.69,1144.78,1085.99,1107.65,39.01842271860029,0
NEXR.US,D,20240408,000000,1101.46,1156.54,1082.9,1123.43,31.764705853764706,0
NEXR.US,D,20240409,000000,1123.43,1123.74,1051.96,1058.77,54.81932768175546,0
NEXR.US,D,20240410,000000,1051.96,1082.13,976.157,1048.87,21.28054296727285,0
NEXR.US,D,20240411,000000,990.08,1017.62,959.759,1009.42,110.06237869861805,0
NEXR.US,D,20240412,000000,979.251,1005.55,959.449,971.825,26.890756278319326,0
NEXR.US,D,20240415,000000,990.08,990.08,959.449,960.687,26.297672891652066,0
NEXR.US,D,20240416,000000,959.449,989.771,943.67,959.449,50.07498379462307,0
NEXR.US,D,20240417,000000,974.61,1007.1,951.714,953.261,61.352294708844084,0
NEXR.US,D,20240418,000000,967.03,974.61,943.67,962.234,36.36005168026884,0
NEXR.US,D,20240419,000000,934.388,990.08,900.354,920.465,26.82094373798138,0
NEXR.US,D,20240422,000000,928.2,959.14,843.734,882.099,71.02327078287763,0
NEXR.US,D,20240423,000000,857.038,896.951,754.936,850.541,82.73723328041649,0
NEXR.US,D,20240424,000000,827.954,860.132,742.56,790.208,57.761150562108014,0
NEXR.US,D,20240425,000000,777.522,850.231,755.245,793.302,53.55009691366826,0
NEXR.US,D,20240426,000000,819.91,935.935,800.727,812.484,82.15513890472793,0
NEXR.US,D,20240429,000000,863.226,866.32,812.484,832.595,18.06658046208526,0
NEXR.US,D,20240430,000000,835.38,850.85,827.645,850.231,8.33257917802104,0
NEXR.US,D,20240501,000000,834.761,850.231,765.456,819.291,15.425662558838301,0
NEXR.US,D,20240502,000000,831.667,848.375,786.804,805.987,23.764382654759437,0
NEXR.US,D,20240503,000000,805.987,1392.3,685.94,773.5,5016.592432459793,0
NEXR.US,D,20240506,000000,723.996,773.5,651.287,686.868,541.2356168367293,0
NEXR.US,D,20240507,000000,663.354,686.868,526.289,665.21,294.76082714260144,0
NEXR.US,D,20240508,000000,659.022,739.466,624.988,656.547,705.0213309750544,0
NEXR.US,D,20240509,000000,719.664,826.098,662.116,759.268,862.8632829984585,0
NEXR.US,D,20240510,000000,711.62,925.106,696.15,826.098,797.5404000579043,0
NEXR.US,D,20240513,000000,803.821,816.816,717.808,761.124,183.19941806395008,0
NEXR.US,D,20240514,000000,724.924,770.406,668.304,698.006,267.7058821120067,0
NEXR.US,D,20240515,000000,714.714,983.892,696.15,925.106,1955.62637186633,0
NEXR.US,D,20240516,000000,977.704,1175.72,897.26,959.14,2173.397864882978,0
NEXR.US,D,20240517,000000,1114.15,2258.62,974.61,2004.91,12272.888482813578,0
NEXR.US,D,20240520,000000,1481.41,1598.37,1113.84,1189.33,2134.0992223844146,0
NEXR.US,D,20240521,000000,1068.98,1121.88,894.166,1044.23,1071.5358749244313,0
NEXR.US,D,20240522,000000,1043.3,1361.36,1040.51,1073.62,978.6725912329646,0
NEXR.US,D,20240523,000000,946.764,1070.52,928.2,1035.56,354.66354202081527,0
NEXR.US,D,20240524,000000,987.605,989.832,897.26,897.569,228.5795085208481,0
NEXR.US,D,20240528,000000,922.012,1082.9,896.951,1003.38,802.4605681207086,0
NEXR.US,D,20240529,000000,958.521,1021.02,898.807,949.239,401.4793144415116,0
NEXR.US,D,20240530,000000,1113.84,1516.06,897.26,1284.63,4930.964119673354,0
NEXR.US,D,20240531,000000,1144.78,1784.31,1142,1358.88,4864.806395104646,0
NEXR.US,D,20240603,000000,1358.27,2035.85,1240.69,1464.39,3453.488038262235,0
NEXR.US,D,20240604,000000,1417.05,1516.06,1277.82,1307.22,548.8739490858437,0
NEXR.US,D,20240605,000000,1299.48,1396.01,959.14,1200.47,920.9343883114309,0
NEXR.US,D,20240606,000000,1174.17,1577.94,1090.64,1235.12,1932.6254022684077,0
NEXR.US,D,20240607,000000,1194.28,1299.48,1082.9,1109.2,336.79734940599724,0
NEXR.US,D,20240610,000000,1112.29,1268.54,974.61,1191.19,603.4007751518251,0
NEXR.US,D,20240611,000000,1202.02,1205.42,1098.37,1128.69,208.10019373643402,0
NEXR.US,D,20240612,000000,1144.78,1221.82,1028.14,1129.31,292.67873276826253,0
NEXR.US,D,20240613,000000,1101.46,1101.46,993.174,1085.99,146.38364563425387,0
NEXR.US,D,20240614,000000,1262.97,1608.88,1145.09,1237.91,6550.447957905445,0
NEXR.US,D,20240617,000000,1237.91,1268.23,1098.37,1206.97,1057.6609557384706,0
NEXR.US,D,20240618,000000,1145.09,1203.57,990.08,1150.97,641.82611448377,0
NEXR.US,D,20240620,000000,1113.22,1141.38,989.771,1008.03,355.08888138694664,0
NEXR.US,D,20240621,000000,996.577,1067.43,937.784,947.383,237.38105990271,0
NEXR.US,D,20240624,000000,930.985,990.08,866.32,915.824,239.77537147133646,0
NEXR.US,D,20240625,000000,927.581,928.2,866.629,909.636,171.92889448004013,0
NEXR.US,D,20240626,000000,921.084,921.084,847.756,883.028,93.14544270867155,0
NEXR.US,D,20240627,000000,909.636,1002.46,881.79,960.378,207.83484144190834,0
NEXR.US,D,20240628,000000,954.499,1089.09,891.072,932.532,269.42501591782815,0
NEXR.US,D,20240701,000000,930.056,930.056,866.32,879.315,103.94957973837815,0
NEXR.US,D,20240702,000000,897.26,1268.23,897.26,1004.93,5046.760822865641,0
NEXR.US,D,20240703,000000,1033.4,1033.4,909.017,959.14,458.61506099642764,0
NEXR.US,D,20240705,000000,929.747,949.858,914.277,930.675,154.9392370939104,0
NEXR.US,D,20240708,000000,978.632,1144.47,959.14,1010.81,989.0180986573876,0
NEXR.US,D,20240709,000000,1008.64,1036.49,970.278,996.887,99.99967670379431,0
NEXR.US,D,20240710,000000,982.654,998.746,897.569,936.863,319.00743345562074,0
NEXR.US,D,20240711,000000,940.576,1051.96,940.576,999.362,409.7094372524642,0
NEXR.US,D,20240712,000000,968.113,1113.84,959.14,1038.66,381.17226856450674,0
NEXR.US,D,20240715,000000,1023.19,1098.37,996.887,1036.18,139.0888815813492,0
NEXR.US,D,20240716,000000,1030.3,1079.81,994.721,1002.46,127.26115049955507,0
NEXR.US,D,20240717,000000,1002.15,1029.99,961.925,999.053,90.09502254335055,0
NEXR.US,D,20240718,000000,959.14,1015.45,928.2,932.222,103.39786674598648,0
NEXR.US,D,20240719,000000,928.2,959.14,897.26,908.708,197.45733660315582,0
NEXR.US,D,20240722,000000,896.641,942.742,835.38,863.226,197.75727196164394,0
NEXR.US,D,20240723,000000,840.021,942.432,804.44,907.161,165.0578537622426,0
NEXR.US,D,20240724,000000,897.26,897.26,758.958,835.38,120.40400764858533,0
NEXR.US,D,20240725,000000,851.469,866.32,804.44,857.657,53.68907558193361,0
NEXR.US,D,20240726,000000,857.123,897.26,791.755,804.44,271.26179678236895,0
NEXR.US,D,20240729,000000,819.91,857.657,776.903,782.163,71.68325785403627,0
NEXR.US,D,20240730,000000,783.71,792.683,713.476,761.124,75.5478344504276,0
NEXR.US,D,20240731,000000,775.356,813.722,730.184,744.416,36.00969615375805,0
NEXR.US,D,20240801,000000,761.124,773.191,674.492,742.56,53.287330268783904,0
NEXR.US,D,20240802,000000,711.929,742.56,665.21,712.442,78.059146665362,0
NEXR.US,D,20240805,000000,624.988,740.085,618.8,644.181,127.90497726045028,0
NEXR.US,D,20240806,000000,669.851,680.68,621.894,641.077,31.125727185949355,0
NEXR.US,D,20240807,000000,624.988,680.68,624.988,639.53,78.06561078947156,0
NEXR.US,D,20240808,000000,668.304,668.304,572.39,638.292,82.50290878159909,0
NEXR.US,D,20240809,000000,649.74,680.061,606.424,659.331,55.365222962453124,0
NEXR.US,D,20240812,000000,662.425,677.586,621.275,621.894,39.920814443709276,0
NEXR.US,D,20240813,000000,618.8,646.337,618.8,624.369,35.58823526208823,0
NEXR.US,D,20240814,000000,625.916,649.431,594.048,624.369,49.13380732488106,0
NEXR.US,D,20240815,000000,598.689,649.121,597.142,635.198,22.387524220316646,0
NEXR.US,D,20240816,000000,660.569,660.569,619.422,628.082,22.168713619350033,0
NEXR.US,D,20240819,000000,653.143,711.311,631.485,656.856,83.81447956257686,0
NEXR.US,D,20240820,000000,736.372,736.372,681.299,698.006,122.47155774368514,0
NEXR.US,D,20240821,000000,696.769,710.073,572.699,635.198,112.79120868969501,0
NEXR.US,D,20240822,000000,637.364,679.752,618.8,622.203,21.502585630292145,0
NEXR.US,D,20240823,000000,623.441,677.586,618.8,628.082,69.37815119806218,0
NEXR.US,D,20240826,000000,659.331,680.68,634.27,654.381,76.99773748726354,0
NEXR.US,D,20240827,000000,635.817,677.277,635.817,665.21,15.729799597995735,0
NEXR.US,D,20240828,000000,671.398,673.873,587.241,629.629,111.20717507767905,0
NEXR.US,D,20240829,000000,631.176,646.955,618.8,632.414,41.241434998435395,0
NEXR.US,D,20240830,000000,643.552,643.552,615.087,640.149,22.37685841554279,0
NEXR.US,D,20240903,000000,622.203,662.735,615.087,652.525,68.9014220452936,0
NEXR.US,D,20240904,000000,649.431,711.311,622.513,700.791,84.9062701239722,0
NEXR.US,D,20240905,000000,675.73,688.106,624.988,665.829,25.891725897835133,0
NEXR.US,D,20240906,000000,677.586,680.371,652.834,653.143,29.57627663789331,0
NEXR.US,D,20240909,000000,671.398,704.813,656.856,683.774,25.73367806345895,0
NEXR.US,D,20240910,000000,694.912,695.222,653.453,658.713,33.19004521899774,0
NEXR.US,D,20240911,000000,696.15,696.683,657.166,693.056,13.32159016254192,0
NEXR.US,D,20240912,000000,680.68,692.128,624.988,661.188,37.99935355338947,0
NEXR.US,D,20240913,000000,661.188,680.371,625.916,652.525,37.32902388366309,0
NEXR.US,D,20240916,000000,671.398,680.371,590.954,608.28,75.98739488959663,0
NEXR.US,D,20240917,000000,661.497,698.935,619.419,693.365,207.86845488725794,0
NEXR.US,D,20240918,000000,702.647,974.61,659.022,878.696,736.1270193762649,0
NEXR.US,D,20240919,000000,894.475,974.61,835.689,946.764,218.47705216277512,0
NEXR.US,D,20240920,000000,866.32,946.764,849.303,870.652,93.75888808626988,0
NEXR.US,D,20240923,000000,916.909,1413.96,891.103,1175.72,2757.242725378848,0
NEXR.US,D,20240924,000000,1040.82,1418.61,928.2,1049.18,2781.519389868946,0
NEXR.US,D,20240925,000000,1019.47,1132.4,687.177,866.629,1343.38946226863,0
NEXR.US,D,20240926,000000,829.192,1021.02,742.56,798.252,420.64447279530236,0
NEXR.US,D,20240927,000000,835.38,959.14,829.192,891.072,507.5584998663893,0
NEXR.US,D,20240930,000000,860.132,890.763,810.319,834.452,211.80607608603822,0
NEXR.US,D,20241001,000000,819.601,827.645,780.307,819.91,42.57595341998804,0
NEXR.US,D,20241002,000000,819.91,897.26,792.683,816.816,33.71008400327437,0
NEXR.US,D,20241003,000000,816.816,830.43,756.174,756.174,54.14867480582172,0
NEXR.US,D,20241004,000000,756.174,792.683,718.117,779.997,77.94925655557077,0
NEXR.US,D,20241007,000000,773.5,782.782,718.427,726.162,52.2495151436671,0
NEXR.US,D,20241008,000000,726.162,785.876,710.073,772.881,221.0381381333225,0
NEXR.US,D,20241009,000000,772.881,850.541,728.946,800.727,250.15643157835152,0
NEXR.US,D,20241010,000000,800.727,801.346,730.184,761.124,86.2857142080563,0
NEXR.US,D,20241011,000000,761.124,853.944,730.493,811.556,96.31771161337743,0
NEXR.US,D,20241014,000000,811.556,866.32,662.425,748.439,131.17226878950672,0
NEXR.US,D,20241015,000000,742.56,761.124,696.15,732.04,34.534906239118975,0
NEXR.US,D,20241016,000000,732.04,773.5,683.774,683.774,81.2915319242503,0
NEXR.US,D,20241017,000000,683.774,772.881,621.894,725.234,66.21622489192573,0
NEXR.US,D,20241018,000000,725.234,769.787,680.061,746.892,67.25016154257848,0
NEXR.US,D,20241021,000000,746.892,848.065,716.88,816.816,711.2003872073553,0
NEXR.US,D,20241022,000000,928.2,1021.02,812.175,853.944,1381.3455061905204,0
NEXR.US,D,20241023,000000,857.038,912.421,775.666,903.448,223.1376856427434,0
NEXR.US,D,20241024,000000,894.166,936.86,819.91,854.563,1548.8028428206762,0
NEXR.US,D,20241025,000000,1050.41,1067.74,807.534,1045.46,12598.270512255744,0
NEXR.US,D,20241028,000000,860.132,956.974,857.038,932.222,479.0342594266551,0
NEXR.US,D,20241029,000000,851.469,897.26,810.628,838.474,190.82385244622836,0
NEXR.US,D,20241030,000000,1122.81,1264.21,897.569,1067.43,19003.27341534677,0
NEXR.US,D,20241031,000000,912.421,1051.96,901.592,1017,435.6008399441016,0
NEXR.US,D,20241101,000000,993.174,1000.6,940.576,959.14,215.1079506790613,0
NEXR.US,D,20241104,000000,930.366,1082.9,875.602,980.489,379.0555911262053,0
NEXR.US,D,20241105,000000,951.096,1051.96,912.73,990.389,257.92243027853647,0
NEXR.US,D,20241106,000000,931.603,1079.81,931.294,1079.81,178.70814463554402,0
NEXR.US,D,20241107,000000,1085.38,1172.41,1021.33,1113.84,2318.6399462002446,0
NEXR.US,D,20241108,000000,1116.93,1143.7,997.196,1021.02,790.9592753062226,0
NEXR.US,D,20241111,000000,969.35,1051.96,931.294,1004.31,195.2171943944411,0
NEXR.US,D,20241112,000000,939.648,1082.9,939.648,965.637,142.02165468795505,0
NEXR.US,D,20241113,000000,990.08,997.815,904.995,948.466,238.5827405738966,0
NEXR.US,D,20241114,000000,943.051,948.62,871.27,882.718,163.41855188912115,0
NEXR.US,D,20241115,000000,809.7,865.082,727.09,742.56,290.22915293853475,0
NEXR.US,D,20241118,000000,742.56,773.5,685.633,729.875,284.2556558527659,0
NEXR.US,D,20241119,000000,742.56,770.685,587.86,618.8,429.79347084783814,0
NEXR.US,D,20241120,000000,552.16,733.04,549.78,694.96,1165.3697471999378,0
NEXR.US,D,20241121,000000,687.82,803.464,654.5,733.04,1291.647058048541,0
NEXR.US,D,20241122,000000,723.52,735.42,673.54,683.06,242.3529410310588,0
NEXR.US,D,20241125,000000,687.82,866.32,678.3,775.88,944.7983187608521,0
NEXR.US,D,20241126,000000,742.56,773.5,692.58,709.24,499.07562995265545,0
NEXR.US,D,20241127,000000,725.9,746.273,577.031,592.62,10549.84453148522,0
NEXR.US,D,20241129,000000,597.38,685.44,597.38,635.46,1599.7941166871824,0
NEXR.US,D,20241202,000000,635.46,666.4,564.084,614.04,2809.487393272291,0
NEXR.US,D,20241203,000000,671.16,911.54,559.3,606.9,25048.630237071662,0
NEXR.US,D,20241204,000000,580.72,609.78,452.2,554.54,1281.3025202396218,0
NEXR.US,D,20241205,000000,728.28,737.8,511.7,547.4,7553.201676140347,0
NEXR.US,D,20241206,000000,761.6,942.48,573.58,690.2,85232.57137743189,0
NEXR.US,D,20241209,000000,742.56,756.84,635.46,668.78,21939.915953222604,0
NEXR.US,D,20241210,000000,659.26,690.2,630.7,668.78,1782.6638644766201,0
NEXR.US,D,20241211,000000,659.26,673.54,606.9,609.28,1027.714285097657,0
NEXR.US,D,20241212,000000,609.28,628.32,573.58,604.52,653.8361340614799,0
NEXR.US,D,20241213,000000,602.14,642.6,575.96,633.08,853.0714280595857,0
NEXR.US,D,20241216,000000,616.42,635.436,604.52,614.04,777.1050415505438,0
NEXR.US,D,20241217,000000,552.16,578.34,518.84,528.36,993.7310918407361,0
NEXR.US,D,20241218,000000,530.74,541.331,495.04,499.8,587.6554618322807,0
NEXR.US,D,20241219,000000,502.18,571.2,499.8,540.26,887.5252095515185,0
NEXR.US,D,20241220,000000,528.36,618.776,525.98,580.72,833.9201675668749,0
NEXR.US,D,20241223,000000,592.62,641.696,571.224,628.32,448.9411762012235,0
NEXR.US,D,20241224,000000,609.28,661.64,599.76,637.84,545.4747895886815,0
NEXR.US,D,20241226,000000,618.8,618.8,585.48,604.52,565.3445374759193,0
NEXR.US,D,20241227,000000,623.56,642.6,575.96,611.66,500.3697475989378,0
NEXR.US,D,20241230,000000,573.58,625.94,547.4,602.14,7392.100835900874,0
NEXR.US,D,20241231,000000,583.1,628.32,583.1,611.66,430.8361341952798,0
NEXR.US,D,20250102,000000,611.66,635.46,605.853,633.08,395.50420144336977,0
NEXR.US,D,20250103,000000,661.64,706.86,611.66,652.12,10215.399153534627,0
NEXR.US,D,20250106,000000,671.16,687.82,644.98,661.64,1227.3949572467563,0
NEXR.US,D,20250107,000000,687.82,692.509,654.5,666.4,590.701680317848,0
NEXR.US,D,20250108,000000,654.5,675.92,644.98,656.88,385.93277287768404,0
NEXR.US,D,20250110,000000,647.36,687.82,606.9,661.64,4692.4999971845,0
NEXR.US,D,20250113,000000,633.08,663.996,562.18,577.15,961.5924363978344,0
NEXR.US,D,20250114,000000,595,609.28,566.44,575.96,560.7983189912521,0
NEXR.US,D,20250115,000000,609.28,637.84,587.86,612.85,745.3109239225614,0
NEXR.US,D,20250116,000000,597.38,625.916,573.58,583.1,258.1134452232832,0
NEXR.US,D,20250117,000000,614.04,621.18,569.296,590.24,195.48739484069077,0
NEXR.US,D,20250121,000000,575.96,592.62,533.12,592.62,1691.2058813382178,0
NEXR.US,D,20250122,000000,578.34,592.62,571.2,592.62,146.7983192396521,0
NEXR.US,D,20250123,000000,592.62,611.66,577.102,611.66,409.92857118261423,0
NEXR.US,D,20250124,000000,599.76,603.33,578.34,602.14,149.03781503662773,0
NEXR.US,D,20250127,000000,580.72,585.98,547.4,552.16,136.32773101064032,0
NEXR.US,D,20250128,000000,542.64,549.78,476,542.64,19151.69326581991,0
NEXR.US,D,20250129,000000,530.74,542.64,514.08,537.88,620.5168063503789,0
NEXR.US,D,20250130,000000,521.22,547.4,516.46,542.64,408.91176446053527,0
NEXR.US,D,20250131,000000,542.64,559.3,516.46,559.3,225.02941162968824,0
NEXR.US,D,20250203,000000,533.12,552.16,523.6,523.886,89.28571423214285,0
NEXR.US,D,20250204,000000,533.12,556.92,518.84,547.4,248.9999998506,0
NEXR.US,D,20250205,000000,547.4,547.4,516.46,516.46,137.56722680821596,0
NEXR.US,D,20250206,000000,542.64,547.4,473.858,511.7,1399.2268899167664,0
NEXR.US,D,20250207,000000,506.94,525.98,495.04,497.42,356.5966384415042,0
NEXR.US,D,20250210,000000,492.66,518.84,478.38,504.56,263.983193118921,0
NEXR.US,D,20250211,000000,483.14,520.387,483.14,502.18,253.42016791517477,0
NEXR.US,D,20250212,000000,502.18,502.18,476,495.04,286.7689073909639,0
NEXR.US,D,20250213,000000,495.04,497.42,485.52,490.28,106.54201674279747,0
NEXR.US,D,20250214,000000,490.28,490.28,464.124,466.48,224.6848738147689,0
NEXR.US,D,20250218,000000,466.48,466.48,421.26,437.92,250.26050405152438,0
NEXR.US,D,20250219,000000,435.54,436.135,380.8,387.94,347.2815123966731,0
NEXR.US,D,20250220,000000,387.94,423.64,373.66,421.26,242.7563023753546,0
NEXR.US,D,20250221,000000,423.64,452.985,404.6,411.74,213.8361343254798,0
NEXR.US,D,20250224,000000,411.74,423.64,392.7,392.7,87.55042011553697,0
NEXR.US,D,20250225,000000,402.22,402.22,364.14,364.14,168.45378141153276,0
NEXR.US,D,20250226,000000,364.14,364.14,333.2,340.34,167.41596628610503,0
NEXR.US,D,20250227,000000,347.48,390.32,345.1,378.42,397.2941174086823,0
NEXR.US,D,20250228,000000,378.42,401.792,378.42,385.56,153.38235284914705,0
NEXR.US,D,20250303,000000,383.18,399.84,368.9,369.233,104.96638649164201,0
NEXR.US,D,20250304,000000,352.24,354.62,333.2,340.34,139.84873941188908,0
NEXR.US,D,20250305,000000,340.34,356.976,338.055,347.48,117.61344530758319,0
NEXR.US,D,20250306,000000,347.48,358.285,342.72,349.86,79.55042012033698,0
NEXR.US,D,20250307,000000,349.86,349.86,333.2,349.86,142.1848738642689,0
NEXR.US,D,20250310,000000,349.86,349.86,333.2,340.34,11.651260497210924,0
NEXR.US,D,20250311,000000,342.72,373.66,276.08,354.62,51589.7646749285,0
NEXR.US,D,20250312,000000,340.34,352.216,327.726,328.44,751.3613440869983,0
NEXR.US,D,20250313,000000,328.44,328.44,307.02,323.68,767.6092432369135,0
NEXR.US,D,20250314,000000,304.64,309.4,287.98,297.5,296.5084031834395,0
NEXR.US,D,20250317,000000,297.5,330.82,297.5,307.02,477.1848736632689,0
NEXR.US,D,20250318,000000,315.54,318.92,290.36,316.54,315.1722687184597,0
NEXR.US,D,20250319,000000,314.16,318.92,304.64,316.54,119.99579824733026,0
NEXR.US,D,20250320,000000,299.88,326.06,299.88,311.78,109.29411758148235,0
NEXR.US,D,20250321,000000,307.02,318.92,297.5,304.64,77.94117642382353,0
NEXR.US,D,20250324,000000,304.64,311.78,297.5,311.59,76.983193231121,0
NEXR.US,D,20250325,000000,304.616,311.78,285.6,290.36,193.05882341357648,0
NEXR.US,D,20250326,000000,295.144,309.4,295.12,307.02,100.75210077988487,0
NEXR.US,D,20250327,000000,307.02,318.92,278.46,278.46,326.2689073672638,0
NEXR.US,D,20250328,000000,285.6,290.336,252.28,257.04,195.83193265561007,0
NEXR.US,D,20250331,000000,257.04,259.42,247.52,247.52,69.73949575647563,0
NEXR.US,D,20250401,000000,247.52,266.56,238.214,264.18,4469.063022528647,0
NEXR.US,D,20250402,000000,259.42,276.08,240.38,257.064,1769.8613434758981,0
NEXR.US,D,20250403,000000,257.04,257.04,235.882,246.33,467.49579803883023,0
NEXR.US,D,20250404,000000,240.38,240.38,219.031,233.216,187.56722677821597,0
NEXR.US,D,20250407,000000,221.578,230.86,216.58,224.059,210.4915965123605,0
NEXR.US,D,20250408,000000,218.96,221.34,205.894,218.96,198.31092425076136,0
NEXR.US,D,20250409,000000,214.2,240.38,202.324,231.55,186.68487383756892,0
NEXR.US,D,20250410,000000,245.14,245.14,221.34,228.48,174.02941166028822,0
NEXR.US,D,20250411,000000,227.266,228.48,221.34,224.958,77.76470583569412,0
NEXR.US,D,20250414,000000,223.72,240.38,221.34,240.38,58.87394954450757,0
NEXR.US,D,20250415,000000,226.1,235.62,226.1,228.48,37.82773106974034,0
NEXR.US,D,20250416,000000,218.984,228.48,218.984,221.34,39.24789913611513,0
NEXR.US,D,20250417,000000,221.34,228.48,221.34,228.48,37.773109221033614,0
NEXR.US,D,20250421,000000,225.315,228.48,209.44,228.48,243.07563010625546,0
NEXR.US,D,20250422,000000,223.506,228.48,162.625,178.5,2279.6512591364108,0
NEXR.US,D,20250423,000000,178.5,187.996,176.12,176.358,536.3487391739891,0
NEXR.US,D,20250424,000000,173.978,186.83,171.36,178.5,253.52100825124873,0
NEXR.US,D,20250425,000000,178.5,192.542,178.5,189.21,158.87394948450756,0
NEXR.US,D,20250428,000000,191.933,202.252,176.12,187.282,338.3907560994865,0
NEXR.US,D,20250429,000000,178.952,237.524,178.952,202.3,7951.680667497899,0
NEXR.US,D,20250430,000000,406.98,428.4,278.46,354.62,391004.33589985117,0
NEXR.US,D,20250501,000000,326.06,378.42,295.12,333.2,11385.953774681033,0
NEXR.US,D,20250502,000000,307.02,342.72,287.98,316.54,2396.239494360576,0
NEXR.US,D,20250505,000000,302.26,342.72,302.26,316.54,1247.4705874868118,0
NEXR.US,D,20250506,000000,323.68,333.2,218.96,259.42,107476.94951534575,0
NEXR.US,D,20250507,000000,234.858,240.38,178.5,207.108,4649.214282924757,0
NEXR.US,D,20250508,000000,195.16,217.603,192.709,211.82,1585.1596629144503,0
NEXR.US,D,20250509,000000,198.587,209.416,194.922,195.398,926.2899154106126,0
NEXR.US,D,20250512,000000,197.302,197.516,168.98,179.88,1466.6050411368435,0
NEXR.US,D,20250513,000000,174.478,178.5,161.84,164.458,741.0630247654461,0
NEXR.US,D,20250514,000000,171.36,173.502,159.484,159.484,633.2983189477521,0
NEXR.US,D,20250515,000000,163.982,163.982,145.204,151.511,751.0546213981067,0
NEXR.US,D,20250516,000000,147.322,155.866,147.322,154.629,517.6470585129412,0
NEXR.US,D,20250519,000000,159.484,163.863,151.987,160.65,3446.9411744024233,0
NEXR.US,D,20250520,000000,157.318,166.6,152.558,160.936,479.18067198139914,0
NEXR.US,D,20250521,000000,161.84,166.6,152.32,163.363,1060.8571422206285,0
NEXR.US,D,20250522,000000,156.842,173.74,154.724,165.815,845.117646551753,0
NEXR.US,D,20250523,000000,166.6,202.3,164.22,180.88,5364.243694260445,0
NEXR.US,D,20250527,000000,173.74,173.74,89.607,96.39,129735.6259725788,0
NEXR.US,D,20250528,000000,110.48,121.856,90.44,102.459,50414.90753277626,0
NEXR.US,D,20250529,000000,98.7462,114.24,94.962,109.242,10415.768901313562,0
NEXR.US,D,20250530,000000,109.242,109.242,95.914,99.6982,5479.710080745787,0
NEXR.US,D,20250602,000000,92.82,110.599,91.63,103.078,12723.214278080357,0
NEXR.US,D,20250603,000000,98.77,119,93.4388,108.266,19850.189063720136,0
NEXR.US,D,20250604,000000,107.148,116.073,96.1044,107.909,5457.613442103583,0
NEXR.US,D,20250605,000000,101.912,110.646,101.174,105.696,4077.1554597385802,0
NEXR.US,D,20250606,000000,107.576,113.478,107.1,110.146,4047.4915942101607,0
NEXR.US,D,20250609,000000,110.908,110.908,102.84,108.076,11442.66806036129,0
NEXR.US,D,20250610,000000,108.29,149.94,108.29,115.454,39343.48737135189,0
NEXR.US,D,20250611,000000,111.884,125.569,111.884,120.428,8275.512600076709,0
NEXR.US,D,20250612,000000,83.3,85.442,73.0422,80.92,19884.49578638863,0
NEXR.US,D,20250613,000000,73.78,76.16,69.02,69.258,4627.021005627149,0
NEXR.US,D,20250616,000000,67.2,84,64.3902,78.4,16352.7857077446,0
NEXR.US,D,20250617,000000,70.42,79.8,70.28,77.42,10824.0714242418,0
NEXR.US,D,20250618,000000,81.2,95.48,78.4,90.93,21256.4999914974,0
NEXR.US,D,20250620,000000,107.52,110.179,98.7,104.86,289215.9284557422,0
NEXR.US,D,20250623,000000,85.96,100.52,85.4,86.52,17444.4285644508,0
NEXR.US,D,20250624,000000,86.52,88.27,84.56,87.2732,4274.6428554330005,0
NEXR.US,D,20250625,000000,85.96,93.52,85.26,91,5675.9999977296,0
NEXR.US,D,20250626,000000,82.6,117.6,79.8,115.64,88308.7856789622,0
NEXR.US,D,20250627,000000,107.94,115.5,89.74,91,13978.3571372658,0
NEXR.US,D,20250630,000000,92.4,92.4,84.7,87.01,5246.6428550442,0
NEXR.US,D,20250701,000000,86.24,92.4,86.24,88.34,5329.3571407254,0
NEXR.US,D,20250702,000000,89.2612,97.44,89.04,97.3,3823.6428556134,0
NEXR.US,D,20250703,000000,98.14,102.656,93.52,98.14,1746.7142850156001,0
NEXR.US,D,20250707,000000,97.86,97.86,88.34,92.05,4849.7857123458,0
NEXR.US,D,20250708,000000,90.44,98.42,90.3,98.28,6731.5714258788,0
NEXR.US,D,20250709,000000,99.61,99.61,93.24,96.229,2261.071427667,0
NEXR.US,D,20250710,000000,94.92,94.92,90.02,91.14,2815.0714274454,0
NEXR.US,D,20250711,000000,89.74,94.5,86.8,91,6854.0714258298,0
NEXR.US,D,20250714,000000,88.501,91.49,86.8,89.943,1904.9285706666,0
NEXR.US,D,20250715,000000,90.16,90.16,85.61,85.61,2122.5714277224,0
NEXR.US,D,20250716,000000,84.42,87.5,84,84.28,1633.2857136324,0
NEXR.US,D,20250717,000000,83.44,88.2,83.44,87.36,1793.214284997,0
NEXR.US,D,20250718,000000,87.36,88.2,85.19,88.06,1262.2857137808,0
NEXR.US,D,20250721,000000,88.34,91.98,85.6814,88.48,2589.0714275358,0
NEXR.US,D,20250722,000000,88.34,93.1,87.78,93.1,1927.9999992288,0
NEXR.US,D,20250723,000000,93.1,95.76,91.42,93.8,1814.28571356,0
NEXR.US,D,20250724,000000,91.8414,105.49,91.84,104.3,7684.9285683546,0
NEXR.US,D,20250725,000000,106.54,108.5,96.6,98.84,5282.7857121726,0
NEXR.US,D,20250728,000000,98.56,106.305,98.0868,100.17,17806.4999928774,0
NEXR.US,D,20250729,000000,100.24,102.2,92.5414,94.99,4177.857141186,0
NEXR.US,D,20250730,000000,94.64,96.18,88.6578,90.44,2560.9999989756,0
NEXR.US,D,20250731,000000,94.4146,96.32,90.4414,96.32,2151.1428562824,0
NEXR.US,D,20250801,000000,94.5,95.8174,88.2,88.9,4658.4285695652,0
NEXR.US,D,20250804,000000,91.28,91.8512,83.44,85.4,8404.642853781,0
NEXR.US,D,20250805,000000,87.0296,89.7162,83.44,83.72,2267.7142848072,0
NEXR.US,D,20250806,000000,85.12,87.5,84.7,86.66,454.642856961,0
NEXR.US,D,20250807,000000,86.24,87.5,84.7168,86.94,1232.2857137928,0
NEXR.US,D,20250808,000000,85.12,89.6,82.32,89.18,8506.9999965972,0
NEXR.US,D,20250811,000000,87.64,88.2,84.14,86.94,379.4999998482,0
NEXR.US,D,20250812,000000,85.4,100.799,83.72,98.84,4195.4285697504,0
NEXR.US,D,20250813,000000,96.6,97.72,86.8,91.7,5049.0714265518,0
NEXR.US,D,20250814,000000,88.9,100.568,88.2,89.6,12772.142852034,0
NEXR.US,D,20250815,000000,88.4814,92.1116,82.04,88.48,5441.9285692518,0
NEXR.US,D,20250818,000000,84,88.501,77,78.68,6190.2857118096,0
NEXR.US,D,20250819,000000,79.52,82.88,75.6,75.6,3481.1428557504,0
NEXR.US,D,20250820,000000,78.4,78.4,72.8,72.8,1367.4285708816,0
NEXR.US,D,20250821,000000,80.92,81.34,72.66,73.5,1788.5714278560001,0
NEXR.US,D,20250822,000000,74.9,78.708,72.66,75.6,2521.5714275628,0
NEXR.US,D,20250825,000000,79.1,79.1,73.22,73.5,1352.499999459,0
NEXR.US,D,20250826,000000,73.5014,75.95,72.52,74.48,752.6428568418,0
NEXR.US,D,20250827,000000,74.55,74.55,73.9438,74.34,182.14285707,0
NEXR.US,D,20250828,000000,71.9754,75.6966,71.9754,72.52,760.4999996958,0
NEXR.US,D,20250829,000000,76.44,76.44,70.98,71.89,1700.714285034,0
NEXR.US,D,20250902,000000,70.98,74.2,64.82,65.7706,7072.2857114568005,0
NEXR.US,D,20250903,000000,64.82,65.24,57.82,60.06,4210.8571411728,0
NEXR.US,D,20250904,000000,58.1,58.1,47.6,51.1014,4579.4285695968,0
NEXR.US,D,20250905,000000,50.54,51.7972,49.0014,51.66,1642.4999993430001,0
NEXR.US,D,20250908,000000,50.82,52.1598,49.56,52.08,1398.214285155,0
NEXR.US,D,20250909,000000,51.0496,56.56,50.9614,53.62,2506.6428561402,0
NEXR.US,D,20250910,000000,54.6,63,54.6,61.6,6010.6428547386,0
NEXR.US,D,20250911,000000,69.3,73.92,59.5,66.22,92983.42853423521,0
NEXR.US,D,20250912,000000,63.91,65.1,60.62,63,5134.5714265176,0
NEXR.US,D,20250915,000000,60.9,63,58.94,60.48,3061.2857130612,0
NEXR.US,D,20250916,000000,58.94,63.9786,57.68,62.16,3322.2142843854,0
NEXR.US,D,20250917,000000,61.3382,67.48,61.3382,66.64,6138.6428546874,0
NEXR.US,D,20250918,000000,64.82,67.2616,63.2674,63.84,3166.9999987332,0
NEXR.US,D,20250919,000000,63.98,65.7132,62.755,64.82,1220.6428566546,0
NEXR.US,D,20250922,000000,63.14,77,57.82,62.16,106223.4999575106,0
NEXR.US,D,20250923,000000,63.28,64.68,58.94,59.5,6633.928568775,0
NEXR.US,D,20250924,000000,58.8,60.34,56.14,57.96,2472.142856154,0
NEXR.US,D,20250925,000000,56.7,58.52,51.8,55.335,1854.0714278298,0
NEXR.US,D,20250926,000000,55.3,55.3,52.78,54.04,8530.7857108734,0
NEXR.US,D,20250929,000000,53.9,57.68,52.29,55.86,3627.857141406,0
NEXR.US,D,20250930,000000,56,56.28,52.64,54.04,1280.6428566306001,0
NEXR.US,D,20251001,000000,54.32,57.54,53.2,55.02,1273.2142852050001,0
NEXR.US,D,20251002,000000,55.3,63.56,55.3,61.6,13611.1428516984,0
NEXR.US,D,20251003,000000,61.32,63.42,58.1,61.18,5948.571426192,0
NEXR.US,D,20251006,000000,59.08,61.18,56.84,59.92,8684.0714250978,0
NEXR.US,D,20251007,000000,58.8,59.78,57.54,59.64,1884.1428563892,0
NEXR.US,D,20251008,000000,60.48,70.21,60.3106,66.08,16144.5714221136,0
NEXR.US,D,20251009,000000,66.08,75.88,64.54,65.1,23154.285705024,0
NEXR.US,D,20251010,000000,63.98,65.2988,55.44,56.7,10945.714281336,0
NEXR.US,D,20251013,000000,57.82,61.32,55.02,55.02,3888.928569873,0
NEXR.US,D,20251014,000000,55.72,58.1,54.46,54.6,7073.357140027801,0
NEXR.US,D,20251015,000000,57.3384,59.92,54.6,55.58,5636.2857120312,0
NEXR.US,D,20251016,000000,54.18,54.579,50.54,52.08,5366.3571407106,0
NEXR.US,D,20251017,000000,52.64,54.04,49.84,51.66,3319.9285701006,0
NEXR.US,D,20251020,000000,52.5,55.16,51.66,52.36,2808.7857131622,0
NEXR.US,D,20251021,000000,53.06,55.0186,51.1,52.08,2402.857141896,0
NEXR.US,D,20251022,000000,52.08,53.06,49.84,49.98,3491.1428557464,0
NEXR.US,D,20251023,000000,48.58,51.1,46.34,47.88,3811.8571413324003,0
NEXR.US,D,20251024,000000,47.88,49.14,45.08,46.1776,3914.9285698626,0
NEXR.US,D,20251027,000000,46.2,47.25,43.82,44.1,4677.6428552718,0
NEXR.US,D,20251028,000000,44.52,45.08,37.24,38.85,10144.1428530852,0
NEXR.US,D,20251029,000000,39.06,39.8538,35.42,37.17,4072.6428555138,0
NEXR.US,D,20251030,000000,37.24,37.38,35,35.56,2274.8571419472,0
NEXR.US,D,20251031,000000,35.98,38.5364,35.7,37.8,2740.2142846182,0
NEXR.US,D,20251103,000000,37.8,40.74,35.1414,35.84,4097.7142840752,0
NEXR.US,D,20251104,000000,36.54,36.54,33.6,33.6,2138.0714277162,0
NEXR.US,D,20251105,000000,33.6,34.44,33.264,33.32,992.0714281746,0
NEXR.US,D,20251106,000000,33.74,35.42,33.74,34.44,1596.6428565042,0
NEXR.US,D,20251107,000000,33.6,34.44,31.0814,31.64,2525.4999989898,0
NEXR.US,D,20251110,000000,33.7456,35.1386,30.66,31.22,17008.6428503394,0
NEXR.US,D,20251111,000000,30.66,32.06,29.4,30.8,5318.4999978726,0
NEXR.US,D,20251112,000000,31.92,32.55,30.2414,31.5,4248.4999983006,0
NEXR.US,D,20251113,000000,30.8,31.36,26.88,27.16,4721.4999981114,0
NEXR.US,D,20251114,000000,26.46,28,26.46,27.02,2808.9999988764002,0
NEXR.US,D,20251117,000000,26.04,27.02,24.5,25.2,7513.214282709,0
NEXR.US,D,20251118,000000,25.62,25.62,23.38,24.64,1957.3571420742,0
NEXR.US,D,20251119,000000,24.36,24.64,23.8,23.94,3266.4999986934,0
NEXR.US,D,20251120,000000,24.22,24.5,21,21.14,6961.785711501,0
NEXR.US,D,20251121,000000,21,21,18.2,20.3,10843.2857099484,0
NEXR.US,D,20251124,000000,19.88,21.8554,19.04,21.56,5217.2142836274,0
NEXR.US,D,20251125,000000,21.84,21.854,20.44,21,2489.5714275756,0
NEXR.US,D,20251126,000000,21.14,22.12,20.72,21.7,1638.3571422018001,0
NEXR.US,D,20251128,000000,22.96,26.6,22.4,25.2,9540.357139041,0
NEXR.US,D,20251201,000000,23.24,25.62,22.4,25.34,25262.9999898948,0
NEXR.US,D,20251202,000000,26.18,29.96,24.92,26.6,19008.7142781108,0
NEXR.US,D,20251203,000000,24.78,27.16,24.6736,27.02,3327.857141526,0
NEXR.US,D,20251204,000000,26.32,36.4,25.8286,35,52657.214264651404,0
NEXR.US,D,20251205,000000,46.9,51.8,21,22.4,2769374.284606536,0
NEXR.US,D,20251208,000000,27.3028,28.42,23.24,25.48,1136844.4281166908,0
NEXR.US,D,20251209,000000,22.68,23.6586,20.16,20.3,94686.7142478396,0
NEXR.US,D,20251210,000000,20.58,22.82,19.7414,20.86,83197.2142524354,0
NEXR.US,D,20251211,000000,21.7,21.7,19.04,19.18,40483.8571266636,0
NEXR.US,D,20251212,000000,18.9,19.32,15.54,16.38,41767.5714118644,0
NEXR.US,D,20251215,000000,16.38,22.6786,14.56,15.54,174228.42850173722,0
NEXR.US,D,20251216,000000,15.54,17.5,15.4,17.22,30509.999987796,0
NEXR.US,D,20251217,000000,17.22,19.88,15.26,15.96,373071.85699362843,0
NEXR.US,D,20251218,000000,15.82,16.66,15.4,15.68,23084.642847909,0
NEXR.US,D,20251219,000000,14.98,15.54,14.84,15.26,16553.3571362358,0
NEXR.US,D,20251222,000000,14.98,15.12,14.0014,14.42,15449.9285652486,0
NEXR.US,D,20251223,000000,14.28,14.28,13.86,14.14,14129.4999943482,0
NEXR.US,D,20251224,000000,14.14,14.42,14,14.42,6233.857140363601,0
NEXR.US,D,20251226,000000,15.4,15.54,10.64,12.2318,321829.285585554,0
NEXR.US,D,20251229,000000,11.9434,11.9434,10.92,11.4534,14088.6428515074,0
NEXR.US,D,20251230,000000,10.367,11.025,10.262,10.5126,15893.571422214,0
NEXR.US,D,20251231,000000,12.4544,12.74,11.06,11.508,504888.2855123304,0
NEXR.US,D,20260102,000000,10.7352,11.76,10.6079,11.6984,29946.5714165928,0
NEXR.US,D,20260105,000000,11.2,12.712,10.976,11.2,11263.928566923,0
NEXR.US,D,20260106,000000,10.92,11.1874,10.78,11.0446,6919.7142829464,0
NEXR.US,D,20260107,000000,10.92,11.27,10.6568,10.682,8954.3571392754,0
NEXR.US,D,20260108,000000,10.1598,10.5,9.94,10.199,11258.9999954964,0
NEXR.US,D,20260109,000000,10.0044,10.1906,9.5914,9.8,12334.285709352,0
NEXR.US,D,20260112,000000,9.674,9.8,9.254,9.4668,10693.571424294,0
NEXR.US,D,20260113,000000,9.24,9.3842,8.68,8.8242,8492.9285680314,0
NEXR.US,D,20260114,000000,8.806,8.82,7.42,8.26,12656.7142806516,0
NEXR.US,D,20260115,000000,8.26,8.26,7.798,7.812,7825.357139727,0
NEXR.US,D,20260116,000000,17.22,27.44,15.4,18.06,16794195.85042518,0
NEXR.US,D,20260120,000000,14,16.24,11.76,16.24,402082.0712677386,0
NEXR.US,D,20260121,000000,16.8,16.8,9.52,10.29,1025685.4995897259,0
NEXR.US,D,20260122,000000,10.1514,11.8398,9.8,11.585,334040.85700924083,0
NEXR.US,D,20260123,000000,11.0446,12.18,10.5,11.2392,70508.3571146538,0
NEXR.US,D,20260126,000000,10.9018,10.9774,8.0094,9.233,75293.571398454,0
NEXR.US,D,20260127,000000,9.24,9.4164,8.2852,8.6674,51985.0714077774,0
NEXR.US,D,20260128,000000,9.38,9.38,8.302,8.4,295437.857024682,0
NEXR.US,D,20260129,000000,8.1872,8.792,7.777,7.8568,82981.8571096644,0
NEXR.US,D,20260130,000000,7.966,8.3972,7.14,7.9408,69857.7856863426,0
NEXR.US,D,20260202,000000,8.82,9.1,7.9422,8.3692,229866.7141937676,0
NEXR.US,D,20260203,000000,7.924,7.924,7.14,7.77,34270.5714148632,0
NEXR.US,D,20260204,000000,7.7,8.82,7.5887,8.106,50829.3571225254,0
NEXR.US,D,20260205,000000,7.7868,8.0878,7.42,7.7,19670.785706417402,0
NEXR.US,D,20260206,000000,7.4004,7.8386,7.0462,7.294,30172.2857022168,0
NEXR.US,D,20260209,000000,7.21,7.3262,6.6094,6.972,33823.8571293276,0
NEXR.US,D,20260210,000000,6.9986,7,6.503,6.6948,11751.428566728,0
NEXR.US,D,20260211,000000,6.7956,6.7956,6.3,6.3,32080.5714157392,0
NEXR.US,D,20260212,000000,6.034,6.3882,4.62,5.152,73864.3571133114,0
NEXR.US,D,20260213,000000,5.1702,5.56499,5.11,5.418,21987.7857054906,0
NEXR.US,D,20260217,000000,5.5,5.8051,4.4699,4.61,183760,0
NEXR.US,D,20260218,000000,4.64,5.277048,4.64,5.21,96609,0
NEXR.US,D,20260219,000000,5.07,5.07,4.267,4.47,49151,0
NEXR.US,D,20260220,000000,4.51,4.55,4.3101,4.4,25289,0
NEXR.US,D,20260223,000000,4.33,4.415,3.75,3.75,37354,0
NEXR.US,D,20260224,000000,3.71,4.38,3.5501,4.335,122049,0
NEXR.US,D,20260225,000000,4.31,4.4,4.09,4.2566,53642,0
NEXR.US,D,20260226,000000,4.2,4.295,4.0701,4.19,1298535,0
NEXR.US,D,20260227,000000,4.07,4.44,3.73,4.29,1298517,0
NEXR.US,D,20260302,000000,4.1,4.16,3.9201,3.94,11783,0
NEXR.US,D,20260303,000000,3.83,3.94,3.74,3.93,13416,0
NEXR.US,D,20260304,000000,4.01,4.19,3.9745,4.19,22976,0
NEXR.US,D,20260305,000000,4.0548,4.15,3.73,4.12,8116,0
NEXR.US,D,20260306,000000,3.77,4.32,3.74,4.32,1298519,0
NEXR.US,D,20260309,000000,4.21,4.34,4.01,4.11,1298518,0
NEXR.US,D,20260310,000000,4.02,4.3,3.91,4.22,57577,0
NEXR.US,D,20260311,000000,4.35,4.5673,3.86,4.03,141825,0
NEXR.US,D,20260312,000000,4.056,4.056,3.66,3.84,57615,0
NEXR.US,D,20260313,000000,3.8194,3.94,3.8,3.92,11732,0
NEXR.US,D,20260316,000000,3.81,4.05,3.81,4,14671,0
NEXR.US,D,20260317,000000,4.19,4.39,4.05,4.07,63031,0
NEXR.US,D,20260318,000000,4.02,4.105,3.86,3.995,12042,0
NEXR.US,D,20260319,000000,3.865,3.92,3.79,3.92,8016,0
NEXR.US,D,20260320,000000,3.86,3.875,3.77,3.77,6792,0
NEXR.US,D,20260323,000000,3.86,3.86,3.66,3.66,9988,0
NEXR.US,D,20260324,000000,3.6,3.6,3.25,3.28,30380,0
NEXR.US,D,20260325,000000,3.21,3.26,2.89,2.89,12657,0
NEXR.US,D,20260326,000000,2.84,2.86,2.5,2.52,42682,0
NEXR.US,D,20260327,000000,2.31,2.4899,2.15,2.2,51019,0
NEXR.US,D,20260330,000000,2.51,3.35,2.4301,3.08,520224,0
NEXR.US,D,20260331,000000,2.21,2.52,2.08,2.27,1714700,0
NEXR.US,D,20260401,000000,1.9,2.02,1.72,1.91,270200,0
NEXR.US,D,20260402,000000,1.65,2.64,1.63,1.96,767900,0
NEXR.US,D,20260406,000000,2.02,2.02,1.87,1.93,58132,0
NEXR.US,D,20260407,000000,1.93,1.93,1.68,1.7,55689,0
NEXR.US,D,20260408,000000,1.83,1.83,1.71,1.78,23483,0
NEXR.US,D,20260409,000000,1.69,1.86,1.69,1.78,43275,0
NEXR.US,D,20260410,000000,1.88,1.88,1.74,1.79,23925,0
NEXR.US,D,20260413,000000,1.74,1.92,1.74,1.89,14813,0
NEXR.US,D,20260414,000000,1.9,1.96,1.77,1.86,27963,0
NEXR.US,D,20260415,000000,1.9499,1.9499,1.7605,1.92,28440,0
NEXR.US,D,20260416,000000,1.895,2.0699,1.86,2.03,59089,0
NEXR.US,D,20260417,000000,2.05,2.05,1.95,2.03,15785,0
NEXR.US,D,20260420,000000,2.13,2.82,1.79,2.03,776687,0
NEXR.US,D,20260421,000000,2,2.14,1.9601,2.14,53765,0
NEXR.US,D,20260422,000000,2.09,2.1726,1.98,2.11,37534,0
NEXR.US,D,20260423,000000,2.03,2.15,1.9115,2,43021,0
NEXR.US,D,20260424,000000,1.98,2.05,1.64,1.84,48135,0
NEXR.US,D,20260427,000000,1.81,2.05,1.81,2,39994,0
NEXR.US,D,20260428,000000,3.34,3.3999,2.16,2.3,43276612,0
NEXR.US,D,20260429,000000,2.19,2.23,1.9,2.19,879791,0
NEXR.US,D,20260430,000000,2.33,2.68,2.25,2.43,951297,0
NEXR.US,D,20260501,000000,2.34,2.45,2.16,2.22,231023,0
NEXR.US,D,20260504,000000,2.03,2.135,1.94,2.07,197696,0
NEXR.US,D,20260505,000000,2.03,2.25,1.99,2.21,429706,0
NEXR.US,D,20260506,000000,2.11,2.18,1.67,1.84,196653,0
NEXR.US,D,20260507,000000,1.87,1.95,1.821,1.87,68284,0
NEXR.US,D,20260508,000000,1.85,1.8575,1.7,1.73,105993,0
NEXR.US,D,20260511,000000,1.7,1.7899,1.65,1.66,82686,0
NEXR.US,D,20260512,000000,1.66,1.7283,1.47,1.5,113938,0
NEXR.US,D,20260513,000000,1.49,1.54,1.46,1.53,105250,0
NEXR.US,D,20260514,000000,1.49,1.5,1.36,1.4,99699,0
NEXR.US,D,20260515,000000,1.38,1.46,1.38,1.44,40809,0
NEXR.US,D,20260518,000000,1.41,1.45,1.37,1.37,51184,0
NEXR.US,D,20260519,000000,1.35,1.3799,1.2133,1.34,36105,0
NEXR.US,D,20260520,000000,1.32,1.36,1.26,1.26,33303,0
NEXR.US,D,20260521,000000,1.26,1.27,1.155,1.2,73356,0
NEXR.US,D,20260522,000000,1.21,1.34,1.2,1.21,77011,0
NEXR.US,D,20260526,000000,1.39,1.4,1.17,1.19,175839,0
NEXR.US,D,20260527,000000,1.2,1.215,1.08,1.1,70858,0
NEXR.US,D,20260528,000000,1.09,1.235,1.09,1.16,11953147,0
NEXR.US,D,20260529,000000,1.58,3.27,1.3306,1.36,65746296,0
NEXR.US,D,20260601,000000,1.33,1.3762,1.18,1.34,1435140,0
NEXR.US,D,20260602,000000,1.22,1.38,1.14,1.2,1026595,0
NEXR.US,D,20260603,000000,1.16,1.161,0.9409,1.02,540216,0
NEXR.US,D,20260604,000000,1.25,2.11,1.1,1.56,76995234,0
NEXR.US,D,20260605,000000,1.32,1.4356,1.15,1.21,13043006,0
NEXR.US,D,20260608,000000,1.83,2.05,0.8,0.93,51297291,0
NEXR.US,D,20260609,000000,0.8606,0.8983,0.804,0.804,1785200,0
NEXR.US,D,20260610,000000,0.784,0.84,0.72,0.757,865937,0
NEXR.US,D,20260611,000000,0.7686,0.842499,0.7548,0.7702,573423,0
NEXR.US,D,20260612,000000,0.7597,0.79,0.68,0.7112,752699,0
NEXR.US,D,20260615,000000,0.72,0.75,0.6829,0.729,1034699,0
NEXR.US,D,20260616,000000,0.7053,0.7338,0.68,0.6953,883079,0
NEXR.US,D,20260617,000000,0.685,0.75,0.685,0.734,416989,0
NEXR.US,D,20260618,000000,0.72,0.7271,0.68,0.6876,455207,0
NEXR.US,D,20260622,000000,0.68,0.6801,0.635,0.6637,461504,0
NEXR.US,D,20260623,000000,0.66,0.6788,0.621,0.6255,513319,0
NEXR.US,D,20260624,000000,0.632,0.665,0.54,0.5482,859017,0
