<TICKER>,<PER>,<DATE>,<TIME>,<OPEN>,<HIGH>,<LOW>,<CLOSE>,<VOL>,<OPENINT>
NIVF.US,D,20240405,000000,85200,86400,58200,60000,40.67703332926563,0
NIVF.US,D,20240408,000000,63000,63000,50382.8,55200,15.433399998456663,0
NIVF.US,D,20240409,000000,54000,63000,49260,58794,8.674849999132515,0
NIVF.US,D,20240410,000000,58800,64800,54072,60600,5.49763333278357,0
NIVF.US,D,20240411,000000,58782,58915.6,51600,54336,3.959749999604025,0
NIVF.US,D,20240412,000000,54000,54810,49932,51665.6,4.508466666215821,0
NIVF.US,D,20240415,000000,51000,52434,48060,49200,3.1724499996827555,0
NIVF.US,D,20240416,000000,47400,47400,40782,41508,4.728366666193831,0
NIVF.US,D,20240417,000000,41460,46800,38100,45612,5.593533332773981,0
NIVF.US,D,20240418,000000,46200,51000,41400,45780,5.8319999994168015,0
NIVF.US,D,20240419,000000,45150,47400,43200,44826,1.3409333331992404,0
NIVF.US,D,20240422,000000,67200,113400,65400,76800,1341.627466532504,0
NIVF.US,D,20240423,000000,87000,177000,83400,133800,2284.6416497715363,0
NIVF.US,D,20240424,000000,122400,126000,91800,93000,90.34326665763234,0
NIVF.US,D,20240425,000000,91200,112200,78000,78000,57.87746666087893,0
NIVF.US,D,20240426,000000,93600,143400,87000,106800,963.0474165703621,0
NIVF.US,D,20240429,000000,120000,133800,111600,122400,151.61686665150498,0
NIVF.US,D,20240430,000000,115200,117000,91200,105000,32.16108333011723,0
NIVF.US,D,20240501,000000,100200,100200,91800,96000,12.206099998779392,0
NIVF.US,D,20240502,000000,93000,94200,65400,76200,16.966183331636717,0
NIVF.US,D,20240503,000000,75600,79800,67200,72600,11.72151666549452,0
NIVF.US,D,20240506,000000,67200,74400,67200,67800,6.338183332699515,0
NIVF.US,D,20240507,000000,67800,70200,64800,65100,5.698799999430122,0
NIVF.US,D,20240508,000000,72600,117000,69600,90600,439.7729999560227,0
NIVF.US,D,20240509,000000,87000,100200,84000,85800,22.48278333108506,0
NIVF.US,D,20240510,000000,79200,80400,70800,76800,9.923416665674326,0
NIVF.US,D,20240513,000000,72600,85800,72600,77400,11.740283332159306,0
NIVF.US,D,20240514,000000,71400,78486,66000,74400,8.295416665837125,0
NIVF.US,D,20240515,000000,74400,76800,69606,76200,4.013733332931961,0
NIVF.US,D,20240516,000000,73200,78000,73200,73200,3.8621833329471156,0
NIVF.US,D,20240517,000000,73800,75690,67200,67794,4.578099999542191,0
NIVF.US,D,20240520,000000,68400,81000,67200,79194,7.259833332607352,0
NIVF.US,D,20240521,000000,81600,86400,72348,72600,3.07949999969205,0
NIVF.US,D,20240522,000000,72612,77964,68814,69600,3.070016666359665,0
NIVF.US,D,20240523,000000,70200,72000,65100,68400,4.36136666623053,0
NIVF.US,D,20240524,000000,68400,70800,62400,63600,3.9602166662706457,0
NIVF.US,D,20240528,000000,64800,74988,64800,69000,4.722183332861116,0
NIVF.US,D,20240529,000000,66600,75000,65400,70800,2.5321999997467803,0
NIVF.US,D,20240530,000000,71400,75000,69012,73800,3.2117499996788257,0
NIVF.US,D,20240531,000000,72000,83400,72000,82200,4.34723333289861,0
NIVF.US,D,20240603,000000,82200,94200,81600,82800,32.7783333300555,0
NIVF.US,D,20240604,000000,76800,77400,66000,68400,9.419599999058041,0
NIVF.US,D,20240605,000000,66000,68400,66000,67200,3.5044166663162253,0
NIVF.US,D,20240606,000000,67200,75000,66084,71400,4.006199999599381,0
NIVF.US,D,20240607,000000,66600,69000,66600,69000,1.9101833331423153,0
NIVF.US,D,20240610,000000,71400,71994,65400,70200,2.087249999791275,0
NIVF.US,D,20240611,000000,69600,69894,67200,68700,1.1559166665510752,0
NIVF.US,D,20240612,000000,67800,70200,67200,68100,0.5393833332793951,0
NIVF.US,D,20240613,000000,69000,70200,60000,63600,2.074583333125875,0
NIVF.US,D,20240614,000000,65400,65400,61800,62400,2.0188499997981153,0
NIVF.US,D,20240617,000000,65400,65400,57000,58920,2.0777666664588903,0
NIVF.US,D,20240618,000000,58200,59568,54294,55800,3.865899999613411,0
NIVF.US,D,20240620,000000,54600,56520,50112,50640,3.9263666662740304,0
NIVF.US,D,20240621,000000,55812,74400,54180,63000,59.234249994076585,0
NIVF.US,D,20240624,000000,58800,64800,54000,61800,7.745216665892146,0
NIVF.US,D,20240625,000000,61200,65400,59412,64800,5.705533332762782,0
NIVF.US,D,20240626,000000,61800,64800,60600,60900,2.8508833330482446,0
NIVF.US,D,20240627,000000,60600,61800,58200,61200,1.1647833332168551,0
NIVF.US,D,20240628,000000,60612,61200,58212,58806,0.6504833332682851,0
NIVF.US,D,20240701,000000,58800,60000,57000,58200,0.9009499999099052,0
NIVF.US,D,20240702,000000,57150,59880,54000,54648,2.2696666664397007,0
NIVF.US,D,20240703,000000,57000,59400,55866,57780,1.8769166664789751,0
NIVF.US,D,20240705,000000,57600,58800,57600,57960,1.1618499998838152,0
NIVF.US,D,20240708,000000,59400,63600,58200,60006,2.4065333330926806,0
NIVF.US,D,20240709,000000,60600,75000,60000,66600,8.285716665838097,0
NIVF.US,D,20240710,000000,69000,69594,64200,67200,1.742583333159075,0
NIVF.US,D,20240711,000000,65400,66600,60600,63600,2.1240666664542607,0
NIVF.US,D,20240712,000000,63600,65076,58800,61200,1.3526999998647304,0
NIVF.US,D,20240715,000000,60720,61200,57600,58200,0.7301166665936549,0
NIVF.US,D,20240716,000000,59679.2,59679.2,57006,57924,0.8956333332437699,0
NIVF.US,D,20240717,000000,57000,58800,55800,56496,1.53539999984646,0
NIVF.US,D,20240718,000000,57000,58440,55200,56406,1.1323499998867652,0
NIVF.US,D,20240719,000000,56648.4,57600,55200,55206,0.37143333329619,0
NIVF.US,D,20240722,000000,55200,56400,53400,54252,0.5176833332815651,0
NIVF.US,D,20240723,000000,53400,55800,51018,52254,84.18424999158158,0
NIVF.US,D,20240724,000000,57600,76200,49800,60000,172.4827666494184,0
NIVF.US,D,20240725,000000,52800,59958,52500,58675.2,9.862566665680413,0
NIVF.US,D,20240726,000000,55944,63600,55920,61800,5.951316666071536,0
NIVF.US,D,20240729,000000,59880,61800,57600,59400,2.4944166664172256,0
NIVF.US,D,20240730,000000,57006,59856,53400,54624,2.0157166664650954,0
NIVF.US,D,20240731,000000,52986,57000,52800,55680,1.07159999989284,0
NIVF.US,D,20240801,000000,54000,56334,52920,54840,0.6739833332659351,0
NIVF.US,D,20240802,000000,51000,54000,51000,52314,0.6668499999333152,0
NIVF.US,D,20240805,000000,48300,52500,48300,50400,1.6268833331706452,0
NIVF.US,D,20240806,000000,50400,54516,48090,51120,0.451249999954875,0
NIVF.US,D,20240807,000000,51120,53676,48546,49800,0.3413666666325301,0
NIVF.US,D,20240808,000000,50940,50940,48030,49800,0.5576833332775651,0
NIVF.US,D,20240809,000000,49128,51000,48600,50400,0.436516666623015,0
NIVF.US,D,20240812,000000,51120,51120,48906,50400,0.53149999994685,0
NIVF.US,D,20240813,000000,51600,54600,49800,52965.2,0.2806666666386,0
NIVF.US,D,20240814,000000,49920,52080,49920,50268.4,0.22034999997796503,0
NIVF.US,D,20240815,000000,55320,55320,50514,51126,0.7829833332550352,0
NIVF.US,D,20240816,000000,51000,52794,49800,51144,0.67876666659879,0
NIVF.US,D,20240819,000000,54000,54000,50520,52080,1.003483333232985,0
NIVF.US,D,20240820,000000,51942,51942,49272,49860,2.0535666664613106,0
NIVF.US,D,20240821,000000,49920,52032,49920,51280.8,0.46123333328721,0
NIVF.US,D,20240822,000000,51000,55800,50484,55800,1.2774833332055853,0
NIVF.US,D,20240823,000000,57000,73800,54000,68040,8.957566665770912,0
NIVF.US,D,20240826,000000,69600,70800,57006,58020,2.9679333330365405,0
NIVF.US,D,20240827,000000,57366,59400,51600,56988,1.8386333331494702,0
NIVF.US,D,20240828,000000,55800,57000,49800,54210,2.2964999997703504,0
NIVF.US,D,20240829,000000,54744,55200,51702,52788,0.9066166665760053,0
NIVF.US,D,20240830,000000,56340,56400,51606,51612,0.8028166665863852,0
NIVF.US,D,20240903,000000,52200,52800,50142,50160,0.41496666662517007,0
NIVF.US,D,20240904,000000,49800,51000,40500,44400,4.348233332898511,0
NIVF.US,D,20240905,000000,43122,47388,41496,42312,1.0037333332329603,0
NIVF.US,D,20240906,000000,42000,44160,39360,40860,0.624416666604225,0
NIVF.US,D,20240909,000000,44400,44400,39000,42003.2,1.1254999998874502,0
NIVF.US,D,20240910,000000,42120,42780,40200,40500,0.575383333275795,0
NIVF.US,D,20240911,000000,39900,42006,39600,42000,0.7349833332598351,0
NIVF.US,D,20240912,000000,43470,43800,40956,42018,0.28176666663849004,0
NIVF.US,D,20240913,000000,42000,42600,40590,41916,0.38646666662802004,0
NIVF.US,D,20240916,000000,40818,43020,39600,41844,0.3500666666316601,0
NIVF.US,D,20240917,000000,40800,42840,40200,40200,0.203749999979625,0
NIVF.US,D,20240918,000000,40200,42540,39618,40980,0.383983333294935,0
NIVF.US,D,20240919,000000,39060,40800,36666,37878,0.43079999995692003,0
NIVF.US,D,20240920,000000,37896,40206,36216,38820,0.4988999999501101,0
NIVF.US,D,20240923,000000,38760,38760,34500,36156,0.6700166665996652,0
NIVF.US,D,20240924,000000,34500,35400,34500,34932,0.4889499999511051,0
NIVF.US,D,20240925,000000,34800,42000,33000,39960,14.17113333191622,0
NIVF.US,D,20240926,000000,37800,40338,36660,38244,1.7015666664965103,0
NIVF.US,D,20240927,000000,38244,40178.4,37440,37440,0.25873333330746,0
NIVF.US,D,20240930,000000,37200,42378,36060,40740,1.0940833332239253,0
NIVF.US,D,20241001,000000,42000,42600,40650,41748,0.667949999933205,0
NIVF.US,D,20241002,000000,40992,41109.2,38460,39000,0.3813333332952,0
NIVF.US,D,20241003,000000,39000,40908,37770,38520,0.43206666662346005,0
NIVF.US,D,20241004,000000,39423,40680,38820,40680,0.16243333331709003,0
NIVF.US,D,20241007,000000,39018,39018,36720,37614,0.437416666622925,0
NIVF.US,D,20241008,000000,36900,38880,34800,38112,0.291516666637515,0
NIVF.US,D,20241009,000000,38940,38940,35046,35046,0.20698333331263502,0
NIVF.US,D,20241010,000000,35064,37615.2,33600,35982,163.81101665028558,0
NIVF.US,D,20241011,000000,52200,64800,43206,58800,975.152199902485,0
NIVF.US,D,20241014,000000,49020,59400,42000,45270,38.721166662794545,0
NIVF.US,D,20241015,000000,47622,196800,46800,117600,2366.1149164300555,0
NIVF.US,D,20241016,000000,108000,136206,72000,73200,194.46129998055392,0
NIVF.US,D,20241017,000000,74400,99600,67200,70800,74.27608332590573,0
NIVF.US,D,20241018,000000,73200,94800,66000,72000,117.2493833216084,0
NIVF.US,D,20241021,000000,69000,76800,64200,68400,19.62221666470445,0
NIVF.US,D,20241022,000000,68400,73800,63000,71400,10.838049998916198,0
NIVF.US,D,20241023,000000,69000,72000,59400,61800,10.6259999989374,0
NIVF.US,D,20241024,000000,61800,63600,59400,63600,4.241799999575821,0
NIVF.US,D,20241025,000000,61200,63600,50994,54006,6.089216666057745,0
NIVF.US,D,20241028,000000,56394,56394,48000,50400,3.7635499996236463,0
NIVF.US,D,20241029,000000,49800,49800,45606,48258,2.8891499997110857,0
NIVF.US,D,20241030,000000,46440,51000,45060,50220,3.610783332972256,0
NIVF.US,D,20241031,000000,47040,50430,47040,48714,1.5250333331808301,0
NIVF.US,D,20241101,000000,47040,47040,43800,44460,2.0471833331286153,0
NIVF.US,D,20241104,000000,43200,44400,39576,40656,2.213549999778645,0
NIVF.US,D,20241105,000000,41940,43200,39658.2,43200,1.2068499998793152,0
NIVF.US,D,20241106,000000,43800,46416,40206,43860,3.074066666359261,0
NIVF.US,D,20241107,000000,46500,46500,43806,44100,0.7918999999208102,0
NIVF.US,D,20241108,000000,46680,46680,43344,44406,1.0918833332241453,0
NIVF.US,D,20241111,000000,46740,46740,42000,42000,1.1453666665521305,0
NIVF.US,D,20241112,000000,39618,46680,39618,40596,1.9868166664679854,0
NIVF.US,D,20241113,000000,39996,42360,37212,38460,2.0790333331254303,0
NIVF.US,D,20241114,000000,40980,40980,36000,37290,2.2840999997715903,0
NIVF.US,D,20241115,000000,37560,41400,36120,39060,3.2665666663400104,0
NIVF.US,D,20241118,000000,53946,56820,33180,34800,716.9998165949669,0
NIVF.US,D,20241119,000000,32544,35400,27942,34134,37.45099999625491,0
NIVF.US,D,20241120,000000,34434,39948,32514,35700,28.124616663854205,0
NIVF.US,D,20241121,000000,34560,36300,30000,32592,16.12501666505417,0
NIVF.US,D,20241122,000000,32040,33330,30000,30540,18.18946666484772,0
NIVF.US,D,20241125,000000,29400,29400,24720,24960,13.210199998678984,0
NIVF.US,D,20241126,000000,24960,25800,19866,22200,11.129299998887072,0
NIVF.US,D,20241127,000000,22260,22500,20400,20640,6.537816666012886,0
NIVF.US,D,20241129,000000,21000,24000,18576,19800,10.57239999894276,0
NIVF.US,D,20241202,000000,19800,24000,19800,20940,11.307016665535967,0
NIVF.US,D,20241203,000000,21000,22080,20400,21426,6.709833332662351,0
NIVF.US,D,20241204,000000,22500,25764,21414,23700,17.510949998248908,0
NIVF.US,D,20241205,000000,24000,26051.6,23700,26051.6,8.493366665817332,0
NIVF.US,D,20241206,000000,26880,30000,24492,26880,7.276649999272337,0
NIVF.US,D,20241209,000000,27600,28284,24558,24618,5.514383332781896,0
NIVF.US,D,20241210,000000,24000,25200,22860,23460,2.405683333092765,0
NIVF.US,D,20241211,000000,30624,32820,19284,21660,1297.1920832036142,0
NIVF.US,D,20241212,000000,20994,23670,18000,22782,170.439899982956,0
NIVF.US,D,20241213,000000,21000,21420,18660,19038,54.8198166611847,0
NIVF.US,D,20241216,000000,18180,18600,15180,16290,70.28546665963813,0
NIVF.US,D,20241217,000000,15816,25692,14388,25422,143.5485833189785,0
NIVF.US,D,20241218,000000,18630,25200,18300,19710,149.77354998502264,0
NIVF.US,D,20241219,000000,20790,23400,18660,20490,75.75611665909106,0
NIVF.US,D,20241220,000000,19260,21156,18000,19986,45.914066662075264,0
NIVF.US,D,20241223,000000,22500,23940,19800,21000,75.75231665909145,0
NIVF.US,D,20241224,000000,21480,21540,19800,20394,28.484266663818246,0
NIVF.US,D,20241226,000000,21546,23813.4,20520,23106,56.72271666099441,0
NIVF.US,D,20241227,000000,23400,25998,21750,25680,81.97918332513544,0
NIVF.US,D,20241230,000000,27000,27000,20400,24900,73.95231665927146,0
NIVF.US,D,20241231,000000,26400,26400,22200,24300,55.049166661161756,0
NIVF.US,D,20250102,000000,24600,29400,24072,25020,78.08206665885847,0
NIVF.US,D,20250103,000000,25200,26100,22500,23742,39.63496666270318,0
NIVF.US,D,20250106,000000,24000,24900,22206,23940,46.30814999536919,0
NIVF.US,D,20250107,000000,22800,23454,21102,22140,33.8640999966136,0
NIVF.US,D,20250108,000000,21900,22080,18900,21903.6,31.62749999683725,0
NIVF.US,D,20250110,000000,22200,22800,20400,22200,31.164349996883566,0
NIVF.US,D,20250113,000000,20700,20850,16932,18900,320.2041166346463,0
NIVF.US,D,20250114,000000,19200,20160,18006,19800,36.16418332971691,0
NIVF.US,D,20250115,000000,17610,22890,17550,21360,56.422099994357794,0
NIVF.US,D,20250116,000000,20406,21540,18600,18900,30.895216663577145,0
NIVF.US,D,20250117,000000,18900,21150,18900,20940,32.3443833300989,0
NIVF.US,D,20250121,000000,18660,19500,16266,17088,577.8768999422125,0
NIVF.US,D,20250122,000000,16800,16860,15450,16266,54.35934999456408,0
NIVF.US,D,20250123,000000,15180,16776,15006,16260,25.152716664151406,0
NIVF.US,D,20250124,000000,14880,16944,14880,15894,20.397916664626873,0
NIVF.US,D,20250127,000000,15420,16224,15306,16176,14.853316665181339,0
NIVF.US,D,20250128,000000,15360,17070,15006,16734,15.721549998427847,0
NIVF.US,D,20250129,000000,15678,16500,15474,16163.3,13.179583332015376,0
NIVF.US,D,20250130,000000,15984,16188,14700,15540,19.32334999806767,0
NIVF.US,D,20250131,000000,10428,10434,8400,8940,248.53863330847955,0
NIVF.US,D,20250203,000000,8394,9300,6684,8070,110.04456665566224,0
NIVF.US,D,20250204,000000,7380,8074.76,7236,7590,52.136366661453046,0
NIVF.US,D,20250205,000000,7584,8160,6750,7332,35.9447166630722,0
NIVF.US,D,20250206,000000,7512,11154,7260,9306,745.8842332587449,0
NIVF.US,D,20250207,000000,10698,10800,6510,8040,1680.5533498319453,0
NIVF.US,D,20250210,000000,7086,8520,6678,7200,996.5298332336805,0
NIVF.US,D,20250211,000000,6450,7170,5580,6060,434.47833328988554,0
NIVF.US,D,20250212,000000,5610,8070,5610,6390,675.5213332657812,0
NIVF.US,D,20250213,000000,6300,6836.12,5550,5850,250.00899997499909,0
NIVF.US,D,20250214,000000,6000,6330,5610,5850,246.3809999753619,0
NIVF.US,D,20250218,000000,6360,7440,6240,6570,1015.4783332317855,0
NIVF.US,D,20250219,000000,8010,8659.52,6600,6810,4022.144666264453,0
NIVF.US,D,20250220,000000,7800,8369.72,6450,7020,6510.074666015659,0
NIVF.US,D,20250221,000000,6300,6628.2,5850,6330,493.93599995060646,0
NIVF.US,D,20250224,000000,6600,7986,6450,7740,664.4286666002238,0
NIVF.US,D,20250225,000000,7170,7560,6450,7140,254.9389999745061,0
NIVF.US,D,20250226,000000,7260,7260,6750,7020,136.08799998639122,0
NIVF.US,D,20250227,000000,7020,7920.32,6960.6,7230,391.70566662749616,0
NIVF.US,D,20250228,000000,6060,6600,5820,6180,379.2796666287387,0
NIVF.US,D,20250303,000000,6360,6420,4255.2,4860,461.34566662053214,0
NIVF.US,D,20250304,000000,3870,4406.4,3480,3750,353.99999996459997,0
NIVF.US,D,20250305,000000,3600,5700,3600,5310,844.2933332489041,0
NIVF.US,D,20250306,000000,5310,5310,3942,4470,219.70499997802952,0
NIVF.US,D,20250307,000000,4110,4800,3450,3720,500.5526666166115,0
NIVF.US,D,20250310,000000,3405,3750,3240,3600,193.0216666473645,0
NIVF.US,D,20250311,000000,3450,3600,2820,3120,114.343333321899,0
NIVF.US,D,20250312,000000,3090,3570,3090,3420,56.97966666096871,0
NIVF.US,D,20250313,000000,3600,3600,3090,3180,72.3089999927691,0
NIVF.US,D,20250314,000000,3120,3270.3,3030,3210,87.2683333246065,0
NIVF.US,D,20250317,000000,3120,3690,3090,3180,43.644333328968905,0
NIVF.US,D,20250318,000000,3330,3330,2969.4,3015,94.2389999905761,0
NIVF.US,D,20250319,000000,3000,3135.6,2850,2945.4,54.2609999945739,0
NIVF.US,D,20250320,000000,2955,2999.7,2700,2758.5,71.05199999289482,0
NIVF.US,D,20250321,000000,2880,2973,2745.02,2940,76.35033332569832,0
NIVF.US,D,20250324,000000,3090,3270,2910,3240,66.91733332664161,0
NIVF.US,D,20250325,000000,3300,3300,3060,3090,34.5569999965443,0
NIVF.US,D,20250326,000000,2997.3,3112.8,2721.6,2793.3,53.930666661273605,0
NIVF.US,D,20250327,000000,2724,2940,2571,2850.3,49.1119999950888,0
NIVF.US,D,20250328,000000,2940,2940,2632.8,2820,39.00899999609911,0
NIVF.US,D,20250331,000000,2108.1,2108.1,1566,1920,369.4389999630562,0
NIVF.US,D,20250401,000000,1860,2298.6,1711.5,1815,189.59833331437352,0
NIVF.US,D,20250402,000000,1760.4,1815,1674,1767,41.65899999583411,0
NIVF.US,D,20250403,000000,2970,4440,1681.5,1683,37447.222329588614,0
NIVF.US,D,20250404,000000,1617,1617,1245.3,1360.5,935.5763332397759,0
NIVF.US,D,20250407,000000,1211.7,1499.7,1203.3,1354.2,293.107666637356,0
NIVF.US,D,20250408,000000,1310.7,1350,1050,1230,387.8736666278793,0
NIVF.US,D,20250409,000000,1152,1321.2,903.3,1203,224.59133331087426,0
NIVF.US,D,20250410,000000,1258.8,1332,1156.5,1332,99.226666656744,0
NIVF.US,D,20250411,000000,1252.2,1293.3,1185.9,1206,56.059333327727394,0
NIVF.US,D,20250414,000000,1238.1,1238.1,1156.5,1229.7,38.359999996164,0
NIVF.US,D,20250415,000000,1229.7,1248,1149,1204.8,55.1476666611519,0
NIVF.US,D,20250416,000000,1110,1168.2,1005,1057.5,179.96699998200336,0
NIVF.US,D,20250417,000000,1050,1111.5,783.3,850.2,406.9569999593043,0
NIVF.US,D,20250421,000000,824.7,870,798.3,854.352,127.98966665386772,0
NIVF.US,D,20250422,000000,851.7,1021.8,833.4,931.5,176.02866664906384,0
NIVF.US,D,20250423,000000,945.312,1133.4,943.344,1079.4,120.88166665457851,0
NIVF.US,D,20250424,000000,1050,1105.5,1020,1078.2,106.05099998939492,0
NIVF.US,D,20250425,000000,1118.1,1119.9,1035.3,1050.3,116.1796666550487,0
NIVF.US,D,20250428,000000,1023,1037.1,875.7,928.8,128.34433332049892,0
NIVF.US,D,20250429,000000,927.6,936,892.5,936,56.4163333276917,0
NIVF.US,D,20250430,000000,945,981.3,855,863.1,105.8303333227503,0
NIVF.US,D,20250501,000000,952.5,1047,781.5,825,886.4939999113507,0
NIVF.US,D,20250502,000000,826.5,1440,774.6,903,5502.768666116391,0
NIVF.US,D,20250505,000000,1065,1287,981,1062,3408.8633329924473,0
NIVF.US,D,20250506,000000,1047,1488,975.032,1131,7409.126665925755,0
NIVF.US,D,20250507,000000,1059,1104,846,906,900.4999999099499,0
NIVF.US,D,20250508,000000,858,1050,858,944.58,735.106666593156,0
NIVF.US,D,20250509,000000,913.68,1131,840,1014,4339.963332899337,0
NIVF.US,D,20250512,000000,981,1044,915,957,4484.659999551534,0
NIVF.US,D,20250513,000000,948,1029,921,1002,4071.8666662594796,0
NIVF.US,D,20250514,000000,945,950.4,870,921,453.41999995465807,0
NIVF.US,D,20250515,000000,882,930,840,894,535.509999946449,0
NIVF.US,D,20250516,000000,864,918,855,885,520.0799999479921,0
NIVF.US,D,20250519,000000,885,1044,885,969,1749.8866664916782,0
NIVF.US,D,20250520,000000,933.66,975,862.5,870,777.7433332555592,0
NIVF.US,D,20250521,000000,870,873,768,789,487.50999995124903,0
NIVF.US,D,20250522,000000,783,810,768,792,215.88333331174502,0
NIVF.US,D,20250523,000000,783,844.652,780,792,288.29666663783695,0
NIVF.US,D,20250527,000000,789,839.972,774,792,6262.279999373773,0
NIVF.US,D,20250528,000000,738,738,639,672,1055.356666561131,0
NIVF.US,D,20250529,000000,645,702,630.6,657,440.69999995593,0
NIVF.US,D,20250530,000000,669,669,543,606,437.25999995627404,0
NIVF.US,D,20250602,000000,690,1317,504,516,163399.87331699335,0
NIVF.US,D,20250603,000000,1578,1839,909,1110,312095.6166354571,0
NIVF.US,D,20250604,000000,864,1067.58,849.032,915,8907.09999910929,0
NIVF.US,D,20250605,000000,873,888,677.7,690,3612.409999638759,0
NIVF.US,D,20250606,000000,717,717,630,660,1840.5033331492832,0
NIVF.US,D,20250609,000000,651,664.5,567,573,2602.7933330730543,0
NIVF.US,D,20250610,000000,612,617.972,570,582,2089.749999791025,0
NIVF.US,D,20250611,000000,576,617.972,555,594,2194.196666447247,0
NIVF.US,D,20250612,000000,591,597,519,537,52271.39666143953,0
NIVF.US,D,20250613,000000,498,510,474,510,2563.629999743637,0
NIVF.US,D,20250616,000000,480,492,411,414,3722.9199996277084,0
NIVF.US,D,20250617,000000,417,420,372,375,1645.579999835442,0
NIVF.US,D,20250618,000000,351,387,351,372,1715.86666649508,0
NIVF.US,D,20250620,000000,375,375,348,360,1157.243333217609,0
NIVF.US,D,20250623,000000,354,354,318,327,1069.4266665597243,0
NIVF.US,D,20250624,000000,324,339,318,324,877.2333332456101,0
NIVF.US,D,20250625,000000,321,324,300,312,7104.919999289508,0
NIVF.US,D,20250626,000000,348,351,306,339,36529.52999634705,0
NIVF.US,D,20250627,000000,321,335.94,303,309,3813.593332951974,0
NIVF.US,D,20250630,000000,303,369,303,312,7376.136665929053,0
NIVF.US,D,20250701,000000,357,372,255,297,110230.4133223103,0
NIVF.US,D,20250702,000000,300,318,288,297,6055.563332727777,0
NIVF.US,D,20250703,000000,288,295.17,270.9,277.65,2489.136666417753,0
NIVF.US,D,20250707,000000,276,282,255,260.4,3772.689999622731,0
NIVF.US,D,20250708,000000,246,246,186.9,198.03,6888.019999311198,0
NIVF.US,D,20250709,000000,190.5,194.4,182.7,183.87,2570.9499997429048,0
NIVF.US,D,20250710,000000,188.04,191.91,181.5,187.8,1718.6566664948014,0
NIVF.US,D,20250711,000000,190.89,195.48,183.63,188.16,1690.3066664976361,0
NIVF.US,D,20250714,000000,194.4,208.2,186.6,190.23,4512.303332882103,0
NIVF.US,D,20250715,000000,190.5,192,174.12,176.34,2035.9799997964021,0
NIVF.US,D,20250716,000000,175.95,177.27,166.68,169.02,2254.0099997745992,0
NIVF.US,D,20250717,000000,172.35,183,169.5,182.4,2540.039999745996,0
NIVF.US,D,20250718,000000,176.94,182.4,164.22,170.4,3291.246666337542,0
NIVF.US,D,20250721,000000,174,180.3,156,161.7,4974.013332835932,0
NIVF.US,D,20250722,000000,159.27,168.6,159,166.23,749.879999925012,0
NIVF.US,D,20250723,000000,171,172.77,162.9,165.84,2124.393333120894,0
NIVF.US,D,20250724,000000,163.05,171.463,162,164.4,968.0266665698641,0
NIVF.US,D,20250725,000000,150,157.2,150,156,2117.76666645489,0
NIVF.US,D,20250728,000000,165,165,153.224,156.03,721.1299999278871,0
NIVF.US,D,20250729,000000,181.02,189.51,127.05,138,88802.61999111975,0
NIVF.US,D,20250730,000000,126.72,132.66,120,126.3,4750.769999524923,0
NIVF.US,D,20250731,000000,120.9,136.5,120.9,130.5,2136.483333119685,0
NIVF.US,D,20250801,000000,117,126,105,120.06,3589.5799996410424,0
NIVF.US,D,20250804,000000,127.2,153,124.8,141.6,18396.716664826996,0
NIVF.US,D,20250805,000000,136.8,145.248,123,134.4,11263.533332206978,0
NIVF.US,D,20250806,000000,129,129,109.8,114.6,3871.149999612885,0
NIVF.US,D,20250807,000000,114,118.2,107.4,111,1490.716666517595,0
NIVF.US,D,20250808,000000,109.812,112.8,102,112.2,1791.09999982089,0
NIVF.US,D,20250811,000000,106.8,112.8,106.2,111.6,1138.383333219495,0
NIVF.US,D,20250812,000000,107.4,123.6,105,117.6,13637.783331969556,0
NIVF.US,D,20250813,000000,116.4,118.8,107.4,114,4090.6333329242702,0
NIVF.US,D,20250814,000000,113.4,116.4,111.6,115.2,782.216666588445,0
NIVF.US,D,20250815,000000,113.4,114,110.064,114,537.09999994629,0
NIVF.US,D,20250818,000000,114.6,115.8,111.006,114.6,912.7166665753949,0
NIVF.US,D,20250819,000000,112.2,115.422,108.6,109.8,1250.93333320824,0
NIVF.US,D,20250820,000000,109.2,109.8,103.2,105,861.79999991382,0
NIVF.US,D,20250821,000000,104.52,104.52,97.2,100.2,1147.2166665519449,0
NIVF.US,D,20250822,000000,100.2,105,100.2,105,627.53333327058,0
NIVF.US,D,20250825,000000,108,108.72,105,108,651.8166666014849,0
NIVF.US,D,20250826,000000,105.6,117,103.8,108.6,987.7499999012249,0
NIVF.US,D,20250827,000000,106.2,115.8,106.2,112.2,1214.716666545195,0
NIVF.US,D,20250828,000000,111.414,115.2,108.006,112.8,377.84999996221495,0
NIVF.US,D,20250829,000000,112.2,115.2,107.4,112.8,1086.449999891355,0
NIVF.US,D,20250902,000000,112.8,119.4,111.6,119.4,1688.03333316453,0
NIVF.US,D,20250903,000000,112.8,118.2,110.4,111,1148.5499998851449,0
NIVF.US,D,20250904,000000,106.8,110.568,103.2,106.2,578.96666660877,0
NIVF.US,D,20250905,000000,106.812,110.4,106.2,109.8,240.916666642575,0
NIVF.US,D,20250908,000000,108,110.994,106.2,109.5,714.5499999285449,0
NIVF.US,D,20250909,000000,109.8,119.4,109.68,117.6,1765.649999823435,0
NIVF.US,D,20250910,000000,118.2,125.4,115.2,120,2541.03333307923,0
NIVF.US,D,20250911,000000,118.2,127.2,117.606,124.764,2091.76666645749,0
NIVF.US,D,20250912,000000,122.4,124.2,117.6,118.2,425.716666624095,0
NIVF.US,D,20250915,000000,118.8,120.6,115.2,120.4,992.816666567385,0
NIVF.US,D,20250916,000000,120,123,118.2,122.4,1129.73333322036,0
NIVF.US,D,20250917,000000,124.8,156,115.2,123.6,14832.96666518337,0
NIVF.US,D,20250918,000000,118.8,120,108,112.2,3726.149999627385,0
NIVF.US,D,20250919,000000,113.4,114,109.206,112.8,1131.783333220155,0
NIVF.US,D,20250922,000000,114.6,126,111.618,118.8,1558.449999844155,0
NIVF.US,D,20250923,000000,120,122.4,116.028,118.8,820.0833332513249,0
NIVF.US,D,20250924,000000,117,118.38,114.6,117,349.59999996503996,0
NIVF.US,D,20250925,000000,117,117,109.8,116.4,811.1333332522199,0
NIVF.US,D,20250926,000000,112.8,112.8,108,110.4,380.74999996192497,0
NIVF.US,D,20250929,000000,108,109.2,105.6,108.6,724.8999999275101,0
NIVF.US,D,20250930,000000,109.8,110.4,105.9,107.4,594.749999940525,0
NIVF.US,D,20251001,000000,107.4,116.61,105.6,112.5,867.1999999132801,0
NIVF.US,D,20251002,000000,111.6,116.124,111.006,115.2,749.016666591765,0
NIVF.US,D,20251003,000000,119.4,119.4,110.4,110.4,889.76666657769,0
NIVF.US,D,20251006,000000,111.6,115.194,99,105,21307.849997869216,0
NIVF.US,D,20251007,000000,106.2,111,103.8,107.4,1471.583333186175,0
NIVF.US,D,20251008,000000,108.6,117.6,106.206,114,3162.483333017085,0
NIVF.US,D,20251009,000000,112.2,116.4,106.8,114.6,31358.183330197513,0
NIVF.US,D,20251010,000000,120.6,120.6,106.2,108.6,5904.033332742931,0
NIVF.US,D,20251013,000000,108,112.8,103.8,108.6,1632.59999983674,0
NIVF.US,D,20251014,000000,105.6,110.4,103.8,109.2,1122.316666554435,0
NIVF.US,D,20251015,000000,108,110.4,105,108.6,837.56666658291,0
NIVF.US,D,20251016,000000,108.6,171,96,121.5,181702.66664849638,0
NIVF.US,D,20251017,000000,93,93,72.6,73.8,27406.79999725932,0
NIVF.US,D,20251020,000000,74.4,79.8,72,76.8,9172.883332416044,0
NIVF.US,D,20251021,000000,78,78,71.4,72.6,5845.06666608216,0
NIVF.US,D,20251022,000000,73.2,77.922,66.6,71.7,8626.83333247065,0
NIVF.US,D,20251023,000000,70.2,78.6,69.6,78.48,4218.6666662448,0
NIVF.US,D,20251024,000000,78.6,78.6,72.6,73.2,2440.13333308932,0
NIVF.US,D,20251027,000000,73.8,74.394,71.4,71.52,1550.7833331782551,0
NIVF.US,D,20251028,000000,72,72.78,69,70.8,1461.4833331871848,0
NIVF.US,D,20251029,000000,70.2,70.308,68.4,69.12,968.43333323649,0
NIVF.US,D,20251030,000000,68.4,68.4,64.8,64.8,1415.616666525105,0
NIVF.US,D,20251031,000000,54.9,54.9,42.162,45.6,424756.24995752436,0
NIVF.US,D,20251103,000000,72,72.6,36.006,36.54,70653.36665960132,0
NIVF.US,D,20251104,000000,35.838,41.028,34.2,38.04,17692.533331564082,0
NIVF.US,D,20251105,000000,35.976,36.486,30.96,33,37095.816662957084,0
NIVF.US,D,20251106,000000,31.92,34.587,31.32,33.54,7431.183332590215,0
NIVF.US,D,20251107,000000,34.02,34.02,27.606,28.71,12609.23333207241,0
NIVF.US,D,20251110,000000,31.47,31.47,25.848,26.34,168336.8999831663,0
NIVF.US,D,20251111,000000,22.65,26.4,22.434,25.32,16056.13333172772,0
NIVF.US,D,20251112,000000,24.558,28.704,22.518,25.71,21073.76666455929,0
NIVF.US,D,20251113,000000,25.71,25.71,22.266,22.296,12574.89999874251,0
NIVF.US,D,20251114,000000,22.548,23.868,22.2,22.704,6601.69999933983,0
NIVF.US,D,20251117,000000,22.8,23.16,20.877,21.09,6644.949999335506,0
NIVF.US,D,20251118,000000,21.504,21.504,19.8,20.016,5394.53333279388,0
NIVF.US,D,20251119,000000,20.76,21.198,18.456,19.728,11610.249998838974,0
NIVF.US,D,20251120,000000,19.608,20.652,18.72,18.72,5462.5666661204095,0
NIVF.US,D,20251121,000000,18.6,18.6,17.4,18.108,5469.333332786399,0
NIVF.US,D,20251124,000000,18.78,20.1,17.22,19.668,6162.56666605041,0
NIVF.US,D,20251125,000000,19.794,20.55,19.2,19.866,5338.96666613277,0
NIVF.US,D,20251126,000000,19.794,19.794,18.378,19.644,7771.549999222845,0
NIVF.US,D,20251128,000000,19.788,23.934,19.644,21.3,40357.53332929758,0
NIVF.US,D,20251201,000000,21.48,25.2,20.058,24.72,27815.16666388515,0
NIVF.US,D,20251202,000000,19.08,19.2,15.6,18,751288.1665915378,0
NIVF.US,D,20251203,000000,15.72,16.7988,14.52,15.84,34208.08332991252,0
NIVF.US,D,20251204,000000,15.36,17.88,15.12,17.88,25919.16666407475,0
NIVF.US,D,20251205,000000,18.12,18.7284,16.6812,17.4,19944.166664672248,0
NIVF.US,D,20251208,000000,17.64,17.88,15.8808,17.52,17929.249998207073,0
NIVF.US,D,20251209,000000,17.4,23.64,16.68,21.48,465279.8332868053,0
NIVF.US,D,20251210,000000,17.28,17.64,15.96,16.92,73002.16665936644,0
NIVF.US,D,20251211,000000,15.96,16.56,13.92,15.84,35121.91666315447,0
NIVF.US,D,20251212,000000,13.92,14.52,11.16,12.6,572428.4166094238,0
NIVF.US,D,20251215,000000,13.08,13.2,10.92,11.2716,36879.58332964537,0
NIVF.US,D,20251216,000000,11.04,11.16,9.3684,10.8948,35972.666663069394,0
NIVF.US,D,20251217,000000,10.8804,10.92,10.02,10.8,18389.916664827673,0
NIVF.US,D,20251218,000000,10.9668,10.9704,10.08,10.3464,14687.416665197925,0
NIVF.US,D,20251219,000000,10.08,10.8,9.6516,10.7736,27163.416663950324,0
NIVF.US,D,20251222,000000,10.8,10.8,9.72,10.74,15448.333331788499,0
NIVF.US,D,20251223,000000,10.5936,10.5936,9.408,9.8148,21012.416664565422,0
NIVF.US,D,20251224,000000,9.5208,9.7374,9.3,9.72,8446.083332488724,0
NIVF.US,D,20251226,000000,9.6,9.84,9.3,9.6132,7912.83333254205,0
NIVF.US,D,20251229,000000,9.1812,9.474,8.16,8.46,29219.16666374475,0
NIVF.US,D,20251230,000000,8.2056,8.4744,7.5636,8.3988,16773.16666498935,0
NIVF.US,D,20251231,000000,8.4,8.4,7.32,8.28,12006.666665465998,0
NIVF.US,D,20260102,000000,8.3076,8.3892,7.68,8.0424,15928.49999840715,0
NIVF.US,D,20260105,000000,8.1192,8.16,7.6644,8.16,15404.416665126224,0
NIVF.US,D,20260106,000000,8.16,8.1792,7.44,7.8948,16424.416665024222,0
NIVF.US,D,20260107,000000,7.8948,7.8948,7.32,7.44,13132.3333320201,0
NIVF.US,D,20260108,000000,7.416,7.56,7.14,7.56,9925.583332340775,0
NIVF.US,D,20260109,000000,7.6428,7.8444,7.08,7.1916,13785.916665288074,0
NIVF.US,D,20260112,000000,7.1748,7.1748,6.696,6.9636,11949.916665471674,0
NIVF.US,D,20260113,000000,6.9432,6.9432,5.5968,6.2112,17909.833331542348,0
NIVF.US,D,20260114,000000,6.48,6.48,6.0012,6.40032,9078.916665758774,0
NIVF.US,D,20260115,000000,6.4524,6.4884,5.9208,6.1692,11690.583332164275,0
NIVF.US,D,20260116,000000,6.1452,7.242,5.682,6.714,1547209.8331786122,0
NIVF.US,D,20260120,000000,5.16,5.7,4.62,5.2812,303999.16663626675,0
NIVF.US,D,20260121,000000,5.4,5.5632,4.8,5.04,186279.49998137204,0
NIVF.US,D,20260122,000000,5.28,6.12,5.28,6.0792,82806.91665838598,0
NIVF.US,D,20260123,000000,5.6688,6.3348,5.4768,6.0516,75524.3333257809,0
NIVF.US,D,20260126,000000,5.88,9.84,5.68,7.44,1312382.25,0
NIVF.US,D,20260127,000000,6.64,6.84,5.24,6,915167.5,0
NIVF.US,D,20260128,000000,5.2,6.36,5.08,6.34,178990.75,0
NIVF.US,D,20260129,000000,6.32,6.3836,5.12,5.36,99099,0
NIVF.US,D,20260130,000000,5.4,5.88,5.12,5.48,71418.5,0
NIVF.US,D,20260202,000000,5.2,5.44,4.92,5.2,57088.25,0
NIVF.US,D,20260203,000000,5.106,5.2,4.64,5.12,52295.5,0
NIVF.US,D,20260204,000000,4.8,4.8488,3.5092,3.564,177614.5,0
NIVF.US,D,20260205,000000,3.6236,5.4672,3.24,4,2323307.75,0
NIVF.US,D,20260206,000000,3.82,4,3.56,4,88823.75,0
NIVF.US,D,20260209,000000,3.992,3.9936,3.56,3.6516,32595,0
NIVF.US,D,20260210,000000,3.64,3.72,3.3128,3.7196,61535.5,0
NIVF.US,D,20260211,000000,3.5472,3.68,3.4,3.52,50417,0
NIVF.US,D,20260212,000000,3.4848,3.5276,2.7604,2.926,54547.5,0
NIVF.US,D,20260213,000000,3.1328,3.274,3,3.2076,42116.75,0
NIVF.US,D,20260217,000000,3.256,3.4396,3.08,3.3996,29491.25,0
NIVF.US,D,20260218,000000,3.4,3.4,3.046,3.148,16656.75,0
NIVF.US,D,20260219,000000,3.2084,3.376,3.008,3.3632,23422.25,0
NIVF.US,D,20260220,000000,3.3296,3.44,3.08,3.44,21957.75,0
NIVF.US,D,20260223,000000,3.38,3.6,3.1208,3.1604,16292.25,0
NIVF.US,D,20260224,000000,3.248,3.4,3.12,3.248,17954.25,0
NIVF.US,D,20260225,000000,3.3256,3.3256,3.1,3.2106,13527.75,0
NIVF.US,D,20260226,000000,3.12,3.356,3.104,3.1748,13515,0
NIVF.US,D,20260227,000000,3.36,3.36,3.08,3.3156,23866.75,0
NIVF.US,D,20260302,000000,3.32,3.3256,3.104,3.132,11403.75,0
NIVF.US,D,20260303,000000,3.04,3.041,2.6044,2.762,37924.75,0
NIVF.US,D,20260304,000000,2.6804,2.824,2.536,2.638,47627.75,0
NIVF.US,D,20260305,000000,2.5852,2.64,2.3148,2.3656,36694,0
NIVF.US,D,20260306,000000,2.28,2.34,1.92,1.938,50469,0
NIVF.US,D,20260309,000000,2,2.1388,1.932,2.09,28803.25,0
NIVF.US,D,20260310,000000,2.08,2.48,2.08,2.2004,62478,0
NIVF.US,D,20260311,000000,2.1992,2.32,1.9432,2.0604,43265.5,0
NIVF.US,D,20260312,000000,2.08,2.08,2,2.0002,12243.5,0
NIVF.US,D,20260313,000000,2.0772,2.28,1.804,2.28,2447459.5,0
NIVF.US,D,20260316,000000,2.37,2.43,2.02,2.34,209344,0
NIVF.US,D,20260317,000000,2.15,2.2899,1.9201,1.98,169353,0
NIVF.US,D,20260318,000000,1.85,1.89,1.63,1.68,71000,0
NIVF.US,D,20260319,000000,1.67,1.67,1.5201,1.6,52766,0
NIVF.US,D,20260320,000000,1.6,1.76,1.56,1.63,68272,0
NIVF.US,D,20260323,000000,1.6,1.73,1.56,1.73,22058,0
NIVF.US,D,20260324,000000,1.74,1.74,1.66,1.7,13887,0
NIVF.US,D,20260325,000000,1.7399,2.0139,1.68,2.01,71022,0
NIVF.US,D,20260326,000000,2.04,2.05,1.82,2.05,48061,0
NIVF.US,D,20260327,000000,2.01,2.02,1.76,1.87,17072,0
NIVF.US,D,20260330,000000,1.98,1.98,1.8678,1.95,93462,0
NIVF.US,D,20260331,000000,1.99,2.26,1.95,2.26,35008,0
NIVF.US,D,20260401,000000,2.23,2.2498,2.03,2.16,32337,0
NIVF.US,D,20260402,000000,2.14,2.14,2.0075,2.13,19443,0
NIVF.US,D,20260406,000000,2.18,2.1871,2.02,2.13,22264,0
NIVF.US,D,20260407,000000,2.08,2.125,1.905,2.002,15311,0
NIVF.US,D,20260408,000000,2.1,2.19,2.1,2.19,10126,0
NIVF.US,D,20260409,000000,2.16,2.17,2.06,2.08,5565,0
NIVF.US,D,20260410,000000,2.08,2.085,2.01,2.038,6678,0
NIVF.US,D,20260413,000000,1.94,2.04,1.94,2.01,7868,0
NIVF.US,D,20260414,000000,2.0512,2.19,2.05,2.19,8512,0
NIVF.US,D,20260415,000000,2.11,2.3883,2.11,2.38,41956,0
NIVF.US,D,20260416,000000,2.35,2.5,2.3001,2.49,30957,0
NIVF.US,D,20260417,000000,2.45,2.46,2.225,2.32,22751,0
NIVF.US,D,20260420,000000,2.39,2.39,2.17,2.17,11681,0
NIVF.US,D,20260421,000000,2.1396,2.195,2.1,2.17,20483,0
NIVF.US,D,20260422,000000,2.17,2.23,2,2.01,22498,0
NIVF.US,D,20260423,000000,2.03,2.05,1.88,1.91,11652,0
NIVF.US,D,20260424,000000,1.98,1.98,1.84,1.96,19384,0
NIVF.US,D,20260427,000000,2.0956,2.18,1.94,1.96,15328,0
NIVF.US,D,20260428,000000,2.025,2.025,1.85,1.9,16280,0
NIVF.US,D,20260429,000000,1.9,1.9202,1.75,1.83,17026,0
NIVF.US,D,20260430,000000,1.71,1.8527,1.67,1.72,42839,0
NIVF.US,D,20260501,000000,1.77,1.77,1.64,1.71,80490,0
NIVF.US,D,20260504,000000,2.21,2.7699,1.33,1.69,28152189,0
NIVF.US,D,20260505,000000,1.47,1.6,1.34,1.46,618112,0
NIVF.US,D,20260506,000000,1.45,1.53,1.36,1.39,250625,0
NIVF.US,D,20260507,000000,1.34,1.34,1.21,1.29,244478,0
NIVF.US,D,20260508,000000,1.25,1.335,1.16,1.21,154001,0
NIVF.US,D,20260511,000000,1.15,1.2,1.02,1.15,251354,0
NIVF.US,D,20260512,000000,1.115,1.17,1.1,1.13,258003,0
NIVF.US,D,20260513,000000,1.09,1.109,1.01,1.05,143560,0
NIVF.US,D,20260514,000000,1.05,1.0599,0.9583,0.9708,160885,0
NIVF.US,D,20260515,000000,0.9599,0.9599,0.85,0.9,129537,0
NIVF.US,D,20260518,000000,0.873,0.9,0.85,0.9,46162,0
NIVF.US,D,20260519,000000,0.88,0.8999,0.8465,0.8611,47910,0
NIVF.US,D,20260520,000000,0.82,0.82,0.7299,0.7391,224351,0
NIVF.US,D,20260521,000000,1.04,1.6,0.97,1.12,94467198,0
NIVF.US,D,20260522,000000,1.04,1.06,0.9037,1.02,2995752,0
NIVF.US,D,20260526,000000,0.91,0.9399,0.75,0.7849,818834,0
NIVF.US,D,20260527,000000,0.76,0.8871,0.716201,0.8501,653418,0
NIVF.US,D,20260528,000000,0.88,1.2,0.87,1.03,4324763,0
NIVF.US,D,20260529,000000,0.9494,0.9799,0.8605,0.91,6353334,0
NIVF.US,D,20260601,000000,0.8588,0.95795,0.78,0.95,808267,0
NIVF.US,D,20260602,000000,0.9,0.99,0.8976,0.9262,390259,0
NIVF.US,D,20260603,000000,0.9114,0.9399,0.8,0.84115,296182,0
NIVF.US,D,20260604,000000,0.8786,0.95,0.644,0.685,1486816,0
NIVF.US,D,20260605,000000,0.5729,0.6399,0.511,0.638,22056185,0
NIVF.US,D,20260608,000000,0.5172,0.5768,0.51,0.5454,1024427,0
NIVF.US,D,20260609,000000,0.5029,0.53,0.4721,0.492,990834,0
NIVF.US,D,20260610,000000,0.4833,0.65,0.4761,0.5365,1441356,0
NIVF.US,D,20260611,000000,0.5271,0.58,0.52,0.575,692986,0
NIVF.US,D,20260612,000000,0.56,0.5698,0.54,0.5609,257984,0
NIVF.US,D,20260615,000000,0.5501,0.584,0.55,0.5813,356406,0
NIVF.US,D,20260616,000000,0.7682,1.04,0.6046,0.7,106451933,0
NIVF.US,D,20260617,000000,1.05,1.06,0.7019,0.8,55454667,0
NIVF.US,D,20260618,000000,0.815,0.8388,0.71,0.7576,7112310,0
NIVF.US,D,20260622,000000,0.7004,0.7772,0.6652,0.672,1654308,0
NIVF.US,D,20260623,000000,0.597,0.6569,0.5932,0.6494,768861,0
NIVF.US,D,20260624,000000,0.6494,0.6499,0.6002,0.62518,407821,0
