<TICKER>,<PER>,<DATE>,<TIME>,<OPEN>,<HIGH>,<LOW>,<CLOSE>,<VOL>,<OPENINT>
NOMA.US,D,20251031,000000,30,57.7,15.92,21,105500,0
NOMA.US,D,20251103,000000,9.07,14.49,7.51,11.5,252242,0
NOMA.US,D,20251104,000000,10,10.95,7.74,9.03,112239,0
NOMA.US,D,20251105,000000,8.5,9.7999,8,9.33,65272,0
NOMA.US,D,20251106,000000,8.95,9.1551,7.31,7.73,53453,0
NOMA.US,D,20251107,000000,7.43,7.8,6.25,7.06,72485,0
NOMA.US,D,20251110,000000,7,8.08,6,6.3,62388,0
NOMA.US,D,20251111,000000,6.18,7.2,4.88,6.96,136473,0
NOMA.US,D,20251112,000000,7.02,7.5,5.82,6.5,61196,0
NOMA.US,D,20251113,000000,6.4,6.92,5.61,6.01,37176,0
NOMA.US,D,20251114,000000,6,7.6,5.14,7.6,155002,0
NOMA.US,D,20251117,000000,7.11,8,6.62,7.87,47104,0
NOMA.US,D,20251118,000000,7.797,9.6,7.02,9.15,100843,0
NOMA.US,D,20251119,000000,8.4,10,8.4,9.29,48868,0
NOMA.US,D,20251120,000000,9.25,9.25,8.35,8.68,33813,0
NOMA.US,D,20251121,000000,8.43,9,7.8,8.71,46809,0
NOMA.US,D,20251124,000000,8.16,8.92,7.99,8.06,17789,0
NOMA.US,D,20251125,000000,8.85,8.92,7.17,7.29,60235,0
NOMA.US,D,20251126,000000,7.56,8.8,7.19,8.33,31481,0
NOMA.US,D,20251128,000000,8.6,8.9,8.34,8.78,21568,0
NOMA.US,D,20251201,000000,8.63,8.9,8.52,8.6,50391,0
NOMA.US,D,20251202,000000,8.5,8.95,7.9,8,78924,0
NOMA.US,D,20251203,000000,8.16,8.16,7.32,7.32,19961,0
NOMA.US,D,20251204,000000,7.89,7.89,6.28,6.42,54223,0
NOMA.US,D,20251205,000000,6.66,7.3,6.3077,6.62,29378,0
NOMA.US,D,20251208,000000,7,7.65,6.06,7.41,56835,0
NOMA.US,D,20251209,000000,7.04,7.76,6.96,7.5,46724,0
NOMA.US,D,20251210,000000,7.18,8.15,6.705,7.71,65202,0
NOMA.US,D,20251211,000000,7.26,8.45,7.26,7.86,29777,0
NOMA.US,D,20251212,000000,8.5,8.5,7.55,7.58,60573,0
NOMA.US,D,20251215,000000,7.7,8.5,7,7.27,35969,0
NOMA.US,D,20251216,000000,7.15,7.54,6.76,6.76,34968,0
NOMA.US,D,20251217,000000,6.57,7.2699,6.5344,6.69,49189,0
NOMA.US,D,20251218,000000,6.98,7.99,6.3601,7.55,52938,0
NOMA.US,D,20251219,000000,7.38,7.88,7.2,7.34,136565,0
NOMA.US,D,20251222,000000,7.47,7.77,6.5,6.5,20393,0
NOMA.US,D,20251223,000000,6.58,6.665,6.02,6.04,18799,0
NOMA.US,D,20251224,000000,6.12,6.3,5.86,5.86,58251,0
NOMA.US,D,20251226,000000,5.82,5.98,5.33,5.47,24404,0
NOMA.US,D,20251229,000000,5.47,5.85,5,5.24,29988,0
NOMA.US,D,20251230,000000,4.82,5.31,4.25,4.43,243673,0
NOMA.US,D,20251231,000000,4.47,4.79,4.26,4.48,42701,0
NOMA.US,D,20260102,000000,4.32,4.68,4.077,4.39,31340,0
NOMA.US,D,20260105,000000,4.29,4.29,3.7186,3.75,17398,0
NOMA.US,D,20260106,000000,4.06,4.18,3.35,3.94,5166302,0
NOMA.US,D,20260107,000000,3.625,4,3.5,3.65,148650,0
NOMA.US,D,20260108,000000,3.58,4.37,3.4101,4.16,153073,0
NOMA.US,D,20260109,000000,4.18,4.68,4,4.17,91343,0
NOMA.US,D,20260112,000000,4.11,4.81,4.06,4.52,59139,0
NOMA.US,D,20260113,000000,4.47,4.63,4.29,4.46,54424,0
NOMA.US,D,20260114,000000,4.0875,4.56,4.0875,4.51,39958,0
NOMA.US,D,20260115,000000,4.3,4.585,4.3,4.47,8371,0
NOMA.US,D,20260116,000000,4.39,4.58,4.1398,4.36,8491,0
NOMA.US,D,20260120,000000,4.205,4.72,4.18,4.56,29768,0
NOMA.US,D,20260121,000000,4.64,4.64,4.49,4.58,7059,0
NOMA.US,D,20260122,000000,4.39,4.5299,4.3,4.51,12494,0
NOMA.US,D,20260123,000000,4.31,4.37,4.29,4.37,2592,0
NOMA.US,D,20260126,000000,4.23,5.03,4.15,5.02,36761,0
NOMA.US,D,20260127,000000,4.85,5.19,4.68,5.18,30680,0
NOMA.US,D,20260128,000000,4.82,5.14,4.4,5.11,131964,0
NOMA.US,D,20260129,000000,4.76,4.835,3.66,3.82,105701,0
NOMA.US,D,20260130,000000,3.71,4.11,3.51,3.51,30901,0
NOMA.US,D,20260202,000000,3.8,3.99,3.4,3.725,26844,0
NOMA.US,D,20260203,000000,3.66,4,3.395,3.56,17856,0
NOMA.US,D,20260204,000000,3.64,3.86,3.3732,3.56,11653,0
NOMA.US,D,20260205,000000,3.82,3.82,3.3301,3.61,10236,0
NOMA.US,D,20260206,000000,3.58,4.14,3.3696,4.07,12751,0
NOMA.US,D,20260209,000000,3.95,4.75,3.95,4.57,25882,0
NOMA.US,D,20260210,000000,4.56,4.63,4.55,4.56,12136,0
NOMA.US,D,20260211,000000,4.55,4.74,4.2538,4.63,14880,0
NOMA.US,D,20260212,000000,4.49,4.75,4.35,4.7,13413,0
NOMA.US,D,20260213,000000,4.69,4.75,4.47,4.57,4033,0
NOMA.US,D,20260217,000000,4.66,4.7,4.66,4.7,2928,0
NOMA.US,D,20260218,000000,4.7,4.77,4.61,4.63,2537,0
NOMA.US,D,20260219,000000,4.73,4.77,4.5698,4.66,3243,0
NOMA.US,D,20260220,000000,4.5651,4.74,4.56,4.71,886,0
NOMA.US,D,20260223,000000,4.68,4.68,4.4601,4.68,3400,0
NOMA.US,D,20260224,000000,4.66,4.67,4.41,4.41,8200,0
NOMA.US,D,20260225,000000,4.38,4.38,4.16,4.33,5539,0
NOMA.US,D,20260226,000000,4.3,4.3,4.042,4.26,1468,0
NOMA.US,D,20260227,000000,4.38,4.38,4,4,1004,0
NOMA.US,D,20260302,000000,4.17,4.21,4.17,4.21,349,0
NOMA.US,D,20260303,000000,4.12,4.56,4.12,4.538,92244,0
NOMA.US,D,20260304,000000,4.6,4.76,4.3101,4.5,14747,0
NOMA.US,D,20260305,000000,4.65,5.39,4.27,5.33,15708,0
NOMA.US,D,20260306,000000,5.37,5.37,4.71,5.18,20804,0
NOMA.US,D,20260309,000000,5.16,5.16,4.95,5.13,3409,0
NOMA.US,D,20260310,000000,5.19,5.19,4.75,5.05,7742,0
NOMA.US,D,20260311,000000,5.05,5.36,4.9267,5.2,5084,0
NOMA.US,D,20260312,000000,5.28,5.3,5.2,5.26,3994,0
NOMA.US,D,20260313,000000,5.01,5.29,4.6,4.78,16170,0
NOMA.US,D,20260316,000000,4.55,4.95,4.07,4.87,12956,0
NOMA.US,D,20260317,000000,5,5,4.3,4.49,10707,0
NOMA.US,D,20260318,000000,4.44,4.44,4.08,4.08,6424,0
NOMA.US,D,20260319,000000,4.365,4.69,3.9,3.93,11691,0
NOMA.US,D,20260320,000000,3.91,4.39,3.75,4.07,24880,0
NOMA.US,D,20260323,000000,3.85,4.24,3.85,4.12,6746,0
NOMA.US,D,20260324,000000,4.2,4.89,3.91,4.25,155673,0
NOMA.US,D,20260325,000000,4.25,4.25,3.1,3.4369,33281,0
NOMA.US,D,20260326,000000,3.43,3.67,3.2235,3.52,25386,0
NOMA.US,D,20260327,000000,3.8,3.8,3.42,3.77,6485,0
NOMA.US,D,20260330,000000,3.8,4.49,3.8,4.175,33985,0
NOMA.US,D,20260331,000000,4.15,4.64,3.97,4.205,17124,0
NOMA.US,D,20260401,000000,4.23,4.59,4.09,4.4,4488,0
NOMA.US,D,20260402,000000,4.13,4.64,4.13,4.24,14764,0
NOMA.US,D,20260406,000000,4.21,4.5,4.14,4.5,26674,0
NOMA.US,D,20260407,000000,4.35,4.48,4.01,4.15,15444,0
NOMA.US,D,20260408,000000,3.83,4.1,3.83,3.83,11511,0
NOMA.US,D,20260409,000000,3.71,3.95,3.46,3.62,9456,0
NOMA.US,D,20260410,000000,3.66,4.33,3.66,3.81,13091,0
NOMA.US,D,20260413,000000,4.65,4.65,3.85,3.85,6406,0
NOMA.US,D,20260414,000000,3.85,4.04,3.65,3.99,10398,0
NOMA.US,D,20260415,000000,3.7442,4.03,3.7,3.76,7726,0
NOMA.US,D,20260416,000000,3.81,4.1,3.72,3.72,5111,0
NOMA.US,D,20260417,000000,3.7,4,3.53,3.57,16721,0
NOMA.US,D,20260420,000000,3.55,3.85,3.55,3.72,13484,0
NOMA.US,D,20260421,000000,3.6,4.61,3.6,4.32,18542,0
NOMA.US,D,20260422,000000,4.4,4.4,4.23,4.36,3175,0
NOMA.US,D,20260423,000000,4.35,4.35,4.2,4.245,4974,0
NOMA.US,D,20260424,000000,4.4,4.4,4.4,4.4,2821,0
NOMA.US,D,20260427,000000,4.01,4.1,3.74,3.95,11783,0
NOMA.US,D,20260428,000000,3.8,4.4,3.8,3.83,17553,0
NOMA.US,D,20260429,000000,4.01,4.01,3.795,3.795,5237,0
NOMA.US,D,20260430,000000,3.8,3.8,3.55,3.55,8067,0
NOMA.US,D,20260501,000000,3.96,4,3.73,3.7834,4040,0
NOMA.US,D,20260504,000000,3.81,3.9499,3.63,3.63,10885,0
NOMA.US,D,20260505,000000,3.76,3.8999,3.61,3.8999,4576,0
NOMA.US,D,20260506,000000,3.75,3.84,3.43,3.51,6809,0
NOMA.US,D,20260507,000000,3.8,3.87,3.3984,3.75,9278,0
NOMA.US,D,20260508,000000,3.83,3.83,3.52,3.61,5027,0
NOMA.US,D,20260511,000000,3.79,3.79,3.485,3.5,6911,0
NOMA.US,D,20260512,000000,3.51,3.6,3.37,3.37,5042,0
NOMA.US,D,20260513,000000,3.405,3.42,3.2401,3.3,8680,0
NOMA.US,D,20260514,000000,3.59,3.59,3.23,3.4,6910,0
NOMA.US,D,20260515,000000,3.49,3.49,3.21,3.4,3014,0
NOMA.US,D,20260518,000000,3.1,3.54,2.93,3.08,10198,0
NOMA.US,D,20260519,000000,3.3,3.3,2.55,3.03,7911,0
NOMA.US,D,20260520,000000,3.2,3.67,2.73,3.3,32334,0
NOMA.US,D,20260521,000000,3.16,3.61,3.01,3.5,15741,0
NOMA.US,D,20260522,000000,3.62,3.65,3.5101,3.6,5367,0
NOMA.US,D,20260526,000000,3.62,3.86,3.39,3.4,19686,0
NOMA.US,D,20260527,000000,3.5,3.5,3.22,3.22,7435,0
NOMA.US,D,20260528,000000,3.09,3.7,3.09,3.67,19325,0
NOMA.US,D,20260529,000000,3.6,3.68,3.19,3.5,5542,0
NOMA.US,D,20260601,000000,3.42,3.5,3.33,3.44,5832,0
NOMA.US,D,20260602,000000,3.7,3.9,3.38,3.64,23553,0
NOMA.US,D,20260603,000000,3.58,3.69,3.54,3.55,4370,0
NOMA.US,D,20260604,000000,3.44,3.54,3.44,3.54,2314,0
NOMA.US,D,20260605,000000,3.3,3.8,3.2,3.5836,10606,0
NOMA.US,D,20260608,000000,3.41,3.41,3.41,3.41,3310,0
NOMA.US,D,20260609,000000,3.59,3.7899,3.02,3.37,13634,0
NOMA.US,D,20260610,000000,3.43,3.43,3.24,3.39,3657,0
NOMA.US,D,20260611,000000,3.45,3.49,3.45,3.49,1421,0
NOMA.US,D,20260612,000000,3.44,3.48,3.44,3.48,2877,0
NOMA.US,D,20260615,000000,3.6,3.6,3.36,3.36,4743,0
NOMA.US,D,20260616,000000,3.51,3.55,3.34,3.34,8835,0
NOMA.US,D,20260617,000000,3.41,3.56,3.41,3.56,3336,0
NOMA.US,D,20260618,000000,3.46,3.99,3.31,3.88,25654,0
NOMA.US,D,20260622,000000,3.65,3.65,3.1968,3.52,14658,0
NOMA.US,D,20260623,000000,3.3,3.32,3.3,3.32,1813,0
NOMA.US,D,20260624,000000,3.525,3.525,3.33,3.33,3938,0
