<TICKER>,<PER>,<DATE>,<TIME>,<OPEN>,<HIGH>,<LOW>,<CLOSE>,<VOL>,<OPENINT>
OFAL.US,D,20250521,000000,4,9.79,3.75,4.68,7904736,0
OFAL.US,D,20250522,000000,4.68,5.75,4.45,4.7941,1231476,0
OFAL.US,D,20250523,000000,4.7,5.2,4.6,4.79,320050,0
OFAL.US,D,20250527,000000,4.8,7.39,4.7002,5.1,4784248,0
OFAL.US,D,20250528,000000,5.21,5.4878,4.9,5.15,1566100,0
OFAL.US,D,20250529,000000,5.25,5.3,4.9001,5.2,684039,0
OFAL.US,D,20250530,000000,5.2,5.2,4.33,4.82,1476746,0
OFAL.US,D,20250602,000000,5,5.3,4.752,5.26,1202413,0
OFAL.US,D,20250603,000000,5.37,5.8,4.8,5.06,4512310,0
OFAL.US,D,20250604,000000,5.2,5.45,4.44,4.47,2354596,0
OFAL.US,D,20250605,000000,4.25,4.6991,2.37,2.77,1249680,0
OFAL.US,D,20250606,000000,2.8,2.99,2.38,2.38,4231191,0
OFAL.US,D,20250609,000000,2.201,2.31,1.8,1.99,1025573,0
OFAL.US,D,20250610,000000,1.79,2.21,1.79,2.14,660669,0
OFAL.US,D,20250611,000000,2.02,2.22,2.02,2.19,255941,0
OFAL.US,D,20250612,000000,2.14,2.2,1.81,1.97,316017,0
OFAL.US,D,20250613,000000,1.92,1.97,1.52,1.55,312685,0
OFAL.US,D,20250616,000000,1.56,1.63,1.09,1.24,1091705,0
OFAL.US,D,20250617,000000,1.2,1.44,1.15,1.37,500967,0
OFAL.US,D,20250618,000000,1.37,1.51,1.355,1.38,326580,0
OFAL.US,D,20250620,000000,1.43,1.75,1.4001,1.75,1203210,0
OFAL.US,D,20250623,000000,1.67,1.734,1.5501,1.6,240823,0
OFAL.US,D,20250624,000000,1.6,1.665,1.53,1.57,220590,0
OFAL.US,D,20250625,000000,1.53,1.9494,1.53,1.82,480597,0
OFAL.US,D,20250626,000000,1.72,1.905,1.72,1.76,195996,0
OFAL.US,D,20250627,000000,1.8,1.8687,1.65,1.8,483563,0
OFAL.US,D,20250630,000000,1.88,1.88,1.69,1.76,122165,0
OFAL.US,D,20250701,000000,1.72,1.75,1.65,1.675,117266,0
OFAL.US,D,20250702,000000,1.69,2.06,1.69,2.05,475805,0
OFAL.US,D,20250703,000000,2.05,2.12,2.02,2.06,149430,0
OFAL.US,D,20250707,000000,2.09,2.5132,1.97,1.97,516826,0
OFAL.US,D,20250708,000000,2.02,2.0943,1.76,2,330198,0
OFAL.US,D,20250709,000000,2,2.1,1.86,2.09,426967,0
OFAL.US,D,20250710,000000,1.97,2.09,1.9,2.03,171488,0
OFAL.US,D,20250711,000000,2.12,2.76,2.075,2.735,665693,0
OFAL.US,D,20250714,000000,2.63,3.37,2.63,3.32,721862,0
OFAL.US,D,20250715,000000,2.72,3.1469,1.9,2.21,1871083,0
OFAL.US,D,20250716,000000,2.27,2.5499,1.98,1.99,504204,0
OFAL.US,D,20250717,000000,1.96,1.98,1.71,1.96,717505,0
OFAL.US,D,20250718,000000,2,2,1.88,1.92,129575,0
OFAL.US,D,20250721,000000,1.93,1.9876,1.6,1.7,334702,0
OFAL.US,D,20250722,000000,1.7,1.8,1.7,1.73,5582965,0
OFAL.US,D,20250723,000000,2.24,2.42,2.02,2.24,27540873,0
OFAL.US,D,20250724,000000,2.05,2.09,1.83,1.86,987277,0
OFAL.US,D,20250725,000000,1.85,1.9911,1.85,1.92,184832,0
OFAL.US,D,20250728,000000,1.9,1.93,1.71,1.74,364577,0
OFAL.US,D,20250729,000000,1.7128,1.75,1.61,1.65,170136,0
OFAL.US,D,20250730,000000,1.67,1.73,1.61,1.67,138937,0
OFAL.US,D,20250731,000000,1.63,1.6776,1.5,1.62,234747,0
OFAL.US,D,20250801,000000,1.53,1.6,1.42,1.49,158798,0
OFAL.US,D,20250804,000000,1.48,1.505,1.3,1.31,281040,0
OFAL.US,D,20250805,000000,1.32,1.61,1.3101,1.45,520777,0
OFAL.US,D,20250806,000000,1.44,1.5,1.4,1.44,187613,0
OFAL.US,D,20250807,000000,1.4,1.4496,1.32,1.4,300755,0
OFAL.US,D,20250808,000000,1.42,1.4312,1.37,1.38,159549,0
OFAL.US,D,20250811,000000,1.44,1.6401,1.42,1.58,314207,0
OFAL.US,D,20250812,000000,1.55,1.62,1.52,1.56,227836,0
OFAL.US,D,20250813,000000,1.6,1.6,1.47,1.49,1549384,0
OFAL.US,D,20250814,000000,1.51,1.78,1.48,1.76,1549489,0
OFAL.US,D,20250815,000000,1.58,1.68,1.5,1.5,622291,0
OFAL.US,D,20250818,000000,1.49,1.52,1.41,1.48,176483,0
OFAL.US,D,20250819,000000,1.44,1.54,1.37,1.51,360676,0
OFAL.US,D,20250820,000000,1.48,1.52,1.42,1.47,118039,0
OFAL.US,D,20250821,000000,1.43,1.44,1.35,1.41,129076,0
OFAL.US,D,20250822,000000,1.37,1.69,1.37,1.58,412322,0
OFAL.US,D,20250825,000000,1.56,1.58,1.4931,1.52,192937,0
OFAL.US,D,20250826,000000,1.56,1.64,1.5,1.55,163833,0
OFAL.US,D,20250827,000000,1.54,1.58,1.5001,1.52,154832,0
OFAL.US,D,20250828,000000,1.46,1.51,1.35,1.42,189153,0
OFAL.US,D,20250829,000000,1.4397,1.5,1.37,1.44,173369,0
OFAL.US,D,20250902,000000,1.4101,1.5,1.4,1.44,78450,0
OFAL.US,D,20250903,000000,1.45,1.49,1.37,1.4,136538,0
OFAL.US,D,20250904,000000,1.39,1.39,1.22,1.22,232679,0
OFAL.US,D,20250905,000000,1.26,1.2937,1.23,1.27,97279,0
OFAL.US,D,20250908,000000,1.26,1.3,1.18,1.3,183438,0
OFAL.US,D,20250909,000000,1.27,1.3,1.18,1.25,368906,0
OFAL.US,D,20250910,000000,1.22,1.75,1.15,1.32,2440964,0
OFAL.US,D,20250911,000000,1.37,1.54,1.35,1.47,977370,0
OFAL.US,D,20250912,000000,1.44,1.5083,1.31,1.36,450814,0
OFAL.US,D,20250915,000000,1.3,1.38,1.2,1.25,452243,0
OFAL.US,D,20250916,000000,1.3001,1.31,1.25,1.28,191913,0
OFAL.US,D,20250917,000000,1.26,1.44,1.26,1.3,217864,0
OFAL.US,D,20250918,000000,1.29,1.36,1.23,1.27,226632,0
OFAL.US,D,20250919,000000,1.27,1.325,1.25,1.3,203667,0
OFAL.US,D,20250922,000000,1.36,1.42,1.22,1.405,581170,0
OFAL.US,D,20250923,000000,1.4,1.4,1.31,1.34,284679,0
OFAL.US,D,20250924,000000,1.34,1.35,1.27,1.33,20068225,0
OFAL.US,D,20250925,000000,1.68,1.71,1.47,1.51,16954164,0
OFAL.US,D,20250926,000000,1.42,1.64,1.4005,1.42,1340782,0
OFAL.US,D,20250929,000000,1.38,1.5,1.22,1.29,1069337,0
OFAL.US,D,20250930,000000,1.26,1.31,1.22,1.25,483020,0
OFAL.US,D,20251001,000000,1.22,1.24,1.1,1.14,622776,0
OFAL.US,D,20251002,000000,1.19,1.1999,1.14,1.16,298085,0
OFAL.US,D,20251003,000000,1.15,1.18,1.1,1.15,445374,0
OFAL.US,D,20251006,000000,1.13,1.15,1.11,1.15,435872,0
OFAL.US,D,20251007,000000,1.15,1.17,1.11,1.14,235116,0
OFAL.US,D,20251008,000000,1.12,1.14,1.095,1.11,208367,0
OFAL.US,D,20251009,000000,1.11,1.16,1.07,1.12,367682,0
OFAL.US,D,20251010,000000,1.1,1.18,1.03,1.14,888301,0
OFAL.US,D,20251013,000000,1.13,1.22,1.08,1.21,638774,0
OFAL.US,D,20251014,000000,1.21,1.21,1.12,1.17,325277,0
OFAL.US,D,20251015,000000,1.2,1.22,1.13,1.18,344190,0
OFAL.US,D,20251016,000000,1.17,1.29,1.1602,1.2,497297,0
OFAL.US,D,20251017,000000,1.17,1.245,1.1699,1.23,963369,0
OFAL.US,D,20251020,000000,1.17,1.17,1.1,1.1,369105,0
OFAL.US,D,20251021,000000,1.09,1.0908,0.8612,0.9956,1051002,0
OFAL.US,D,20251022,000000,0.926,0.9887,0.91,0.988,558828,0
OFAL.US,D,20251023,000000,1.06,1.06,1,1.05,822742,0
OFAL.US,D,20251024,000000,1.03,1.05,1,1.01,167410,0
OFAL.US,D,20251027,000000,0.9797,1.06,0.9797,1.01,252923,0
OFAL.US,D,20251028,000000,1,1.02,0.98,0.985,138165,0
OFAL.US,D,20251029,000000,0.98915,1.02,0.98,0.9911,74837,0
OFAL.US,D,20251030,000000,0.9906,0.9966,0.95,0.9692,89995,0
OFAL.US,D,20251031,000000,0.95,1,0.93,1,65568,0
OFAL.US,D,20251103,000000,0.97,1.06,0.9423,1,241418,0
OFAL.US,D,20251104,000000,0.97,1.03,0.97,0.983,110466,0
OFAL.US,D,20251105,000000,0.98,1.05,0.97,0.992,106368,0
OFAL.US,D,20251106,000000,0.9895,0.9998,0.95,0.9501,88341,0
OFAL.US,D,20251107,000000,0.938,0.979999,0.88571,0.9097,161328,0
OFAL.US,D,20251110,000000,0.9055,0.915,0.86,0.89,73284,0
OFAL.US,D,20251111,000000,0.8633,0.91,0.855,0.8801,62557,0
OFAL.US,D,20251112,000000,0.88,0.8801,0.7,0.717,257989,0
OFAL.US,D,20251113,000000,0.69,0.7494,0.6249,0.6858,159633,0
OFAL.US,D,20251114,000000,0.6848,0.6855,0.650101,0.6653,69431,0
OFAL.US,D,20251117,000000,0.64,0.679,0.64,0.6567,93853,0
OFAL.US,D,20251118,000000,0.656,0.6797,0.623,0.6309,43343,0
OFAL.US,D,20251119,000000,0.65,0.65,0.6019,0.639,82858,0
OFAL.US,D,20251120,000000,0.64,0.64,0.6194,0.6263,70174,0
OFAL.US,D,20251121,000000,0.64,0.6677,0.5999,0.6573,32434,0
OFAL.US,D,20251124,000000,0.6997,0.7702,0.661,0.7313,427571,0
OFAL.US,D,20251125,000000,0.7094,0.7646,0.7094,0.7259,91134,0
OFAL.US,D,20251126,000000,0.7201,0.789,0.7201,0.7754,61510,0
OFAL.US,D,20251128,000000,0.7851,0.9,0.785,0.9,109859,0
OFAL.US,D,20251201,000000,0.8999,0.9,0.8199,0.8499,55118,0
OFAL.US,D,20251202,000000,0.85,0.8896,0.8,0.809,45967,0
OFAL.US,D,20251203,000000,0.873,0.873,0.809,0.8334,28945,0
OFAL.US,D,20251204,000000,0.8,0.82,0.7501,0.82,33163,0
OFAL.US,D,20251205,000000,0.8203,0.839,0.8201,0.839,16615,0
OFAL.US,D,20251208,000000,0.839,0.8588,0.8267,0.85,38551,0
OFAL.US,D,20251209,000000,0.8593,0.909302,0.8463,0.8703,169496,0
OFAL.US,D,20251210,000000,0.87,0.8728,0.83,0.8477,47858,0
OFAL.US,D,20251211,000000,0.82,0.8252,0.7606,0.7632,34488,0
OFAL.US,D,20251212,000000,0.77,0.8198,0.77,0.8078,151516,0
OFAL.US,D,20251215,000000,0.785001,0.785001,0.705,0.7197,80095,0
OFAL.US,D,20251216,000000,0.69,0.77,0.63,0.63,71107,0
OFAL.US,D,20251217,000000,0.63,0.6593,0.6101,0.6253,52951,0
OFAL.US,D,20251218,000000,0.6,0.66,0.6,0.63,36198,0
OFAL.US,D,20251219,000000,0.6272,0.6599,0.6272,0.6501,22495,0
OFAL.US,D,20251222,000000,0.66,0.67,0.6369,0.6378,98457,0
OFAL.US,D,20251223,000000,0.6678,0.6678,0.6,0.6,61923,0
OFAL.US,D,20251224,000000,0.58,0.5842,0.5521,0.5738,40651,0
OFAL.US,D,20251226,000000,0.576,0.5972,0.574,0.582,18702,0
OFAL.US,D,20251229,000000,0.56,0.6174,0.5303,0.61,144456,0
OFAL.US,D,20251230,000000,0.65,0.75,0.58,0.6874,275297,0
OFAL.US,D,20251231,000000,0.6735,0.6735,0.6083,0.6525,114412,0
OFAL.US,D,20260102,000000,0.62,0.681,0.6139,0.6752,51227,0
OFAL.US,D,20260105,000000,0.6392,0.6646,0.61,0.6302,49836,0
OFAL.US,D,20260106,000000,0.58,0.6217,0.55,0.5549,129415,0
OFAL.US,D,20260107,000000,0.597,0.597,0.4303,0.5,240432,0
OFAL.US,D,20260108,000000,0.51,0.5418,0.4834,0.4916,115708,0
OFAL.US,D,20260109,000000,0.4921,0.53,0.466,0.4955,107241,0
OFAL.US,D,20260112,000000,0.465,0.5199,0.465,0.4706,91713,0
OFAL.US,D,20260113,000000,0.497,0.497,0.4718,0.4726,59007,0
OFAL.US,D,20260114,000000,0.499,0.54,0.4651,0.4961,91467,0
OFAL.US,D,20260115,000000,0.5121,0.5145,0.461,0.4805,65545,0
OFAL.US,D,20260116,000000,0.4611,0.464,0.422,0.432,1003910,0
OFAL.US,D,20260120,000000,0.431,0.45,0.43,0.4397,165076,0
OFAL.US,D,20260121,000000,0.4551,0.4551,0.4301,0.4458,138668,0
OFAL.US,D,20260122,000000,0.4364,0.47,0.4352,0.468,160773,0
OFAL.US,D,20260123,000000,0.4511,0.4551,0.4175,0.4199,147342,0
OFAL.US,D,20260126,000000,0.4166,0.453501,0.4166,0.4393,122403,0
OFAL.US,D,20260127,000000,0.431,0.4391,0.4101,0.414,53926,0
OFAL.US,D,20260128,000000,0.4236,0.44,0.4125,0.4155,61183,0
OFAL.US,D,20260129,000000,0.408,0.431451,0.36,0.363,153183,0
OFAL.US,D,20260130,000000,0.362799,0.408,0.2648,0.3801,247108,0
OFAL.US,D,20260202,000000,0.3898,0.3999,0.34,0.3995,151633,0
OFAL.US,D,20260203,000000,0.409,0.535,0.3763,0.4414,612905,0
OFAL.US,D,20260204,000000,0.4414,0.4491,0.4042,0.4327,50213,0
OFAL.US,D,20260205,000000,0.45,0.45,0.41,0.4227,181587,0
OFAL.US,D,20260206,000000,0.4218,0.4499,0.4199,0.4202,39311,0
OFAL.US,D,20260209,000000,0.425,0.549,0.4202,0.517,607076,0
OFAL.US,D,20260210,000000,0.5015,0.5399,0.47,0.4802,69772,0
OFAL.US,D,20260211,000000,0.4505,0.515,0.45,0.5,103421,0
OFAL.US,D,20260212,000000,0.489999,0.5445,0.48,0.5,84516,0
OFAL.US,D,20260213,000000,0.4851,0.509999,0.48151,0.497,50182,0
OFAL.US,D,20260217,000000,0.4899,0.7008,0.48,0.538,2102800,0
OFAL.US,D,20260218,000000,0.5006,0.5433,0.5,0.5122,93825,0
OFAL.US,D,20260219,000000,0.52,0.5509,0.5123,0.5147,61576,0
OFAL.US,D,20260220,000000,0.534,0.55,0.5,0.5,37709,0
OFAL.US,D,20260223,000000,0.488,0.52,0.4547,0.47,147800,0
OFAL.US,D,20260224,000000,0.4798,0.52,0.46065,0.4702,116400,0
OFAL.US,D,20260225,000000,0.4749,0.5,0.4749,0.4801,69300,0
OFAL.US,D,20260226,000000,0.4592,0.5,0.4434,0.4848,23360,0
OFAL.US,D,20260227,000000,0.473,0.5,0.473,0.5,24747,0
OFAL.US,D,20260302,000000,0.47,0.52,0.47,0.51,55904,0
OFAL.US,D,20260303,000000,0.48,0.4803,0.45,0.4575,63418,0
OFAL.US,D,20260304,000000,0.4627,0.4631,0.4333,0.4561,109944,0
OFAL.US,D,20260305,000000,0.4507,0.5012,0.45,0.4649,42280,0
OFAL.US,D,20260306,000000,0.4503,0.4503,0.4205,0.434661,14256,0
OFAL.US,D,20260309,000000,0.42,0.4468,0.42,0.445599,14061,0
OFAL.US,D,20260310,000000,0.42,0.44,0.39,0.3999,116641,0
OFAL.US,D,20260311,000000,0.4002,0.4235,0.4001,0.418,36900,0
OFAL.US,D,20260312,000000,0.409,0.418,0.396,0.4029,30698,0
OFAL.US,D,20260313,000000,0.4274,0.4274,0.3871,0.39,19488,0
OFAL.US,D,20260316,000000,0.39001,0.4562,0.39,0.4153,116373,0
OFAL.US,D,20260317,000000,0.42,0.4299,0.4091,0.4144,19758,0
OFAL.US,D,20260318,000000,0.4101,0.4622,0.4101,0.4381,66306,0
OFAL.US,D,20260319,000000,0.4274,0.4319,0.4008,0.4008,23712,0
OFAL.US,D,20260320,000000,0.411,0.4158,0.385,0.385,25734,0
OFAL.US,D,20260323,000000,0.4399,0.44,0.38,0.38,124400,0
OFAL.US,D,20260324,000000,0.38,0.4399,0.38,0.3901,200697,0
OFAL.US,D,20260325,000000,0.4001,0.4056,0.3911,0.3911,84549,0
OFAL.US,D,20260326,000000,0.4055,0.4448,0.385,0.425,167370,0
OFAL.US,D,20260327,000000,0.4147,0.4799,0.4147,0.4753,60670,0
OFAL.US,D,20260330,000000,0.451,0.47,0.4325,0.4336,71573,0
OFAL.US,D,20260331,000000,0.434,0.54,0.434,0.5079,228751,0
OFAL.US,D,20260401,000000,0.5099,0.63955,0.5099,0.624,417770,0
OFAL.US,D,20260402,000000,0.622,0.716,0.59,0.6874,215686,0
OFAL.US,D,20260406,000000,0.54,0.608,0.4601,0.53,4512932,0
OFAL.US,D,20260407,000000,0.4709,0.6179,0.4709,0.5433,433446,0
OFAL.US,D,20260408,000000,0.5433,0.58,0.5111,0.57,59298,0
OFAL.US,D,20260409,000000,0.5329,0.579899,0.5061,0.549,138330,0
OFAL.US,D,20260410,000000,0.582,0.5879,0.5047,0.56,144321,0
OFAL.US,D,20260413,000000,0.4714,0.55,0.4714,0.55,90410,0
OFAL.US,D,20260414,000000,0.5,0.536101,0.4917,0.5359,68104,0
OFAL.US,D,20260415,000000,0.530001,0.530001,0.4702,0.4811,82266,0
OFAL.US,D,20260416,000000,0.48835,0.5049,0.4847,0.5048,67800,0
OFAL.US,D,20260417,000000,0.491,0.541051,0.491,0.537,66075,0
OFAL.US,D,20260420,000000,0.5323,0.637,0.5174,0.5871,316095,0
OFAL.US,D,20260421,000000,0.5754,0.684,0.5489,0.668,455653,0
OFAL.US,D,20260422,000000,0.68,0.7181,0.621201,0.713,359607,0
OFAL.US,D,20260423,000000,0.6802,0.7,0.6169,0.6788,210584,0
OFAL.US,D,20260424,000000,0.7,0.74,0.6501,0.7115,102155,0
OFAL.US,D,20260427,000000,0.6973,0.7754,0.6811,0.7482,184311,0
OFAL.US,D,20260428,000000,0.773,0.8208,0.678,0.769,277572,0
OFAL.US,D,20260429,000000,0.7459,0.8432,0.7459,0.8432,225737,0
OFAL.US,D,20260430,000000,0.843,0.8639,0.8,0.8304,119276,0
OFAL.US,D,20260501,000000,0.81,0.85,0.76,0.7603,203433,0
OFAL.US,D,20260504,000000,0.7575,0.7884,0.72015,0.7469,94487,0
OFAL.US,D,20260505,000000,0.7302,0.8497,0.710149,0.81,404113,0
OFAL.US,D,20260506,000000,0.8304,0.8477,0.7599,0.772,161074,0
OFAL.US,D,20260507,000000,0.7801,0.795099,0.704,0.7161,418849,0
OFAL.US,D,20260508,000000,0.72,0.7499,0.59,0.7081,291168,0
OFAL.US,D,20260511,000000,0.71,0.74,0.6677,0.7285,395589,0
OFAL.US,D,20260512,000000,0.756,0.8679,0.6915,0.7939,529970,0
OFAL.US,D,20260513,000000,0.7409,0.82,0.6999,0.72,664301,0
OFAL.US,D,20260514,000000,0.71,0.754001,0.547,0.5801,960495,0
OFAL.US,D,20260515,000000,0.615,0.65,0.5,0.5717,699493,0
OFAL.US,D,20260518,000000,0.5999,0.68,0.55,0.5529,420184,0
OFAL.US,D,20260519,000000,0.568,0.58,0.425,0.4899,511892,0
OFAL.US,D,20260520,000000,0.4752,0.56,0.43,0.431,712540,0
OFAL.US,D,20260521,000000,0.43,0.471578,0.43,0.4301,3626922,0
OFAL.US,D,20260522,000000,0.43,0.4301,0.2845,0.2964,1864996,0
OFAL.US,D,20260526,000000,0.284,0.3,0.245,0.262,1141565,0
OFAL.US,D,20260527,000000,0.27,0.2711,0.2457,0.26,313462,0
OFAL.US,D,20260528,000000,0.26,0.26,0.239,0.248,416450,0
OFAL.US,D,20260529,000000,0.2503,0.26,0.2322,0.245,203134,0
OFAL.US,D,20260601,000000,0.2498,0.2664,0.243,0.253,701030,0
OFAL.US,D,20260602,000000,0.25,0.2547,0.2451,0.249,280581,0
OFAL.US,D,20260603,000000,0.24495,0.2495,0.21,0.235,236977,0
OFAL.US,D,20260604,000000,0.24,0.243199,0.221981,0.2377,430279,0
OFAL.US,D,20260605,000000,0.2356,0.2489,0.217001,0.2265,720278,0
OFAL.US,D,20260608,000000,0.222,0.235,0.2126,0.216,1613564,0
OFAL.US,D,20260609,000000,0.2201,0.2488,0.2131,0.233,1808207,0
OFAL.US,D,20260610,000000,0.2177,0.2744,0.2176,0.2539,1940715,0
OFAL.US,D,20260611,000000,0.248,0.2598,0.245,0.249,813011,0
OFAL.US,D,20260612,000000,0.25,0.2547,0.223,0.2351,2220592,0
OFAL.US,D,20260615,000000,0.24,0.259799,0.234,0.2418,1481513,0
OFAL.US,D,20260616,000000,0.2474,0.2493,0.2219,0.2242,578963,0
OFAL.US,D,20260617,000000,0.222,0.2444,0.222,0.238,619433,0
OFAL.US,D,20260618,000000,0.2362,0.2413,0.2166,0.2216,1654244,0
OFAL.US,D,20260622,000000,0.2278,0.2278,0.1912,0.194,788937,0
OFAL.US,D,20260623,000000,0.191,0.21499,0.191,0.203,4444016,0
OFAL.US,D,20260624,000000,0.1938,0.2145,0.185,0.200001,3878349,0
