<TICKER>,<PER>,<DATE>,<TIME>,<OPEN>,<HIGH>,<LOW>,<CLOSE>,<VOL>,<OPENINT>
ORIS.US,D,20241017,000000,408,852,408,480,20688.75,0
ORIS.US,D,20241018,000000,568.8,670,506.4,620,6193.6875,0
ORIS.US,D,20241021,000000,568,704.8,559.2,699.2,3700.1000000000004,0
ORIS.US,D,20241022,000000,720,940,710.88,751.2,4338.275000000001,0
ORIS.US,D,20241023,000000,748,769.6,600,649.6,4043.175,0
ORIS.US,D,20241024,000000,649.6,649.6,520,569.6,2029.4375,0
ORIS.US,D,20241025,000000,573.6,600,533.6,588,376.6125,0
ORIS.US,D,20241028,000000,611.2,611.2,544.016,572,642.7625,0
ORIS.US,D,20241029,000000,545.6,614.4,536,592.8,3576.3250000000003,0
ORIS.US,D,20241030,000000,560.8,696,560,661.6,438.32500000000005,0
ORIS.US,D,20241031,000000,646.4,674.384,617.6,644,1593.6375,0
ORIS.US,D,20241101,000000,640.8,677.6,621.6,640.8,541.6375,0
ORIS.US,D,20241104,000000,636,672.8,572,572.12,834.6500000000001,0
ORIS.US,D,20241105,000000,565.6,600,560,595.92,731.375,0
ORIS.US,D,20241106,000000,631.2,631.2,560,584,383.85,0
ORIS.US,D,20241107,000000,569.04,580.704,519.2,553.6,1397,0
ORIS.US,D,20241108,000000,536.8,580.8,504,540,619.8875,0
ORIS.US,D,20241111,000000,563.2,564.8,542.4,553.592,773.6375,0
ORIS.US,D,20241112,000000,556,760,384,451.2,7104.762500000001,0
ORIS.US,D,20241113,000000,633.6,680,456,517.6,12169.425000000001,0
ORIS.US,D,20241114,000000,560,600,477.6,507.2,9820.4125,0
ORIS.US,D,20241115,000000,515.2,550.4,432,482.4,5260.262500000001,0
ORIS.US,D,20241118,000000,453.6,513.592,453.6,490.4,1361.325,0
ORIS.US,D,20241119,000000,464,504.8,464,491.2,303.9125,0
ORIS.US,D,20241120,000000,508.8,544,481.6,538.4,3722.9625,0
ORIS.US,D,20241121,000000,492,521.6,488,512.896,4165.1625,0
ORIS.US,D,20241122,000000,502.4,516,492,492,625.375,0
ORIS.US,D,20241125,000000,513.6,536.784,500,515.2,314.625,0
ORIS.US,D,20241126,000000,504.8,551.2,498.72,538.92,3263.4,0
ORIS.US,D,20241127,000000,530.776,590.4,529.6,582.056,730.0375,0
ORIS.US,D,20241129,000000,582.4,607.432,528,539.2,1896.7375000000002,0
ORIS.US,D,20241202,000000,520,532,500,525.6,547.2,0
ORIS.US,D,20241203,000000,548.8,956,440,956,18419.537500000002,0
ORIS.US,D,20241204,000000,608,758.4,583.2,640.8,8441.3375,0
ORIS.US,D,20241205,000000,794.4,4480.8,576,4480.8,81330.7875,0
ORIS.US,D,20241206,000000,1160,1232,181.6,289.6,344746.0125,0
ORIS.US,D,20241209,000000,247.2,253.6,218.4,222.4,58342.6125,0
ORIS.US,D,20241210,000000,199.2,199.592,176,182.4,25718,0
ORIS.US,D,20241211,000000,188,199.2,160.8,168,22819.162500000002,0
ORIS.US,D,20241212,000000,172,184.8,168,168,16608.325,0
ORIS.US,D,20241213,000000,162.4,167.704,128.8,143.2,22551.800000000003,0
ORIS.US,D,20241216,000000,137.6,142.4,128.8,130.4,9705.9,0
ORIS.US,D,20241217,000000,128,128,114.4,116.8,9476.15,0
ORIS.US,D,20241218,000000,117.6,123.192,97.6,109.6,12123.8125,0
ORIS.US,D,20241219,000000,106.4,128.8,106.4,116.8,7659.637500000001,0
ORIS.US,D,20241220,000000,106.4,120,106.4,112.8,4269.6875,0
ORIS.US,D,20241223,000000,110.4,117.592,110.4,110.4,3836.0625,0
ORIS.US,D,20241224,000000,117.6,124,113.6,120.8,3495.25,0
ORIS.US,D,20241226,000000,113.6,128,113.6,121.6,6086.05,0
ORIS.US,D,20241227,000000,128,129.6,115.2,120.8,6720.1875,0
ORIS.US,D,20241230,000000,126.4,126.4,106.4,113.6,4543.5,0
ORIS.US,D,20241231,000000,112,128,109.6,122.4,6405.1,0
ORIS.US,D,20250102,000000,225.6,228,157.6,173.6,388992.525,0
ORIS.US,D,20250103,000000,173.6,196.8,162.4,171.2,35388.887500000004,0
ORIS.US,D,20250106,000000,166.4,167.2,120,148,16185.075,0
ORIS.US,D,20250107,000000,148.8,152,130.4,136,6422.075000000001,0
ORIS.US,D,20250108,000000,127.2,130.4,120,129.6,8393.487500000001,0
ORIS.US,D,20250110,000000,135.2,136,120.8,124,2664.0875,0
ORIS.US,D,20250113,000000,120.8,128.8,92.808,115.2,5571.6,0
ORIS.US,D,20250114,000000,121.6,156.8,112,129.6,24998.9,0
ORIS.US,D,20250115,000000,128.8,131.992,114.4,123.2,6091.1625,0
ORIS.US,D,20250116,000000,124.8,131.2,124,125.6,2544.7125,0
ORIS.US,D,20250117,000000,124.8,129.6,124.8,127.2,2308.6625,0
ORIS.US,D,20250121,000000,130.4,130.4,118.4,121.6,3509.1875,0
ORIS.US,D,20250122,000000,124,124.152,113.608,115.2,2503.525,0
ORIS.US,D,20250123,000000,114.4,118.4,106.4,111.2,2539.9875,0
ORIS.US,D,20250124,000000,113.6,115.2,108,113.6,3174.05,0
ORIS.US,D,20250127,000000,111.2,115.2,110,110.4,2433.4375,0
ORIS.US,D,20250128,000000,108.8,114.4,108,112,1641.7375000000002,0
ORIS.US,D,20250129,000000,110.4,113.6,104,108,1561.7625,0
ORIS.US,D,20250130,000000,106.4,110.4,106.4,108,1615.5875,0
ORIS.US,D,20250131,000000,109.6,116.8,107.208,110.4,3506.2375,0
ORIS.US,D,20250203,000000,104,108.08,98.392,101.6,3142.2625000000003,0
ORIS.US,D,20250204,000000,101.6,105.6,99.2,104,1966.9250000000002,0
ORIS.US,D,20250205,000000,103.2,103.2,95.2,95.6,3187.5625,0
ORIS.US,D,20250206,000000,95.2,100,94.4,96.8,2107.4625,0
ORIS.US,D,20250207,000000,98.4,101.6,89.6,91.2,3325.9375,0
ORIS.US,D,20250210,000000,84.8,86.392,80,83.2,6523.575000000001,0
ORIS.US,D,20250211,000000,80,83.88,76,79.2,2275.875,0
ORIS.US,D,20250212,000000,77.6,83.2,74.84,79.2,2833.2250000000004,0
ORIS.US,D,20250213,000000,78.888,96,78.888,84,3394.9375,0
ORIS.US,D,20250214,000000,82.4,95.072,82.4,88,2869.3625,0
ORIS.US,D,20250218,000000,84,88,80.8,84,1939.7625,0
ORIS.US,D,20250219,000000,81.6,96,81.6,89.6,2471.75,0
ORIS.US,D,20250220,000000,91.2,91.2,83.2,88,721.4875000000001,0
ORIS.US,D,20250221,000000,88,91.816,86.4,89.6,29555.075,0
ORIS.US,D,20250224,000000,128.016,182.4,104.4,108,573753.4625,0
ORIS.US,D,20250225,000000,99.2,103.2,88.8,103.2,16226.4375,0
ORIS.US,D,20250226,000000,100,106.4,96,100.8,4761.1875,0
ORIS.US,D,20250227,000000,94.4,108.8,94.4,96,5263.7875,0
ORIS.US,D,20250228,000000,96,105.56,92,101.6,4713.7,0
ORIS.US,D,20250303,000000,106.4,109.6,100,100,3826.425,0
ORIS.US,D,20250304,000000,100,104,96,102.4,1605.625,0
ORIS.US,D,20250305,000000,105.6,110.4,101.608,107.2,2491.0625,0
ORIS.US,D,20250306,000000,110.392,110.4,97.6,102.4,2780.75,0
ORIS.US,D,20250307,000000,98.4,108,98.4,104.8,1410.4,0
ORIS.US,D,20250310,000000,100.8,103.2,98.4,100,2768.5625,0
ORIS.US,D,20250311,000000,96,99.2,92,93.6,2268.75,0
ORIS.US,D,20250312,000000,94.4,96,90.4,90.4,995.4375,0
ORIS.US,D,20250313,000000,92,97.424,89.6,92.8,1417.8875,0
ORIS.US,D,20250314,000000,94.4,94.4,88,88,1283.375,0
ORIS.US,D,20250317,000000,89.6,94.4,89.6,92,1649.4250000000002,0
ORIS.US,D,20250318,000000,92.8,92.8,89.6,90.4,1433.3375,0
ORIS.US,D,20250319,000000,91.2,92.8,88,88,2284.5625,0
ORIS.US,D,20250320,000000,88,89.2,83.2,88,2172.1625,0
ORIS.US,D,20250321,000000,87.2,97.6,84.8,97.6,2578.5750000000003,0
ORIS.US,D,20250324,000000,96,97.6,92,92.8,1477.2,0
ORIS.US,D,20250325,000000,93.6,95.2,91.2,93.6,980.225,0
ORIS.US,D,20250326,000000,92,96.784,87.2,89.6,1912.4625,0
ORIS.US,D,20250327,000000,89.6,93.6,87.2,89.6,849.7,0
ORIS.US,D,20250328,000000,89.6,90.4,88,88.8,512.2625,0
ORIS.US,D,20250331,000000,88.8,104.736,88,99.2,5118.25,0
ORIS.US,D,20250401,000000,94.4,100,92,93.6,1894.025,0
ORIS.US,D,20250402,000000,91.2,95.2,90.4,93.6,552.7,0
ORIS.US,D,20250403,000000,89.6,94.4,84,86.4,2014.075,0
ORIS.US,D,20250404,000000,84.8,86.4,81.6,86.4,1511.7375000000002,0
ORIS.US,D,20250407,000000,86.4,86.4,80.8,80.8,830.1375,0
ORIS.US,D,20250408,000000,85.6,86.4,76.064,79.2,2816.6625000000004,0
ORIS.US,D,20250409,000000,79.2,80.888,76.8,79.2,920.8000000000001,0
ORIS.US,D,20250410,000000,79.2,79.2,76.88,78.304,595.4375,0
ORIS.US,D,20250411,000000,76,79.2,72,76.768,1655.1375,0
ORIS.US,D,20250414,000000,76.768,77.984,72.072,75.76,702.325,0
ORIS.US,D,20250415,000000,75.2,80,74.96,76.544,331.65000000000003,0
ORIS.US,D,20250416,000000,73.6,77.6,73.072,76.8,368.6875,0
ORIS.US,D,20250417,000000,73.6,75.288,72.8,75.12,927.0375,0
ORIS.US,D,20250421,000000,76,76,67.536,69.688,1239.4750000000001,0
ORIS.US,D,20250422,000000,68.8,70.24,67.2,67.72,1111.25,0
ORIS.US,D,20250423,000000,68.6,72,68.008,70.4,1114.55,0
ORIS.US,D,20250424,000000,71.2,76.768,70.84,73.064,466.63750000000005,0
ORIS.US,D,20250425,000000,72,75.2,71.2,71.2,798.8000000000001,0
ORIS.US,D,20250428,000000,72.8,72.8,68.432,71.6,322.96250000000003,0
ORIS.US,D,20250429,000000,71.608,72.8,70.08,70.824,394.90000000000003,0
ORIS.US,D,20250430,000000,70.4,72.8,69.6,72.32,313.125,0
ORIS.US,D,20250501,000000,68.08,72.4,68.08,71.584,489.8125,0
ORIS.US,D,20250502,000000,73.6,75.2,70.176,75.192,804.75,0
ORIS.US,D,20250505,000000,72.8,74.176,72,72.016,441.125,0
ORIS.US,D,20250506,000000,72.64,73.312,70.4,70.808,833.0625,0
ORIS.US,D,20250507,000000,70.808,72,70.408,72,792.0125,0
ORIS.US,D,20250508,000000,69.6,71.408,69.6,70.824,553.825,0
ORIS.US,D,20250509,000000,72,73.76,70.4,72.08,494.725,0
ORIS.US,D,20250512,000000,74.312,79.2,72.816,76.96,1673.2625,0
ORIS.US,D,20250513,000000,86.4,106.4,84.8,106.4,194393.6875,0
ORIS.US,D,20250514,000000,98.4,101.6,82.416,84,11177.487500000001,0
ORIS.US,D,20250515,000000,78.12,80.8,71.596,75.2,18334.3125,0
ORIS.US,D,20250516,000000,72.464,74.4,72.224,73.6,1472.0875,0
ORIS.US,D,20250519,000000,72.8,72.8,68.24,68.96,2063.225,0
ORIS.US,D,20250520,000000,69.6,70.4,68.712,69.52,1074.9875,0
ORIS.US,D,20250521,000000,68.088,69.68,65.6,67.992,2458.8500000000004,0
ORIS.US,D,20250522,000000,69.2,69.2,66.304,69.04,949.8375000000001,0
ORIS.US,D,20250523,000000,73.6,73.6,66.496,71.6,2133.4625,0
ORIS.US,D,20250527,000000,69.52,71.2,68.008,69.736,999.35,0
ORIS.US,D,20250528,000000,68.6,71.2,68,70.048,591.475,0
ORIS.US,D,20250529,000000,71.888,71.888,68.8,71.2,1228.125,0
ORIS.US,D,20250530,000000,71.2,71.2,66.408,67.28,894.35,0
ORIS.US,D,20250602,000000,69.76,69.76,66.472,68.8,764.6375,0
ORIS.US,D,20250603,000000,71.2,71.2,68.4,70.4,702.6375,0
ORIS.US,D,20250604,000000,68,71.4076,68,69.6,913.975,0
ORIS.US,D,20250605,000000,75.896,75.896,68.144,68.968,735.7,0
ORIS.US,D,20250606,000000,68,70.4,68,69.52,558.025,0
ORIS.US,D,20250609,000000,69.6,70.4,67.216,68.8,570.4375,0
ORIS.US,D,20250610,000000,68.8,70.488,68.352,70.488,996.9125,0
ORIS.US,D,20250611,000000,71.2,71.6,68,70.392,335.13750000000005,0
ORIS.US,D,20250612,000000,71.6,71.6,69.6,71.6,499.3625,0
ORIS.US,D,20250613,000000,69.6,71.152,68.384,69.712,660.75,0
ORIS.US,D,20250616,000000,69.68,79.5992,69.68,77.264,2519.275,0
ORIS.US,D,20250617,000000,75.952,75.952,71.288,72.8,701.3000000000001,0
ORIS.US,D,20250618,000000,75.92,75.92,71.208,74.4,414.27500000000003,0
ORIS.US,D,20250620,000000,72.024,76,69.864,74.92,818.0625,0
ORIS.US,D,20250623,000000,75.2,75.2,70.96,75.2,1205.5375000000001,0
ORIS.US,D,20250624,000000,72.768,73.824,70.816,73.824,1321.1750000000002,0
ORIS.US,D,20250625,000000,63.84,65.4,47.992,50.4,12551.0375,0
ORIS.US,D,20250626,000000,50.128,50.128,40.488,43.92,7573.35,0
ORIS.US,D,20250627,000000,45.36,46.24,42.4,42.872,3167.6625000000004,0
ORIS.US,D,20250630,000000,43.2,44.584,40.272,43.808,3025.9375,0
ORIS.US,D,20250701,000000,46.4,50.232,44.392,50.008,3519.275,0
ORIS.US,D,20250702,000000,49.6,54.336,49.6,50.4,2260.6,0
ORIS.US,D,20250703,000000,52.8,53.592,51.272,53.592,2125.2125,0
ORIS.US,D,20250707,000000,52.888,53.6,48.8,49.784,2050.8250000000003,0
ORIS.US,D,20250708,000000,50.4,51.68,45.6,46.96,1435.0125,0
ORIS.US,D,20250709,000000,45.76,48.542,45.6,48.032,414.6125,0
ORIS.US,D,20250710,000000,48,48.8,45.728,48.4,1030.2125,0
ORIS.US,D,20250711,000000,50.4,52.008,46.88,50.96,1638.3000000000002,0
ORIS.US,D,20250714,000000,50.624,50.632,48.2,49.44,792.5,0
ORIS.US,D,20250715,000000,48.448,48.448,46.4,47.624,950.1375,0
ORIS.US,D,20250716,000000,47.2,49.168,47.2,48.064,508.3625,0
ORIS.US,D,20250717,000000,48,48.816,40.008,41.36,6045.587500000001,0
ORIS.US,D,20250718,000000,40.8,42.792,40,40.024,4387.9375,0
ORIS.US,D,20250721,000000,40,45.16,36.576,37.448,6293.450000000001,0
ORIS.US,D,20250722,000000,13.592,13.592,10.856,12.8,309030.9875,0
ORIS.US,D,20250723,000000,13.256,23.12,12.72,13.92,1083029.8125,0
ORIS.US,D,20250724,000000,17.552,17.584,14,16.696,1573195.0625,0
ORIS.US,D,20250725,000000,15.52,16,13.84,14.008,166725.65000000002,0
ORIS.US,D,20250728,000000,13.488,13.896,12.808,12.816,150834.7875,0
ORIS.US,D,20250729,000000,12.264,12.72,11.36,11.616,98165.71250000001,0
ORIS.US,D,20250730,000000,10.608,11.2,9.24,11.2,206764.05000000002,0
ORIS.US,D,20250731,000000,10.528,10.8,9.504,9.992,90943.8125,0
ORIS.US,D,20250801,000000,9.392,9.392,8.08,8.784,162687.73750000002,0
ORIS.US,D,20250804,000000,11.32,11.616,9.648,10.472,1534395.6875,0
ORIS.US,D,20250805,000000,10.4,10.4,9.12008,9.128,130292.625,0
ORIS.US,D,20250806,000000,8.744,8.8,6.08,7.44,364304.2625,0
ORIS.US,D,20250807,000000,7.28,7.504,7.04,7.208,135119.61250000002,0
ORIS.US,D,20250808,000000,14,16.696,10.168,10.84,10478498.875,0
ORIS.US,D,20250811,000000,9.2,9.512,8.36,8.688,366422.875,0
ORIS.US,D,20250812,000000,9.608,10.12,9.048,9.76,1275417.9375,0
ORIS.US,D,20250813,000000,9.44,9.44,8.88,9.256,205332.17500000002,0
ORIS.US,D,20250814,000000,9.08,9.08,8.32,8.32,159570.3125,0
ORIS.US,D,20250815,000000,9.2,10.696,8.72,9.68,1610138.3250000002,0
ORIS.US,D,20250818,000000,9.04,9.584,8.984,9.496,118743.9875,0
ORIS.US,D,20250819,000000,9.016,9.576,8.968,9.448,82446.32500000001,0
ORIS.US,D,20250820,000000,9,9.2,8.84,9.12,68571.3125,0
ORIS.US,D,20250821,000000,8.856,9.2,8.824,9.056,70239.0625,0
ORIS.US,D,20250822,000000,8.72,9.344,8.64,8.792,81461.38750000001,0
ORIS.US,D,20250825,000000,8.864,8.864,8.416,8.76,55902.525,0
ORIS.US,D,20250826,000000,8.496,8.928,8.48,8.84,60768.2125,0
ORIS.US,D,20250827,000000,8.832,9.352,8.52,8.8,177900.65000000002,0
ORIS.US,D,20250828,000000,9.288,9.912,8.96,9.2,716828.2000000001,0
ORIS.US,D,20250829,000000,9.032,9.168,8.8,8.936,94345.3625,0
ORIS.US,D,20250902,000000,8.504,10,8.504,10,158277.42500000002,0
ORIS.US,D,20250903,000000,9.6,9.976,8.944,9.344,95060.83750000001,0
ORIS.US,D,20250904,000000,8.8,9.24,8.544,9.184,59419.600000000006,0
ORIS.US,D,20250905,000000,9.2,9.44,8.88,9.152,56386.137500000004,0
ORIS.US,D,20250908,000000,9.296,9.296,8.4,8.944,111558.125,0
ORIS.US,D,20250909,000000,8.8,9.192,8.544,9.104,258862.8125,0
ORIS.US,D,20250910,000000,8.904,9.432,8.72,9.184,127345.425,0
ORIS.US,D,20250911,000000,9.336,10.216,9.024,10.16,209013.11250000002,0
ORIS.US,D,20250912,000000,9.6,11.92,9.56,10.8,483158.7,0
ORIS.US,D,20250915,000000,12.8,16.304,11.32,14.616,966198.5,0
ORIS.US,D,20250916,000000,12.8,12.8,10.664,11.192,374928.2,0
ORIS.US,D,20250917,000000,10.632,11.28,10.4,11.16,143798.4375,0
ORIS.US,D,20250918,000000,12.184,14.384,11.544,12.208,384812.5125,0
ORIS.US,D,20250919,000000,12.792,12.792,11.28,12.68,208303.25,0
ORIS.US,D,20250922,000000,16,24,15.52,18.24,3280519.7625,0
ORIS.US,D,20250923,000000,27.992,31.2,22,26.224,3235853.3375000004,0
ORIS.US,D,20250924,000000,20.008,24.8,19.44,21.568,368018.9,0
ORIS.US,D,20250925,000000,24.016,25.872,21.6,24.08,364783.0875,0
ORIS.US,D,20250926,000000,24.008,24.416,18.56,21.48,264135.2125,0
ORIS.US,D,20250929,000000,21.2,21.2,12,16.24,277944.5,0
ORIS.US,D,20250930,000000,17.984,18.016,13.68,14.976,172575.1375,0
ORIS.US,D,20251001,000000,12.288,14.736,12.288,14.08,135532.7875,0
ORIS.US,D,20251002,000000,12.888,15.04,12.888,14.96,84012.26250000001,0
ORIS.US,D,20251003,000000,14.2,15.12,13.76,14.64,72148.6625,0
ORIS.US,D,20251006,000000,14.64,14.8799,12.64,13.44,113519.32500000001,0
ORIS.US,D,20251007,000000,12.488,13.156,11.84,12.72,99139.38750000001,0
ORIS.US,D,20251008,000000,12.824,14.16,12.568,13.272,100614.55,0
ORIS.US,D,20251009,000000,12.64,13.248,12,12.72,63005.912500000006,0
ORIS.US,D,20251010,000000,12.184,12.64,11.232,11.728,80983.875,0
ORIS.US,D,20251013,000000,12.16,13.76,11.8,13.48,65396.512500000004,0
ORIS.US,D,20251014,000000,13.48,13.48,12.488,13.184,39579.325000000004,0
ORIS.US,D,20251015,000000,12.744,13.92,12.744,13.76,53103,0
ORIS.US,D,20251016,000000,13.76,14.4,12.056,12.464,56303.4375,0
ORIS.US,D,20251017,000000,12.8,13.1359,12.088,12.408,27793.65,0
ORIS.US,D,20251020,000000,12.408,12.68,11.6,12.16,40451.637500000004,0
ORIS.US,D,20251021,000000,11.384,11.96,11.04,11.28,49431.625,0
ORIS.US,D,20251022,000000,12,12.848,11.432,11.64,63714.65,0
ORIS.US,D,20251023,000000,11.368,12,11.368,11.712,32121.1375,0
ORIS.US,D,20251024,000000,11.712,11.904,11.1879,11.56,36577.4375,0
ORIS.US,D,20251027,000000,11.568,11.912,11.2,11.392,32044.325,0
ORIS.US,D,20251028,000000,11.2,11.76,10.8,10.976,29507.8375,0
ORIS.US,D,20251029,000000,11.44,11.44,10.92,10.936,16956.65,0
ORIS.US,D,20251030,000000,12,13.2,11.616,12.808,664147.8,0
ORIS.US,D,20251031,000000,13.2,13.352,11.448,12.032,91455.9125,0
ORIS.US,D,20251103,000000,12.16,13.48,11.288,12.84,113372.13750000001,0
ORIS.US,D,20251104,000000,13.6,18.56,11.32,12.824,2087433.9000000001,0
ORIS.US,D,20251105,000000,9.368,11.288,9.368,10.28,287705.1375,0
ORIS.US,D,20251106,000000,10.4,12.808,10.36,11.552,249946.075,0
ORIS.US,D,20251107,000000,10.944,11.44,10.52,11.36,64171.4375,0
ORIS.US,D,20251110,000000,10.992,11.352,10.576,11.28,41270.7375,0
ORIS.US,D,20251111,000000,10.8,11.152,8.8,10.072,72415.7625,0
ORIS.US,D,20251112,000000,10.496,10.56,9.88,10.48,26411.0875,0
ORIS.US,D,20251113,000000,10.4,10.408,9.44,9.808,47114.4875,0
ORIS.US,D,20251114,000000,9.6,10.136,9.48,10.08,37324.4125,0
ORIS.US,D,20251117,000000,10.24,10.24,9.072,9.496,32867.3125,0
ORIS.US,D,20251118,000000,9.808,10.712,9.12,10.176,33565.6875,0
ORIS.US,D,20251119,000000,9.752,10.16,9.392,10,22056.162500000002,0
ORIS.US,D,20251120,000000,9.92,10.12,9.36,9.592,24155.1875,0
ORIS.US,D,20251121,000000,9.208,9.552,9.152,9.184,27961.8375,0
ORIS.US,D,20251124,000000,9.584,9.872,9.288,9.792,30221.675000000003,0
ORIS.US,D,20251125,000000,9.64,10.3272,9.64,10.272,26665.1875,0
ORIS.US,D,20251126,000000,10.48,10.48,9.696,9.84,19099.3375,0
ORIS.US,D,20251128,000000,9.84,10.152,9.76,10,7090.0375,0
ORIS.US,D,20251201,000000,10.056,10.104,9.032,9.032,28434.975000000002,0
ORIS.US,D,20251202,000000,9.36,9.36,8.96,9.136,13578.6,0
ORIS.US,D,20251203,000000,8.8,10.52,8.48,9.824,72500.5,0
ORIS.US,D,20251204,000000,9.92,10.12,9.488,10.04,15494.362500000001,0
ORIS.US,D,20251205,000000,9.736,10.08,9.608,9.92,16472.775,0
ORIS.US,D,20251208,000000,10.24,10.32,9.368,9.6,19134.1375,0
ORIS.US,D,20251209,000000,9.6,10.4,9.28,10.144,26128.6875,0
ORIS.US,D,20251210,000000,10.16,10.16,8.888,9.792,18548.537500000002,0
ORIS.US,D,20251211,000000,9.44,10.16,9.18,9.832,37269.15,0
ORIS.US,D,20251212,000000,9.6,9.6,8.896,9.272,19207.3,0
ORIS.US,D,20251215,000000,8.888,8.976,8.472,8.928,27841.800000000003,0
ORIS.US,D,20251216,000000,8.752,9.168,8,8.08,37994.5375,0
ORIS.US,D,20251217,000000,8.384,8.384,8.08,8.08,13881.900000000001,0
ORIS.US,D,20251218,000000,8,8.088,5.2,7.056,126708.75,0
ORIS.US,D,20251219,000000,6.672,7.384,6.376,6.936,35224.55,0
ORIS.US,D,20251222,000000,6.32,6.848,6.32,6.768,26944.2125,0
ORIS.US,D,20251223,000000,6.312,6.748,6.056,6.16,43553.3625,0
ORIS.US,D,20251224,000000,5.6,5.8,5.496,5.64,39408.037500000006,0
ORIS.US,D,20251226,000000,5.56,5.56,4.8,4.936,79606.225,0
ORIS.US,D,20251229,000000,4.904,5.44,4.568,5.192,67925.96250000001,0
ORIS.US,D,20251230,000000,5.2,5.72,4.64,4.88,797235.75,0
ORIS.US,D,20251231,000000,7.04,7.04,5.76,5.96,1704454.5,0
ORIS.US,D,20260102,000000,5.56,5.6796,4.44,5.4,169753,0
ORIS.US,D,20260105,000000,5.36,5.76,5.32,5.48,57842.75,0
ORIS.US,D,20260106,000000,5.36,5.4,4.8,5,53538,0
ORIS.US,D,20260107,000000,4.96,4.96,4.68,4.8,49200.75,0
ORIS.US,D,20260108,000000,4.68,4.72,4.44,4.48,42783.75,0
ORIS.US,D,20260109,000000,4.72,5.16,4.44,5.08,77097.5,0
ORIS.US,D,20260112,000000,4.92,5.6,4.76,5.36,80429.25,0
ORIS.US,D,20260113,000000,5.2,5.92,5.2,5.88,100030.5,0
ORIS.US,D,20260114,000000,5.92,6.76,5.92,6.24,96408.25,0
ORIS.US,D,20260115,000000,6.24,7.6,6.08,7.56,1603138.5,0
ORIS.US,D,20260116,000000,6.52,6.8,5.56,5.88,163814.75,0
ORIS.US,D,20260120,000000,5.44,6.04,5.3516,5.92,35017.75,0
ORIS.US,D,20260121,000000,5.8,6.172,5.6,5.92,24426.25,0
ORIS.US,D,20260122,000000,5.96,6.28,5.8,6.2,36503,0
ORIS.US,D,20260123,000000,6,6.16,5.6,5.88,44417.25,0
ORIS.US,D,20260126,000000,5.72,5.8,5.4,5.64,28397,0
ORIS.US,D,20260127,000000,5.6,5.92,5.4,5.84,22996.75,0
ORIS.US,D,20260128,000000,5.6,5.76,5.12,5.48,39532.5,0
ORIS.US,D,20260129,000000,5.4,5.7332,5,5,25099.5,0
ORIS.US,D,20260130,000000,4.84,5.28,4.8004,4.88,20880,0
ORIS.US,D,20260202,000000,5.24,6,5.04,5.32,107732.75,0
ORIS.US,D,20260203,000000,5.28,5.36,4.72,5,44003.25,0
ORIS.US,D,20260204,000000,4.96,5.2,4.8012,5.08,32616,0
ORIS.US,D,20260205,000000,5.08,5.2276,4.8,4.8,18606,0
ORIS.US,D,20260206,000000,4.84,5.0352,4.52,4.52,54119.75,0
ORIS.US,D,20260209,000000,4.72,4.88,4.44,4.6,49290.75,0
ORIS.US,D,20260210,000000,4.62,4.84,4.56,4.72,14464.25,0
ORIS.US,D,20260211,000000,4.8,4.8,4.64,4.64,10556.75,0
ORIS.US,D,20260212,000000,4.68,5.2,4.64,5.12,31590.25,0
ORIS.US,D,20260213,000000,4.96,5.84,4.96,5.4,34609.25,0
ORIS.US,D,20260217,000000,5.4,5.6,4.48,4.56,35885.5,0
ORIS.US,D,20260218,000000,4.56,4.76,4.48,4.68,96688.25,0
ORIS.US,D,20260219,000000,4.76,5.08,4.6,4.8,25721.75,0
ORIS.US,D,20260220,000000,4.8,4.9988,4.6,4.8,17606.75,0
ORIS.US,D,20260223,000000,4.72,4.8,4.48,4.52,15734,0
ORIS.US,D,20260224,000000,4.52,4.76,4.52,4.52,7532.75,0
ORIS.US,D,20260225,000000,4.52,4.88,4.52,4.68,11036,0
ORIS.US,D,20260226,000000,4.56,4.6,4.44,4.48,16496.5,0
ORIS.US,D,20260227,000000,4.44,4.4804,3.2012,4.1344,53297.25,0
ORIS.US,D,20260302,000000,3.96,4.2392,3.866,3.8764,12751.75,0
ORIS.US,D,20260303,000000,3.82462,3.83359,3.72,3.72,8412.75,0
ORIS.US,D,20260304,000000,3.5712,3.9984,3.5548,3.88,18173.75,0
ORIS.US,D,20260305,000000,3.84,3.9716,3.5312,3.56,13605.25,0
ORIS.US,D,20260306,000000,3.5596,3.7996,3.4444,3.596,5523,0
ORIS.US,D,20260309,000000,3.554,3.72,3.464,3.5728,7636,0
ORIS.US,D,20260310,000000,3.6372,4.08,2.2,2.72,142143.75,0
ORIS.US,D,20260311,000000,2.7,2.9556,2.7,2.7644,23916.75,0
ORIS.US,D,20260312,000000,2.7644,3.0396,2.286,2.8,80170.25,0
ORIS.US,D,20260313,000000,2.7232,2.7232,2.4888,2.6244,27453.75,0
ORIS.US,D,20260316,000000,2.5204,2.5324,2.0002,2.0496,88225.75,0
ORIS.US,D,20260317,000000,1.9324,3.9092,1.412,1.6124,2014537.75,0
ORIS.US,D,20260318,000000,1.64,2.34,1.5756,1.7204,1745991.5,0
ORIS.US,D,20260319,000000,1.3732,2.934,1.1256,2.1072,3169568.25,0
ORIS.US,D,20260320,000000,1.96,2.2,1.8004,2.0496,181176.75,0
ORIS.US,D,20260323,000000,1.9728,2.7536,1.96,2.56,224276,0
ORIS.US,D,20260324,000000,2.658,3.0796,2.576,3.044,174731.75,0
ORIS.US,D,20260325,000000,3.1212,3.4,2.7528,3.396,98311.75,0
ORIS.US,D,20260326,000000,3.4,4.5596,2.68,3.4068,233042,0
ORIS.US,D,20260327,000000,3.3184,3.3284,3.0244,3.246,27845.25,0
ORIS.US,D,20260330,000000,3.0784,3.428,2.8836,3.0504,26379.5,0
ORIS.US,D,20260331,000000,3.0684,3.16,2.58,2.6152,28746.25,0
ORIS.US,D,20260401,000000,2.6052,2.7944,2.2252,2.3604,25585.5,0
ORIS.US,D,20260402,000000,1.8604,2.76,1.7608,2.626,920204.25,0
ORIS.US,D,20260406,000000,2.5812,2.5812,2.4016,2.5296,16410.25,0
ORIS.US,D,20260407,000000,2.5196,2.5196,2.1852,2.3588,34985.75,0
ORIS.US,D,20260408,000000,2.4216,2.492,2.3112,2.492,12606.25,0
ORIS.US,D,20260409,000000,2.4,2.4928,2.36,2.4392,22618.75,0
ORIS.US,D,20260410,000000,2.4044,2.4924,2.2828,2.4204,12364.5,0
ORIS.US,D,20260413,000000,2.3524,2.4196,2.2,2.4028,8916.5,0
ORIS.US,D,20260414,000000,2.4,2.4704,1.8128,2.222,30637.75,0
ORIS.US,D,20260415,000000,2.134,2.322,2.0024,2.2884,12616.5,0
ORIS.US,D,20260416,000000,2.36,2.36,2.24,2.36,9626,0
ORIS.US,D,20260417,000000,2.32,2.4768,2.2804,2.4716,19760,0
ORIS.US,D,20260420,000000,2.4484,2.4844,2.406,2.4796,8644.75,0
ORIS.US,D,20260421,000000,1.952,2.18,1.9312,1.9872,78887.75,0
ORIS.US,D,20260422,000000,1.9656,1.984,1.6868,1.8036,45131,0
ORIS.US,D,20260423,000000,1.7868,1.7932,1.6492,1.716,30864.25,0
ORIS.US,D,20260424,000000,1.7204,1.8,1.5832,1.5832,41193,0
ORIS.US,D,20260427,000000,1.6484,2.2792,1.6172,1.8196,1822191.75,0
ORIS.US,D,20260428,000000,1.8024,2.0508,1.7276,1.936,108113.5,0
ORIS.US,D,20260429,000000,1.92,1.9896,1.6908,1.9196,24660.25,0
ORIS.US,D,20260430,000000,1.76,1.9228,1.7504,1.9228,11311,0
ORIS.US,D,20260501,000000,1.8796,1.9196,1.8032,1.8236,10267.75,0
ORIS.US,D,20260504,000000,1.84,1.92,1.7616,1.8792,28349.25,0
ORIS.US,D,20260505,000000,1.8768,1.88,1.8008,1.88,11778.25,0
ORIS.US,D,20260506,000000,1.784,1.84,1.7236,1.8,13046.5,0
ORIS.US,D,20260507,000000,1.7732,1.7988,1.6528,1.754,10131,0
ORIS.US,D,20260508,000000,1.6888,1.7528,1.6152,1.752,9450.25,0
ORIS.US,D,20260511,000000,1.68,1.68,1.5664,1.6256,14486.75,0
ORIS.US,D,20260512,000000,1.704,1.704,1.56,1.5932,16748.25,0
ORIS.US,D,20260513,000000,1.568,1.6988,1.4948,1.6812,50197.25,0
ORIS.US,D,20260514,000000,1.804,2.5216,1.802,2.152,276424.75,0
ORIS.US,D,20260515,000000,2.1912,2.196,1.9324,2.1464,35388.25,0
ORIS.US,D,20260518,000000,2,2.082,1.2064,1.6392,52905.75,0
ORIS.US,D,20260519,000000,1.692,1.7996,1.5612,1.7084,19844,0
ORIS.US,D,20260520,000000,1.6792,1.8232,1.6792,1.796,19029.5,0
ORIS.US,D,20260521,000000,1.6632,1.92,1.3064,1.92,4736468,0
ORIS.US,D,20260522,000000,1.84,2,1.72,1.9924,92619,0
ORIS.US,D,20260526,000000,1.8352,1.8816,1.7236,1.84,47581,0
ORIS.US,D,20260527,000000,1.86,2.88,1.86,2.2388,1124953.75,0
ORIS.US,D,20260528,000000,2.2,2.2152,2.0008,2.0904,42982,0
ORIS.US,D,20260529,000000,2.0676,2.1996,1.93846,2.12,21875.5,0
ORIS.US,D,20260601,000000,2.076,2.4064,2.0756,2.272,71712,0
ORIS.US,D,20260602,000000,2.2492,2.2604,2.14,2.26,17861.25,0
ORIS.US,D,20260603,000000,2.2056,2.24905,2.1244,2.22,14911.25,0
ORIS.US,D,20260604,000000,2.1764,2.1764,2,2.0968,14931,0
ORIS.US,D,20260605,000000,2.078,2.078,1.984,2.056,12333,0
ORIS.US,D,20260608,000000,1.908,2.156,1.8824,2.118,45504,0
ORIS.US,D,20260609,000000,1.9196,2.382,1.80208,2.0936,844084,0
ORIS.US,D,20260610,000000,2,2.2,1.9616,2.1588,25530.25,0
ORIS.US,D,20260611,000000,2.2,2.4468,2.168,2.272,56039.25,0
ORIS.US,D,20260612,000000,2.3156,2.3996,2.0604,2.1632,17373.5,0
ORIS.US,D,20260615,000000,2.2152,2.2804,2.044,2.244,24397.5,0
ORIS.US,D,20260616,000000,2.2368,2.528,2.0472,2.2868,78911.25,0
ORIS.US,D,20260617,000000,2.2324,2.3108,2.08,2.164,20384.75,0
ORIS.US,D,20260618,000000,2.0832,2.1628,1.92,2.04,22917,0
ORIS.US,D,20260622,000000,2.04,2.43,1.71,2.42,601777,0
ORIS.US,D,20260623,000000,3.21,3.35,1.5422,1.83,12021163,0
