<TICKER>,<PER>,<DATE>,<TIME>,<OPEN>,<HIGH>,<LOW>,<CLOSE>,<VOL>,<OPENINT>
PFSA.US,D,20250714,000000,166.5,180,135,151.5,23949.3999401265,0
PFSA.US,D,20250715,000000,131.25,133.5,101.25,107.25,21671.2266124886,0
PFSA.US,D,20250716,000000,105.75,111,78.75,93.75,18885.1599527871,0
PFSA.US,D,20250717,000000,90,95.25,80.25,83.25,13498.2132995878,0
PFSA.US,D,20250718,000000,83.25,103.5,79.5,82.5,29847.7465920473,0
PFSA.US,D,20250721,000000,95.25,99.75,63.7575,68.2125,100560.1464152663,0
PFSA.US,D,20250722,000000,64.5,65.5425,52.5225,57.18,12693.2399682669,0
PFSA.US,D,20250723,000000,56.2875,62.04,55.5825,60,6521.1599836971,0
PFSA.US,D,20250724,000000,59.9775,60.0075,52.5,53.475,6292.1733176029,0
PFSA.US,D,20250725,000000,55.485,56.9925,48.825,51.015,4241.4133227298,0
PFSA.US,D,20250728,000000,55.95,166.5,50.25,145.5,1706284.8624009546,0
PFSA.US,D,20250729,000000,84,90.7425,65.25,65.6925,111369.8130549088,0
PFSA.US,D,20250730,000000,59.205,61.1175,52.95,54,36492.4799087688,0
PFSA.US,D,20250731,000000,56.25,57,51.5175,52.5,18908.9199527277,0
PFSA.US,D,20250801,000000,48.825,48.9,38.25,44.0025,24149.9466062918,0
PFSA.US,D,20250804,000000,43.5,45.9525,40.6875,44.6325,7366.5466482503,0
PFSA.US,D,20250805,000000,43.95,45.75,38.655,39.72,9362.466643260499,0
PFSA.US,D,20250806,000000,38.5275,39.36,34.695,36.6525,8829.2533112602,0
PFSA.US,D,20250807,000000,36,36.5625,34.2075,35.25,4551.5733219544,0
PFSA.US,D,20250808,000000,37.4925,40.2675,34.5675,34.95,8864.1199778397,0
PFSA.US,D,20250811,000000,37.5,43.92,35.475,37.5,28649.1865950437,0
PFSA.US,D,20250812,000000,37.875,38.955,35.25,36.75,6185.3733178699,0
PFSA.US,D,20250813,000000,40.5525,47.475,36.8625,42,24842.5466045603,0
PFSA.US,D,20250814,000000,40.125,41.25,38.25,40.725,5681.9066524619,0
PFSA.US,D,20250815,000000,42.75,42.75,36,37.4475,4012.7866566346997,0
PFSA.US,D,20250818,000000,39.3,43.125,38.6588,42.225,9937.0399751574,0
PFSA.US,D,20250819,000000,40.5,42,37.62,38.85,4616.6133217917995,0
PFSA.US,D,20250820,000000,38.7675,40.4925,36,38.8725,3897.9066569219,0
PFSA.US,D,20250821,000000,38.94,39,34.725,34.95,6390.5599840236,0
PFSA.US,D,20250822,000000,35.25,39.75,35.25,37.5,8302.3066459109,0
PFSA.US,D,20250825,000000,36.585,37.3425,35.25,36.7425,207472.4394813189,0
PFSA.US,D,20250826,000000,49.935,51.9,29.76,32.2725,1333354.6099999468,0
PFSA.US,D,20250827,000000,35.985,35.985,29.745,30.675,52936.6798676583,0
PFSA.US,D,20250828,000000,29.625,32.25,28.785,30.765,21905.0799452373,0
PFSA.US,D,20250829,000000,30.3825,32.2425,30,30.75,9048.4933107121,0
PFSA.US,D,20250902,000000,30.33,30.75,27.7875,28.3425,13149.9866337917,0
PFSA.US,D,20250903,000000,28.5,29.925,26.925,26.925,7729.1066473439,0
PFSA.US,D,20250904,000000,26.7,26.7,23.3325,24.7875,11626.7333042665,0
PFSA.US,D,20250905,000000,24.045,24.75,22.6725,22.98,8727.9066448469,0
PFSA.US,D,20250908,000000,23.94,23.94,21.075,21.6,14531.2532970052,0
PFSA.US,D,20250909,000000,21,25.005,21,23.6475,15136.3199621592,0
PFSA.US,D,20250910,000000,23.25,23.925,19.875,19.875,16555.0932919456,0
PFSA.US,D,20250911,000000,40.9575,45,30.1875,34.59,3724951.404020955,0
PFSA.US,D,20250912,000000,31.485,34.17,27,29.5125,106093.2930681001,0
PFSA.US,D,20250915,000000,30.705,32.3625,28.125,28.125,47054.6265490301,0
PFSA.US,D,20250916,000000,28.5,29.25,25.545,25.965,25502.3199362442,0
PFSA.US,D,20250917,000000,25.5,25.8,23.175,24.1875,25590.826602689598,0
PFSA.US,D,20250918,000000,25.125,25.5,24.4725,25.5,13173.7733003989,0
PFSA.US,D,20250919,000000,26.4375,26.985,24.225,24.96,20741.999948145,0
PFSA.US,D,20250922,000000,24.4125,25.4999,23.85,24.4725,12660.1466350163,0
PFSA.US,D,20250923,000000,24.48,25.1325,24.39,24.6675,6733.6133164993,0
PFSA.US,D,20250924,000000,24.4875,24.735,23.3325,23.3325,9866.2266420011,0
PFSA.US,D,20250925,000000,23.61,23.6325,22.3576,22.6275,7326.1866483512,0
PFSA.US,D,20250926,000000,22.7625,23.2275,21.75,22.9875,10354.799974113,0
PFSA.US,D,20250929,000000,22.5,22.725,21.75,22.035,11403.8533048237,0
PFSA.US,D,20250930,000000,22.035,22.2899,21.6675,22.2675,7404.0933148231,0
PFSA.US,D,20251001,000000,22.485,24.54,22.485,23.13,29615.5065926279,0
PFSA.US,D,20251002,000000,23.9325,24.7275,23.1525,24.465,12394.533302347,0
PFSA.US,D,20251003,000000,24.75,24.8625,22.575,24.84,25995.9866016767,0
PFSA.US,D,20251006,000000,24.84,26.7,24.84,26.385,17192.5199570187,0
PFSA.US,D,20251007,000000,26.655,28.005,24.42,25.1325,43661.4132241798,0
PFSA.US,D,20251008,000000,24.75,28.8075,24.75,28.2975,39953.599900116,0
PFSA.US,D,20251009,000000,29.25,29.25,25.125,25.3725,22943.9332759735,0
PFSA.US,D,20251010,000000,25.875,26.2125,23.6175,24.6075,16509.6532920592,0
PFSA.US,D,20251013,000000,26.25,26.25,23.6175,24.075,13298.186633421199,0
PFSA.US,D,20251014,000000,23.3325,23.745,21.75,23.055,14014.9466316293,0
PFSA.US,D,20251015,000000,24,29.985,22.845,23.1675,113465.9063830019,0
PFSA.US,D,20251016,000000,23.175,24.075,21.765,23.1,26629.3866000932,0
PFSA.US,D,20251017,000000,21.75,23.0325,21.075,22.2975,19306.1732850679,0
PFSA.US,D,20251020,000000,23.6175,24.7125,21.9375,24.1425,21818.8399454529,0
PFSA.US,D,20251021,000000,24.1725,24.1725,22.6425,22.8525,67584.3464977058,0
PFSA.US,D,20251022,000000,22.455,22.5,19.4924,21,50640.4798733988,0
PFSA.US,D,20251023,000000,20.94,21.3525,20.3026,20.475,28895.3999277615,0
PFSA.US,D,20251024,000000,20.385,22.9725,20.385,21.75,62185.7731778689,0
PFSA.US,D,20251027,000000,22.125,22.74,21,22.2075,25463.1866030087,0
PFSA.US,D,20251028,000000,21.75,23.55,21.345,21.75,195170.8928454061,0
PFSA.US,D,20251029,000000,28.5225,30,20.46,21.465,2268560.4209952657,0
PFSA.US,D,20251030,000000,20.73,21.75,18.4125,19.35,485350.1721199579,0
PFSA.US,D,20251031,000000,19.38,19.6275,16.335,17.94,138250.1729877079,0
PFSA.US,D,20251103,000000,16.755,17.25,8.69325,14.265,107220.9863986142,0
PFSA.US,D,20251104,000000,14.6925,16.575,14.265,15.4275,210296.6928075916,0
PFSA.US,D,20251105,000000,17.025,17.22,13.8825,14.115,193265.69285016909,0
PFSA.US,D,20251106,000000,14.5725,14.625,13.17,14.055,59956.9198501077,0
PFSA.US,D,20251107,000000,13.74,14.2499,12.975,13.6425,35462.0932446781,0
PFSA.US,D,20251110,000000,13.9125,15,13.8525,14.1,35918.0132435383,0
PFSA.US,D,20251111,000000,14.1,14.295,13.5375,13.9575,41828.5198954287,0
PFSA.US,D,20251112,000000,14.04,15.9375,13.7625,15.225,139064.9996523375,0
PFSA.US,D,20251113,000000,14.925,15.15,14.025,14.625,82559.6797936008,0
PFSA.US,D,20251114,000000,14.325,15.3975,14.1225,14.565,81717.9331290385,0
PFSA.US,D,20251117,000000,14.4,14.7,12.45,13.1325,38728.799903178,0
PFSA.US,D,20251118,000000,12.915,14.0925,12.45,13.4775,21947.0532784657,0
PFSA.US,D,20251119,000000,13.5,13.7325,12.63,12.675,32154.2265862811,0
PFSA.US,D,20251120,000000,11.6925,11.985,9.915,10.1925,97357.5597566061,0
PFSA.US,D,20251121,000000,10.2,10.8375,9.8325,10.38,31590.7865876897,0
PFSA.US,D,20251124,000000,10.755,11.715,10.2075,11.25,165379.7595865506,0
PFSA.US,D,20251125,000000,11.4,11.895,10.875,11.4075,54206.5731978169,0
PFSA.US,D,20251126,000000,11.0625,13.125,11.0625,12,132392.2396690194,0
PFSA.US,D,20251128,000000,11.9325,13.275,11.25,12.6975,71387.7464881973,0
PFSA.US,D,20251201,000000,13.125,13.125,11.5425,11.94,85667.2931191651,0
PFSA.US,D,20251202,000000,12.2625,13.2,11.67,13.125,127366.9063482494,0
PFSA.US,D,20251203,000000,13.275,14.55,12.1875,14.265,214808.9994629775,0
PFSA.US,D,20251204,000000,14.0475,15.165,13.05,13.6125,408360.9856457642,0
PFSA.US,D,20251205,000000,12.945,13.725,12.945,13.275,81869.95979532509,0
PFSA.US,D,20251208,000000,12.75,14.9925,12,14.88,242298.66606092,0
PFSA.US,D,20251209,000000,14.88,15.0975,13.2,13.845,177317.8795567053,0
PFSA.US,D,20251210,000000,13.4475,13.95,12.9,13.125,84335.6664558275,0
PFSA.US,D,20251211,000000,13.5,14.25,13.1625,13.2,85185.9331203685,0
PFSA.US,D,20251212,000000,12.75,13.05,11.325,11.4375,126985.466349203,0
PFSA.US,D,20251215,000000,11.7825,11.82,8.8575,9.165,406336.5589841586,0
PFSA.US,D,20251216,000000,8.0025,9.12,7.125,8.4075,136234.5863260802,0
PFSA.US,D,20251217,000000,7.995,8.4075,7.665,8.0475,103241.9197418952,0
PFSA.US,D,20251218,000000,7.98,8.80875,7.9575,8.445,69528.6398261784,0
PFSA.US,D,20251219,000000,8.4225,8.925,7.95,8.8125,46657.066550024,0
PFSA.US,D,20251222,000000,8.0475,8.1,6.15,6.525,251470.4927046571,0
PFSA.US,D,20251223,000000,5.8875,6.375,5.445,5.775,164899.3195877517,0
PFSA.US,D,20251224,000000,5.625,6.45,5.5725,5.97,76607.53314181449,0
PFSA.US,D,20251226,000000,5.7,6,5.3625,5.385,72358.4531524372,0
PFSA.US,D,20251229,000000,5.3625,5.3625,4.8825,5.1225,104884.6397377884,0
PFSA.US,D,20251230,000000,10.0275,12.7125,8.07,9.135,11106868.238899495,0
PFSA.US,D,20251231,000000,8.385,8.8125,6.8025,7.86,763054.4247590306,0
PFSA.US,D,20260102,000000,7.56,7.56,6.45,7.5,278805.8526363187,0
PFSA.US,D,20260105,000000,7.3875,7.3875,6.15,6.36,231995.8127533438,0
PFSA.US,D,20260106,000000,6.075,8.04,6.0375,7.575,364240.73242273147,0
PFSA.US,D,20260107,000000,6.78,8.205,6.78,7.3425,145445.4796363863,0
PFSA.US,D,20260108,000000,7.4475,7.5525,6.96,7.35,55610.9998609725,0
PFSA.US,D,20260109,000000,7.5,7.7475,6.78,7.065,87985.54644670279,0
PFSA.US,D,20260112,000000,6.9,6.9675,6.45,6.6375,57903.1865219087,0
PFSA.US,D,20260113,000000,6.87,6.87,6,6.18,86973.7864492322,0
PFSA.US,D,20260114,000000,6.75,7.6425,6.18,6.765,425488.9456029443,0
PFSA.US,D,20260115,000000,6.66,7.62,6.5775,7.3875,123815.34635712829,0
PFSA.US,D,20260116,000000,9.75,9.8475,6.63758,7.6875,2013031.8749674202,0
PFSA.US,D,20260120,000000,7.1175,7.56,6.825,7.1325,101850.9597453726,0
PFSA.US,D,20260121,000000,7.1325,9.075,7.005,8.595,285146.0659538015,0
PFSA.US,D,20260122,000000,8.49,8.655,7.725,8.655,120498.3863654207,0
PFSA.US,D,20260123,000000,8.52,9.075,7.6875,8.55,91156.5597721086,0
PFSA.US,D,20260126,000000,8.1825,8.22,7.005,7.3125,82955.7731259439,0
PFSA.US,D,20260127,000000,7.8,7.995,7.2075,7.83,68021.599829946,0
PFSA.US,D,20260128,000000,7.8825,7.98,7.2,7.2075,49653.2932092001,0
PFSA.US,D,20260129,000000,7.125,7.245,6.1425,6.96,151715.9729540434,0
PFSA.US,D,20260130,000000,7.29,7.35375,6.765,6.9525,38970.8932359061,0
PFSA.US,D,20260202,000000,7.3275,7.3275,6.5625,6.6825,49365.3465432533,0
PFSA.US,D,20260203,000000,6,7.125,6,6.8625,42973.6398925659,0
PFSA.US,D,20260204,000000,7.05,7.05,6,6.4575,68499.9064954169,0
PFSA.US,D,20260205,000000,4.5,4.8675,3.9225,4.11,201616.9194959577,0
PFSA.US,D,20260206,000000,3.9225,4.5,3.8775,4.3725,74080.6398147984,0
PFSA.US,D,20260209,000000,4.14,4.215,2.9,3.16,468912,0
PFSA.US,D,20260210,000000,3.21,3.2294,2.9,3,361997,0
PFSA.US,D,20260211,000000,3.01,3.22,2.85,2.94,238673,0
PFSA.US,D,20260212,000000,2.83,3.0799,2.8,3.02,498951,0
PFSA.US,D,20260213,000000,2.76,2.8999,1.88,2.01,566108,0
PFSA.US,D,20260217,000000,1.94,1.9599,1.8,1.88,94196,0
PFSA.US,D,20260218,000000,1.86,1.88,1.71,1.77,149860,0
PFSA.US,D,20260219,000000,1.77,1.77,1.5,1.69,704759,0
PFSA.US,D,20260220,000000,1.67,1.78,1.37,1.44,229419,0
PFSA.US,D,20260223,000000,1.43,1.44,1.1201,1.27,144636,0
PFSA.US,D,20260224,000000,1.33,1.35,1.17,1.1999,139300,0
PFSA.US,D,20260225,000000,1.21,1.3499,1.1605,1.32,130700,0
PFSA.US,D,20260226,000000,1.35,1.35,1.0599,1.22,12455512,0
PFSA.US,D,20260227,000000,1.24,1.2415,1.03,1.0499,1083189,0
PFSA.US,D,20260302,000000,0.87,0.9824,0.8485,0.977,510896,0
PFSA.US,D,20260303,000000,0.923,1.04,0.8881,0.9801,215819,0
PFSA.US,D,20260304,000000,0.9705,1.03,0.9493,1,156481,0
PFSA.US,D,20260305,000000,0.98,1.03,0.97,1,124485,0
PFSA.US,D,20260306,000000,0.956,0.956,0.85865,0.8902,128718,0
PFSA.US,D,20260309,000000,0.9,0.9075,0.85,0.885,52555,0
PFSA.US,D,20260310,000000,0.9028,0.9099,0.82,0.8501,88053,0
PFSA.US,D,20260311,000000,0.86,0.94,0.85,0.9276,89133,0
PFSA.US,D,20260312,000000,0.9137,0.9395,0.886,0.9395,50796,0
PFSA.US,D,20260313,000000,0.85,0.9393,0.8204,0.917,228231,0
PFSA.US,D,20260316,000000,0.9,0.9,0.8208,0.8785,155466,0
PFSA.US,D,20260317,000000,0.885,0.93,0.8301,0.8301,106439,0
PFSA.US,D,20260318,000000,0.8505,0.8698,0.6803,0.76,156979,0
PFSA.US,D,20260319,000000,0.7251,0.76,0.4101,0.5101,309641,0
PFSA.US,D,20260320,000000,0.5,0.54,0.487,0.527,149341,0
PFSA.US,D,20260323,000000,0.527,0.535,0.473,0.535,61395,0
PFSA.US,D,20260324,000000,0.535,0.535,0.5,0.532,39476,0
PFSA.US,D,20260325,000000,0.5376,0.5376,0.51,0.536,22841,0
PFSA.US,D,20260326,000000,0.5189,0.53,0.5101,0.5295,26543,0
PFSA.US,D,20260327,000000,0.5257,0.535,0.4378,0.4746,88800,0
PFSA.US,D,20260330,000000,0.4855,0.5543,0.4375,0.5241,76250,0
PFSA.US,D,20260331,000000,0.52,0.53,0.4902,0.507,73525,0
PFSA.US,D,20260401,000000,0.5377,0.579,0.5359,0.5787,81518,0
PFSA.US,D,20260402,000000,0.589,0.8998,0.5701,0.758,11313519,0
PFSA.US,D,20260406,000000,1.92,2.25,1.72,1.85,240962418,0
PFSA.US,D,20260407,000000,1.45,1.46,1,1.25,8751645,0
PFSA.US,D,20260408,000000,1.25,1.33,1.03,1.22,1873228,0
PFSA.US,D,20260409,000000,1.14,1.3,1.03,1.05,1350813,0
PFSA.US,D,20260410,000000,1.03,1.08,0.84,0.865,901177,0
PFSA.US,D,20260413,000000,0.83,0.846,0.65,0.7252,891019,0
PFSA.US,D,20260414,000000,0.7093,0.7201,0.68,0.6949,311826,0
PFSA.US,D,20260415,000000,0.7,0.71,0.63,0.663,344503,0
PFSA.US,D,20260416,000000,0.6791,0.6791,0.62,0.6468,397987,0
PFSA.US,D,20260417,000000,0.65,0.6979,0.65,0.692,315014,0
PFSA.US,D,20260420,000000,0.6991,0.6991,0.6401,0.655,231272,0
PFSA.US,D,20260421,000000,0.6357,0.64,0.587,0.6197,283091,0
PFSA.US,D,20260422,000000,0.6389,0.6389,0.6117,0.635,110149,0
PFSA.US,D,20260423,000000,0.62,0.6223,0.5956,0.5956,186722,0
PFSA.US,D,20260424,000000,0.61,0.618,0.56,0.577,460752,0
PFSA.US,D,20260427,000000,0.577,0.6005,0.490001,0.5131,551964,0
PFSA.US,D,20260428,000000,0.5183,0.6476,0.4624,0.5553,24196056,0
PFSA.US,D,20260429,000000,0.5371,0.5898,0.525,0.5414,942605,0
PFSA.US,D,20260430,000000,0.53,0.6226,0.52,0.596,790486,0
PFSA.US,D,20260501,000000,0.5988,0.5988,0.55,0.5615,284097,0
PFSA.US,D,20260504,000000,0.5503,0.592,0.5417,0.557,289211,0
PFSA.US,D,20260505,000000,0.534,0.5495,0.5151,0.52,401663,0
PFSA.US,D,20260506,000000,0.5113,0.5235,0.4357,0.4863,429681,0
PFSA.US,D,20260507,000000,0.4817,0.4999,0.4801,0.49,128356,0
PFSA.US,D,20260508,000000,0.5,0.5158,0.474451,0.5158,279845,0
PFSA.US,D,20260511,000000,0.5055,0.5156,0.4702,0.4795,195369,0
PFSA.US,D,20260512,000000,0.47,0.4752,0.444,0.4455,247068,0
PFSA.US,D,20260513,000000,0.4481,0.4664,0.4232,0.43,190755,0
PFSA.US,D,20260514,000000,0.4282,0.4338,0.4034,0.4295,155518,0
PFSA.US,D,20260515,000000,0.4288,0.4556,0.4166,0.4452,133581,0
PFSA.US,D,20260518,000000,0.443,0.4481,0.42,0.4364,75609,0
PFSA.US,D,20260519,000000,0.422,0.4325,0.3925,0.4045,139616,0
PFSA.US,D,20260520,000000,0.4,0.4158,0.3971,0.4084,409110,0
PFSA.US,D,20260521,000000,0.4098,0.4198,0.3613,0.3701,349353,0
PFSA.US,D,20260522,000000,0.3895,0.3895,0.37,0.3762,123072,0
PFSA.US,D,20260526,000000,0.3876,0.3876,0.3676,0.3676,147297,0
PFSA.US,D,20260527,000000,0.3724,0.3808,0.3551,0.3705,132064,0
PFSA.US,D,20260528,000000,0.371,0.39,0.3431,0.3598,627283,0
PFSA.US,D,20260529,000000,0.36,0.365,0.345,0.3544,190470,0
PFSA.US,D,20260601,000000,0.365,0.365,0.3313,0.3424,200012,0
PFSA.US,D,20260602,000000,0.356,0.356,0.3148,0.3239,189540,0
PFSA.US,D,20260603,000000,0.339,0.339,0.3151,0.3166,185284,0
PFSA.US,D,20260604,000000,0.3253,0.3271,0.2856,0.291,206967,0
PFSA.US,D,20260605,000000,0.2874,0.2999,0.2626,0.2683,277603,0
PFSA.US,D,20260608,000000,0.28,0.295,0.2626,0.295,346001,0
PFSA.US,D,20260609,000000,0.275,0.29,0.263,0.2754,288694,0
PFSA.US,D,20260610,000000,0.2671,0.2719,0.24775,0.2487,325287,0
PFSA.US,D,20260611,000000,0.257,0.2839,0.251,0.2723,953778,0
PFSA.US,D,20260612,000000,0.2533,0.2699,0.2159,0.2242,1034078,0
PFSA.US,D,20260615,000000,0.2465,0.2465,0.2301,0.2363,527363,0
PFSA.US,D,20260616,000000,0.2329,0.244,0.2131,0.22,694688,0
PFSA.US,D,20260617,000000,0.22,0.264,0.22,0.2542,23175892,0
PFSA.US,D,20260618,000000,0.1839,0.1979,0.1706,0.1809,15128813,0
PFSA.US,D,20260622,000000,0.16495,0.16495,0.1515,0.1624,2376406,0
PFSA.US,D,20260623,000000,0.1574,0.1761,0.1288,0.144,3697864,0
PFSA.US,D,20260624,000000,0.1173,0.1381,0.1122,0.12605,89897821,0
