<TICKER>,<PER>,<DATE>,<TIME>,<OPEN>,<HIGH>,<LOW>,<CLOSE>,<VOL>,<OPENINT>
PURR.US,D,20251204,000000,3.99,4,3.4,3.6,2108592,0
PURR.US,D,20251205,000000,3.75,3.75,3.445,3.68,1289417,0
PURR.US,D,20251208,000000,3.75,3.905,3.42,3.7,1411317,0
PURR.US,D,20251209,000000,3.7,4.08,3.33,3.86,2409260,0
PURR.US,D,20251210,000000,3.92,3.97,3.67,3.76,1147861,0
PURR.US,D,20251211,000000,3.72,3.8,3.41,3.42,1608396,0
PURR.US,D,20251212,000000,3.48,3.6,3.21,3.5,1983815,0
PURR.US,D,20251215,000000,3.46,3.5612,3.17,3.23,1522518,0
PURR.US,D,20251216,000000,3.19,3.615,3.1865,3.47,1582582,0
PURR.US,D,20251217,000000,3.54,3.54,3.25,3.41,896816,0
PURR.US,D,20251218,000000,3.41,3.6,3.15,3.18,1380881,0
PURR.US,D,20251219,000000,3.25,3.44,3.17,3.41,1000317,0
PURR.US,D,20251222,000000,3.47,3.47,3.29,3.37,559909,0
PURR.US,D,20251223,000000,3.36,3.46,3.2592,3.32,584746,0
PURR.US,D,20251224,000000,3.35,3.35,3.16,3.21,519421,0
PURR.US,D,20251226,000000,3.29,3.31,3.2,3.26,780314,0
PURR.US,D,20251229,000000,3.26,3.43,3.01,3.1,1579687,0
PURR.US,D,20251230,000000,3.15,3.4636,3.06,3.37,1256878,0
PURR.US,D,20251231,000000,3.47,3.59,3.32,3.56,1095769,0
PURR.US,D,20260102,000000,3.53,3.58,3.29,3.44,664676,0
PURR.US,D,20260105,000000,3.62,3.76,3.37,3.44,2076703,0
PURR.US,D,20260106,000000,3.38,3.8,3.35,3.72,1700268,0
PURR.US,D,20260107,000000,3.74,3.8,3.525,3.76,1450635,0
PURR.US,D,20260108,000000,3.75,3.85,3.46,3.58,965684,0
PURR.US,D,20260109,000000,3.53,3.71,3.48,3.55,621105,0
PURR.US,D,20260112,000000,3.49,3.65,3.28,3.45,1318709,0
PURR.US,D,20260113,000000,3.45,3.755,3.36,3.75,2603530,0
PURR.US,D,20260114,000000,3.75,3.9,3.66,3.74,2209425,0
PURR.US,D,20260115,000000,3.85,3.85,3.59,3.65,1237529,0
PURR.US,D,20260116,000000,3.75,3.83,3.55,3.71,1651353,0
PURR.US,D,20260120,000000,3.63,3.68,3.4,3.48,2443751,0
PURR.US,D,20260121,000000,3.48,3.535,3.24,3.36,1130148,0
PURR.US,D,20260122,000000,3.38,3.525,3.3701,3.4,495060,0
PURR.US,D,20260123,000000,3.41,3.65,3.26,3.51,1943707,0
PURR.US,D,20260126,000000,3.51,3.79,3.31,3.74,3534839,0
PURR.US,D,20260127,000000,4.05,4.63,4.05,4.35,8002161,0
PURR.US,D,20260128,000000,5.01,5.12,4.32,4.65,5834948,0
PURR.US,D,20260129,000000,4.77,5.1,4.19,4.37,4806368,0
PURR.US,D,20260130,000000,4.21,4.715,3.98,4.54,4623785,0
PURR.US,D,20260202,000000,4.6,5.36,4.5615,5.35,6907226,0
PURR.US,D,20260203,000000,5.73,5.78,4.92,5.15,9211500,0
PURR.US,D,20260204,000000,5.09,5.15,4.642,5.14,5669249,0
PURR.US,D,20260205,000000,4.88,5,4.32,4.67,5312851,0
PURR.US,D,20260206,000000,5.01,5.05,4.65,4.93,4091825,0
PURR.US,D,20260209,000000,4.78,5.12,4.48,4.89,3175728,0
PURR.US,D,20260210,000000,4.71,4.985,4.52,4.63,2770627,0
PURR.US,D,20260211,000000,4.62,4.63,4.15,4.54,2772144,0
PURR.US,D,20260212,000000,4.67,4.9,4.125,4.26,3599132,0
PURR.US,D,20260213,000000,4.3,4.73,4.2079,4.32,2771545,0
PURR.US,D,20260217,000000,4.22,4.37,3.99,4.22,2041540,0
PURR.US,D,20260218,000000,4.07,4.4305,3.94,4.08,2957835,0
PURR.US,D,20260219,000000,4.01,4.075,3.91,4.02,2482006,0
PURR.US,D,20260220,000000,3.975,4.3,3.92,4.29,2679210,0
PURR.US,D,20260223,000000,4.01,4.07,3.665,3.78,3338200,0
PURR.US,D,20260224,000000,3.72,3.99,3.72,3.95,1674300,0
PURR.US,D,20260225,000000,4.07,4.32,4.02,4.13,2296100,0
PURR.US,D,20260226,000000,4.15,4.35,4.109,4.24,1943474,0
PURR.US,D,20260227,000000,4.09,4.39,4.06,4.08,1936924,0
PURR.US,D,20260302,000000,4.28,5.03,4.28,4.855,7101454,0
PURR.US,D,20260303,000000,4.59,4.82,4.34,4.65,3418593,0
PURR.US,D,20260304,000000,5.05,5.48,4.92,5.05,7371673,0
PURR.US,D,20260305,000000,5,5.26,4.74,4.855,4314182,0
PURR.US,D,20260306,000000,4.66,4.8,4.25,4.33,3770125,0
PURR.US,D,20260309,000000,4.42,5.41,4.4035,5.31,8184787,0
PURR.US,D,20260310,000000,5.4,5.49,5.23,5.3,3597269,0
PURR.US,D,20260311,000000,5.475,6.27,5.475,5.84,10405333,0
PURR.US,D,20260312,000000,6.07,6.151,5.3,5.38,7154693,0
PURR.US,D,20260313,000000,5.49,5.7199,5.24,5.32,4535454,0
PURR.US,D,20260316,000000,5.91,6.24,5.77,5.93,6438202,0
PURR.US,D,20260317,000000,6.25,6.49,5.8603,6.05,6115359,0
PURR.US,D,20260318,000000,5.85,6.63,5.85,6.38,8456307,0
PURR.US,D,20260319,000000,5.77,6.07,5.57,5.85,7078428,0
PURR.US,D,20260320,000000,5.89,5.91,5.1201,5.2,18423063,0
PURR.US,D,20260323,000000,5.2,5.39,4.94,5.29,5725732,0
PURR.US,D,20260324,000000,5.325,5.48,4.98,5.29,5863530,0
PURR.US,D,20260325,000000,5.5,5.72,5.125,5.27,3947339,0
PURR.US,D,20260326,000000,5.25,5.505,4.84,4.88,5699534,0
PURR.US,D,20260327,000000,4.725,5.03,4.652,4.95,4013999,0
PURR.US,D,20260330,000000,5.18,5.18,4.68,4.92,4230639,0
PURR.US,D,20260331,000000,4.86,5.2,4.81,5.09,3477801,0
PURR.US,D,20260401,000000,5.2,5.35,5.1,5.13,3774933,0
PURR.US,D,20260402,000000,4.94,5.11,4.82,4.95,3666867,0
PURR.US,D,20260406,000000,5.05,5.375,4.96,5.05,4111884,0
PURR.US,D,20260407,000000,4.94,4.94,4.505,4.89,5140680,0
PURR.US,D,20260408,000000,5.24,5.47,5.12,5.37,7048120,0
PURR.US,D,20260409,000000,5.26,5.705,5.18,5.63,4462236,0
PURR.US,D,20260410,000000,5.95,6.2,5.88,6.01,4480159,0
PURR.US,D,20260413,000000,5.98,6.53,5.96,6.5,6992908,0
PURR.US,D,20260414,000000,6.84,6.88,6.2,6.25,7664727,0
PURR.US,D,20260415,000000,6.35,6.645,6.35,6.51,5563522,0
PURR.US,D,20260416,000000,6.63,6.64,6.1603,6.45,3943663,0
PURR.US,D,20260417,000000,6.57,6.68,6.29,6.41,6493817,0
PURR.US,D,20260420,000000,6.12,6.28,5.935,6.17,4506024,0
PURR.US,D,20260421,000000,6.16,6.32,5.54,5.64,5557341,0
PURR.US,D,20260422,000000,6.01,6.275,5.98,6.14,5091571,0
PURR.US,D,20260423,000000,6.04,6.23,5.8501,5.97,2568075,0
PURR.US,D,20260424,000000,6.14,6.22,5.932,6,2942660,0
PURR.US,D,20260427,000000,6.05,6.48,6.04,6.25,5032795,0
PURR.US,D,20260428,000000,6.01,6.07,5.83,5.91,3229381,0
PURR.US,D,20260429,000000,5.93,6.04,5.72,5.83,2574320,0
PURR.US,D,20260430,000000,5.95,6.11,5.71,6.02,16774865,0
PURR.US,D,20260501,000000,6.05,6.4,6.01,6.27,4646182,0
PURR.US,D,20260504,000000,6.45,6.61,6.05,6.38,8053723,0
PURR.US,D,20260505,000000,6.65,6.87,6.48,6.68,9104891,0
PURR.US,D,20260506,000000,6.75,6.935,6.675,6.92,6441805,0
PURR.US,D,20260507,000000,6.83,7.09,6.435,6.55,7944697,0
PURR.US,D,20260508,000000,6.65,7.081,6.47,6.71,6676069,0
PURR.US,D,20260511,000000,6.7,6.85,6.24,6.53,7126597,0
PURR.US,D,20260512,000000,6.38,6.405,6.03,6.25,5658340,0
PURR.US,D,20260513,000000,6.09,6.3,5.955,6.07,5395290,0
PURR.US,D,20260514,000000,6.3,7.37,6.3,7.14,17928510,0
PURR.US,D,20260515,000000,6.78,7.2199,6.54,6.99,10876841,0
PURR.US,D,20260518,000000,7.03,7.13,6.715,6.93,9926299,0
PURR.US,D,20260519,000000,7.41,7.94,7.2,7.79,28337797,0
PURR.US,D,20260520,000000,8.03,8.6097,7.77,8.12,22242793,0
PURR.US,D,20260521,000000,8.53,8.785,8.155,8.48,24188033,0
PURR.US,D,20260522,000000,8.65,8.76,7.375,7.67,22015327,0
PURR.US,D,20260526,000000,8.37,9.13,8.35,8.45,18891095,0
PURR.US,D,20260527,000000,8.56,8.645,8.25,8.36,13651071,0
PURR.US,D,20260528,000000,7.93,8.77,7.71,8.54,10766934,0
PURR.US,D,20260529,000000,8.58,10.235,8.47,9.99,31180262,0
PURR.US,D,20260601,000000,11.62,11.62,10.38,10.87,41643546,0
PURR.US,D,20260602,000000,10.86,11.29,10.27,10.97,28248756,0
PURR.US,D,20260603,000000,11.08,11.12,10.1,10.37,20605425,0
PURR.US,D,20260604,000000,9.83,10,9.36,9.49,34141113,0
PURR.US,D,20260605,000000,8.96,9.03,8.15,8.53,22626653,0
PURR.US,D,20260608,000000,9.03,9.33,8.7403,8.92,15887967,0
PURR.US,D,20260609,000000,8.55,8.69,7.79,8.25,15557886,0
PURR.US,D,20260610,000000,7.9,8.17,7.54,7.57,10245197,0
PURR.US,D,20260611,000000,7.72,8.61,7.65,8.49,14204542,0
PURR.US,D,20260612,000000,8.58,9.14,8.46,8.7,16088311,0
PURR.US,D,20260615,000000,9.565,9.66,9.185,9.34,14466249,0
PURR.US,D,20260616,000000,10.332,10.98,9.87,10.04,26484566,0
PURR.US,D,20260617,000000,9.92,10.44,9.705,9.81,18959400,0
PURR.US,D,20260618,000000,9.95,10,8.855,9.28,25381038,0
PURR.US,D,20260622,000000,9.22,9.51,9.06,9.2,9832561,0
PURR.US,D,20260623,000000,8.6,8.855,8.14,8.14,16249456,0
PURR.US,D,20260624,000000,8,8.02,7.72,7.9299,12075949,0
