<TICKER>,<PER>,<DATE>,<TIME>,<OPEN>,<HIGH>,<LOW>,<CLOSE>,<VOL>,<OPENINT>
RCAX.US,D,20260203,000000,21,22.31,20.334,21.7895,17950,0
RCAX.US,D,20260204,000000,22.3,22.3,14,16.794,86009,0
RCAX.US,D,20260205,000000,15,15,12.17,13.1324,50076,0
RCAX.US,D,20260206,000000,14.8586,16.61,13.19,16.3806,79474,0
RCAX.US,D,20260209,000000,16.35,20.45,16.3,19.2088,49335,0
RCAX.US,D,20260210,000000,18.33,18.505,15.39,16.0379,41032,0
RCAX.US,D,20260211,000000,15.91,15.91,13.27,14.5234,51990,0
RCAX.US,D,20260212,000000,13.8101,14.4,12.6803,12.6803,18040,0
RCAX.US,D,20260213,000000,13,13.74,12.4926,12.8838,14774,0
RCAX.US,D,20260217,000000,12.6,13.49,11.655,12.9159,10091,0
RCAX.US,D,20260218,000000,14.015,16,14.015,14.5693,37996,0
RCAX.US,D,20260219,000000,14.5,17.9,14.5,16.3347,172840,0
RCAX.US,D,20260220,000000,15.54,18.7,14.802,15.2915,177037,0
RCAX.US,D,20260223,000000,14,16.51,13.77,16.0832,85800,0
RCAX.US,D,20260224,000000,15.5,17.1,14.85,16.33,45108,0
RCAX.US,D,20260225,000000,16.36,17.29,15.1835,15.1835,44220,0
RCAX.US,D,20260226,000000,14.92,16.63,14.39,16.5431,53642,0
RCAX.US,D,20260227,000000,15.53,15.53,12.13,13.1674,75427,0
RCAX.US,D,20260302,000000,15.49,21.4753,15.49,17.633,707078,0
RCAX.US,D,20260303,000000,19.9,23.82,18.341,20.284,776833,0
RCAX.US,D,20260304,000000,21.01,23.22,17.02,20.3601,383443,0
RCAX.US,D,20260305,000000,20.04,22.88,18.3,21.4,371382,0
RCAX.US,D,20260306,000000,20.05,31.62,20.05,22,581532,0
RCAX.US,D,20260309,000000,24.44,24.44,17.27,18.37,545364,0
RCAX.US,D,20260310,000000,18.03,22.395,16.9,19.86,418718,0
RCAX.US,D,20260311,000000,20.01,24.5,19.505,23.8977,343341,0
RCAX.US,D,20260312,000000,24.89,26.47,22.64,23.9756,300851,0
RCAX.US,D,20260313,000000,25.54,26.73,21.94,22.96,220306,0
RCAX.US,D,20260316,000000,23.39,24.682,21.25,21.95,207800,0
RCAX.US,D,20260317,000000,21.4,26.1199,21.29,26.09,238700,0
RCAX.US,D,20260318,000000,26.64,30.66,24.4,26.282,346587,0
RCAX.US,D,20260319,000000,24.13,24.18,16.74,20.35,575907,0
RCAX.US,D,20260320,000000,19.95,20.1071,14.56,15.32,459018,0
RCAX.US,D,20260323,000000,15.79,20.75,15.06,19.66,461992,0
RCAX.US,D,20260324,000000,19.46,24.02,19.03,21.9756,554477,0
RCAX.US,D,20260325,000000,22.46,24.29,19.44,21.39,433163,0
RCAX.US,D,20260326,000000,20.95,20.95,16.08,16.3736,342653,0
RCAX.US,D,20260327,000000,16.45,16.45,13.06,13.26,403111,0
RCAX.US,D,20260330,000000,14.6,14.6,10.12,10.8852,385856,0
RCAX.US,D,20260331,000000,11.69,14.1193,11.31,13.7,491096,0
RCAX.US,D,20260401,000000,14.22,14.4488,11.5,11.84,439163,0
RCAX.US,D,20260402,000000,10.995,13.58,10.84,13.2194,469845,0
RCAX.US,D,20260406,000000,13,15.189,12.84,13.4548,352998,0
RCAX.US,D,20260407,000000,13.11,13.999,11.255,11.4426,458188,0
RCAX.US,D,20260408,000000,13.26,14.38,12.34,13.2074,480849,0
RCAX.US,D,20260409,000000,12.85,13.38,10.68,11,366034,0
RCAX.US,D,20260410,000000,11.28,11.925,11,11.79,172858,0
RCAX.US,D,20260413,000000,11.37,13.05,11.1501,12.76,301131,0
RCAX.US,D,20260414,000000,13.68,13.95,11.85,12.2252,227697,0
RCAX.US,D,20260415,000000,12.53,13,11.7,13,187073,0
RCAX.US,D,20260416,000000,13.53,14.5,12.6301,14.3,308623,0
RCAX.US,D,20260417,000000,14.71,15.15,11.4,12.23,437153,0
RCAX.US,D,20260420,000000,12.32,12.81,11.64,11.9617,345127,0
RCAX.US,D,20260421,000000,12.3,13.9899,11.72,11.94,617666,0
RCAX.US,D,20260422,000000,12.71,14.7,12.71,13.67,544917,0
RCAX.US,D,20260423,000000,13.11,13.2,11.01,11.69,394466,0
RCAX.US,D,20260424,000000,11.7,11.82,10.225,10.29,316108,0
RCAX.US,D,20260427,000000,10,10.3499,9.41,10.1,207409,0
RCAX.US,D,20260428,000000,9.72,9.985,9.09,9.4158,139612,0
RCAX.US,D,20260429,000000,9.47,9.47,8.18,9.0003,165485,0
RCAX.US,D,20260430,000000,9.38,10.04,9.31,10.01,178311,0
RCAX.US,D,20260501,000000,9.84,9.85,9.05,9.22,207769,0
RCAX.US,D,20260504,000000,8.97,9.217,8.55,8.81,136741,0
RCAX.US,D,20260505,000000,8.85,8.85,7.315,7.87,261064,0
RCAX.US,D,20260506,000000,7.8,8.4,7.48,8.15,170974,0
RCAX.US,D,20260507,000000,7.74,7.9088,7.43,7.7278,198651,0
RCAX.US,D,20260508,000000,7.9,7.9697,6.95,7.6835,177563,0
RCAX.US,D,20260511,000000,7.41,9.6447,7.155,9.0146,318518,0
RCAX.US,D,20260512,000000,8.9,9.385,8.06,8.6538,246423,0
RCAX.US,D,20260513,000000,6.2,6.5,5.65,6.08,896781,0
RCAX.US,D,20260514,000000,6.34,6.75,5.96,6.53,550678,0
RCAX.US,D,20260515,000000,6.12,6.43,5.825,6.1988,252076,0
RCAX.US,D,20260518,000000,6,6.34,5.23,5.45,303142,0
RCAX.US,D,20260519,000000,5.27,5.27,4.75,4.9159,253048,0
RCAX.US,D,20260520,000000,5.4389,5.51,4.965,5.41,177232,0
RCAX.US,D,20260521,000000,5.3,5.59,5.06,5.5304,278349,0
RCAX.US,D,20260522,000000,5.6936,6.14,5.6936,5.9392,305257,0
RCAX.US,D,20260526,000000,6.31,6.675,6.11,6.38,400136,0
RCAX.US,D,20260527,000000,6.98,7.75,6.5,7.55,741046,0
RCAX.US,D,20260528,000000,10,13.7499,9.4,12.48,4672250,0
RCAX.US,D,20260529,000000,11.33,13.35,9.3,13.01,1793749,0
RCAX.US,D,20260601,000000,12.61,15.3,12.5,13.54,1103406,0
RCAX.US,D,20260602,000000,14.18,15.1,13.66,13.78,904566,0
RCAX.US,D,20260603,000000,12.54,13.33,11.12,11.64,557329,0
RCAX.US,D,20260604,000000,11.35,14.05,10.85,13.2,842708,0
RCAX.US,D,20260605,000000,12.15,12.59,8.8175,9.5,952101,0
RCAX.US,D,20260608,000000,10.34,10.4499,8.91,9.11,493073,0
RCAX.US,D,20260609,000000,8.86,9.37,6.75,7.7,609047,0
RCAX.US,D,20260610,000000,7.65,8.195,6.9,6.94,230960,0
RCAX.US,D,20260611,000000,6.91,8.36,6.91,8.29,1145167,0
RCAX.US,D,20260612,000000,8.31,8.3868,6.62,7.17,1178267,0
RCAX.US,D,20260615,000000,7.83,8.5,7.625,8.078,782944,0
RCAX.US,D,20260616,000000,7.855,8.145,6.6491,6.7,1082093,0
RCAX.US,D,20260617,000000,6.64,7.64,6.29,7.03,786921,0
RCAX.US,D,20260618,000000,7.18,7.46,6.41,7.3,1369823,0
RCAX.US,D,20260622,000000,7.03,7.03,6.0616,6.25,746934,0
RCAX.US,D,20260623,000000,5.67,6.3,5.63,5.73,540006,0
RCAX.US,D,20260624,000000,4.75,4.75,4.66,4.75,1156390,0
