<TICKER>,<PER>,<DATE>,<TIME>,<OPEN>,<HIGH>,<LOW>,<CLOSE>,<VOL>,<OPENINT>
RDACU.US,D,20241011,000000,10.01,10.02,10,10,2454000,0
RDACU.US,D,20241014,000000,10.01,10.01,10,10.01,82099,0
RDACU.US,D,20241015,000000,10.01,10.02,10.01,10.02,13452,0
RDACU.US,D,20241016,000000,10.02,10.02,9.98,10,205243,0
RDACU.US,D,20241017,000000,10,10.02,10,10,40878,0
RDACU.US,D,20241018,000000,10.01,10.01,10.01,10.01,1156,0
RDACU.US,D,20241021,000000,10.01,10.01,10.01,10.01,165,0
RDACU.US,D,20241022,000000,10.01,10.01,10.01,10.01,229,0
RDACU.US,D,20241023,000000,10.02,10.02,10.01,10.015,39332,0
RDACU.US,D,20241024,000000,10.01,10.01,10.01,10.01,3550,0
RDACU.US,D,20241025,000000,10.02,10.02,10.01,10.01,52635,0
RDACU.US,D,20241028,000000,10.02,10.0281,10.02,10.0281,1079,0
RDACU.US,D,20241029,000000,10.03,10.035,10.0277,10.035,44280,0
RDACU.US,D,20241030,000000,10.03,10.03,10.02,10.03,680,0
RDACU.US,D,20241031,000000,10.04,10.04,10.04,10.04,25155,0
RDACU.US,D,20241101,000000,10.05,10.05,10.05,10.05,524,0
RDACU.US,D,20241106,000000,10.05,10.05,10.05,10.05,29000,0
RDACU.US,D,20241111,000000,10.042,10.042,10.042,10.042,100,0
RDACU.US,D,20241112,000000,10.06,10.07,10.06,10.07,22978,0
RDACU.US,D,20241115,000000,10.07,10.07,10.07,10.07,4122,0
RDACU.US,D,20241118,000000,10.06,10.07,10.06,10.06,2732,0
RDACU.US,D,20241119,000000,10.06,10.06,10.06,10.06,110,0
RDACU.US,D,20241120,000000,10.06,10.08,10.06,10.08,184903,0
RDACU.US,D,20241121,000000,10.07,10.07,10.07,10.07,50025,0
RDACU.US,D,20241122,000000,10.07,10.07,10.0651,10.07,96048,0
RDACU.US,D,20241125,000000,10.08,10.08,10.08,10.08,6000,0
RDACU.US,D,20241126,000000,10.09,10.09,10.09,10.09,100,0
RDACU.US,D,20241127,000000,10.0902,10.12,10.0902,10.1115,71400,0
RDACU.US,D,20241129,000000,10.135,10.135,10.12,10.12,2872,0
RDACU.US,D,20241202,000000,10.31,10.31,10.11,10.13,38800,0
RDACU.US,D,20241203,000000,10.13,10.13,10.13,10.13,25528,0
RDACU.US,D,20241206,000000,10.12,10.12,10.12,10.12,200013,0
RDACU.US,D,20241212,000000,10.14,10.14,10.14,10.14,16832,0
RDACU.US,D,20241213,000000,10.1498,10.15,10.1498,10.15,300,0
RDACU.US,D,20241216,000000,10.15,10.15,10.08,10.14,25325,0
RDACU.US,D,20241217,000000,10.15,10.15,10.15,10.15,300,0
RDACU.US,D,20241219,000000,10.14,10.14,10.14,10.14,5506,0
RDACU.US,D,20241220,000000,10.14,10.14,10.13,10.13,20724,0
RDACU.US,D,20241226,000000,10.2,10.2,10.19,10.19,1005,0
RDACU.US,D,20250115,000000,10.19,10.19,10.19,10.19,300,0
RDACU.US,D,20250128,000000,10.25,10.41,10.22,10.22,8467,0
RDACU.US,D,20250131,000000,10.2498,10.2498,10.2498,10.2498,600,0
RDACU.US,D,20250221,000000,10.29,10.29,10.29,10.29,200,0
RDACU.US,D,20250716,000000,10.6,10.65,10.6,10.65,302,0
RDACU.US,D,20250930,000000,11.1,11.1,11.1,11.1,210,0
RDACU.US,D,20251013,000000,11,11.05,11,11,2400,0
RDACU.US,D,20251015,000000,11.02,12.89,10.6,12.31,6334,0
RDACU.US,D,20251016,000000,11.1,11.5,11.1,11.5,466,0
RDACU.US,D,20251103,000000,11.5,12.09,10.19,11.1,6436,0
RDACU.US,D,20251105,000000,10.92,10.94,10.61,10.61,1290,0
RDACU.US,D,20251106,000000,10.51,10.51,10.51,10.51,100,0
RDACU.US,D,20251110,000000,10.51,10.51,10.51,10.51,100,0
RDACU.US,D,20251112,000000,10.55,10.6,10.55,10.58,4188,0
RDACU.US,D,20251114,000000,10.59,10.59,10.59,10.59,500,0
RDACU.US,D,20251117,000000,10.5,10.5,10.5,10.5,500,0
RDACU.US,D,20251118,000000,10.62,12.21,10.62,12.21,1332,0
RDACU.US,D,20251119,000000,13.43,16,12,13.1,2883,0
RDACU.US,D,20251120,000000,13.98,15.3,13.8,13.8,935,0
RDACU.US,D,20251121,000000,15,15,14.49,14.8,751,0
RDACU.US,D,20251124,000000,13.01,13.95,12.97,13.33,1386,0
RDACU.US,D,20251128,000000,11.15,12.55,10.1,12.55,3619,0
RDACU.US,D,20251202,000000,12.4,12.4,12.4,12.4,527,0
RDACU.US,D,20251205,000000,11.85,11.85,9.5,9.9198,1430,0
RDACU.US,D,20251208,000000,11.1,11.1,11.1,11.1,913,0
RDACU.US,D,20260102,000000,11.07,11.07,10,10,502,0
RDACU.US,D,20260109,000000,10,10,8.55,8.55,1777,0
RDACU.US,D,20260121,000000,7.97,7.97,7.51,7.51,804,0
RDACU.US,D,20260127,000000,7.05,7.75,7.05,7.5,1379,0
RDACU.US,D,20260129,000000,6.8,7.7,6.8,7.7,5186,0
RDACU.US,D,20260130,000000,7.79,9,7.47,8.87,3097,0
RDACU.US,D,20260202,000000,9.32,10.17,8.44,9.02,5395,0
RDACU.US,D,20260203,000000,8.95,8.95,6.05,8.78,6387,0
RDACU.US,D,20260205,000000,9,9,8.5,8.5,500,0
RDACU.US,D,20260318,000000,6.85,6.85,6.55,6.55,371,0
RDACU.US,D,20260324,000000,4.6,4.6,4.6,4.6,225,0
RDACU.US,D,20260401,000000,4.34,4.7,4.34,4.7,275,0
RDACU.US,D,20260409,000000,4.5,4.7,4.5,4.7,270,0
RDACU.US,D,20260429,000000,10.56,19.83,10.56,16,19038,0
RDACU.US,D,20260430,000000,10.11,12.28,9.05,10.9,3817,0
RDACU.US,D,20260501,000000,11.6,12.32,11.56,12.32,980,0
RDACU.US,D,20260504,000000,10,11.65,9.86,9.86,2350,0
RDACU.US,D,20260505,000000,10.3,10.3,10.15,10.15,1008,0
RDACU.US,D,20260506,000000,9.54,10.4,9.54,10.4,289,0
RDACU.US,D,20260507,000000,9.9,9.9,9.66,9.66,761,0
RDACU.US,D,20260508,000000,9.02,9.85,9.02,9.85,655,0
RDACU.US,D,20260511,000000,9.2,9.35,9.15,9.15,591,0
RDACU.US,D,20260514,000000,6.44,6.54,6.44,6.54,533,0
RDACU.US,D,20260515,000000,6.51,6.51,6.51,6.51,129,0
RDACU.US,D,20260519,000000,7.1,7.1,7.1,7.1,101,0
RDACU.US,D,20260527,000000,7.51,7.51,7.51,7.51,261,0
RDACU.US,D,20260604,000000,7.6,7.6,7.6,7.6,276,0
