<TICKER>,<PER>,<DATE>,<TIME>,<OPEN>,<HIGH>,<LOW>,<CLOSE>,<VOL>,<OPENINT>
SCLS.US,D,20251106,000000,20.17,20.17,20.16,20.16,101,0
SCLS.US,D,20251107,000000,20.14,20.14,20.1045,20.1045,5002,0
SCLS.US,D,20251114,000000,20.27,20.27,20.2231,20.2231,1510,0
SCLS.US,D,20251118,000000,20.195,20.195,20.175,20.175,302,0
SCLS.US,D,20251119,000000,20.35,20.36,20.32,20.345,34629,0
SCLS.US,D,20251219,000000,20.43,20.43,20.365,20.365,651,0
SCLS.US,D,20251229,000000,20.34,20.3416,20.3323,20.3416,1200,0
SCLS.US,D,20260102,000000,20.308,20.308,20.24,20.24,130,0
SCLS.US,D,20260105,000000,20.448,20.448,20.3543,20.3543,764,0
SCLS.US,D,20260106,000000,20.51,20.6253,20.51,20.6253,113,0
SCLS.US,D,20260107,000000,20.5,20.5,20.475,20.475,110,0
SCLS.US,D,20260108,000000,20.42,20.42,20.2234,20.2234,301,0
SCLS.US,D,20260109,000000,20.29,20.35,20.29,20.35,153,0
SCLS.US,D,20260112,000000,20.4,20.4,20.255,20.255,105,0
SCLS.US,D,20260114,000000,20.0792,20.2999,20.0792,20.2999,108,0
SCLS.US,D,20260120,000000,20.035,20.1231,20.035,20.1231,117,0
SCLS.US,D,20260121,000000,19.98,19.98,19.8664,19.8664,4372,0
SCLS.US,D,20260127,000000,19.8474,19.8867,19.8474,19.8867,643,0
SCLS.US,D,20260128,000000,19.89,19.9809,19.89,19.9809,124,0
SCLS.US,D,20260205,000000,19.995,19.995,19.91,19.91,127,0
SCLS.US,D,20260211,000000,20.4106,20.4404,20.4106,20.4404,431,0
SCLS.US,D,20260212,000000,19.975,19.975,19.9651,19.9651,416,0
SCLS.US,D,20260213,000000,20.03,20.09,20.03,20.046,203,0
SCLS.US,D,20260219,000000,20.44,20.5578,20.44,20.5578,5605,0
SCLS.US,D,20260225,000000,20.65,20.65,20.6372,20.6372,119,0
SCLS.US,D,20260227,000000,20.84,20.925,20.84,20.925,500,0
SCLS.US,D,20260304,000000,21.779,21.78,21.779,21.78,543,0
SCLS.US,D,20260312,000000,23.66,23.794,23.66,23.794,2515,0
SCLS.US,D,20260313,000000,23.53,23.8564,23.53,23.8564,216,0
SCLS.US,D,20260317,000000,23.79,23.9206,23.73,23.9206,117135,0
SCLS.US,D,20260318,000000,24.02,24.125,24.02,24.1163,3769,0
SCLS.US,D,20260319,000000,24.075,24.075,23.8728,23.8728,242,0
SCLS.US,D,20260323,000000,23.335,23.455,23.335,23.455,261,0
SCLS.US,D,20260324,000000,23.74,23.74,23.6865,23.6865,509,0
SCLS.US,D,20260407,000000,24.77,24.77,24.5699,24.5699,104,0
SCLS.US,D,20260408,000000,23.76,24.0469,23.76,24.0469,25512,0
SCLS.US,D,20260518,000000,25.88,25.91,25.6587,25.6587,25001,0
SCLS.US,D,20260519,000000,25.868,25.868,25.8228,25.8228,220,0
SCLS.US,D,20260603,000000,25.08,25.08,25.055,25.055,102,0
