<TICKER>,<PER>,<DATE>,<TIME>,<OPEN>,<HIGH>,<LOW>,<CLOSE>,<VOL>,<OPENINT>
SGVA.US,D,20260611,000000,100.02,100.02,100.01,100.015,553,0
SGVA.US,D,20260612,000000,100.0198,100.04,100.0198,100.035,15313,0
SGVA.US,D,20260615,000000,100.05,100.06,100.04,100.045,19059,0
SGVA.US,D,20260616,000000,100.06,100.06,100.03,100.045,1707,0
SGVA.US,D,20260617,000000,100.07,100.07,100.065,100.065,2163,0
SGVA.US,D,20260618,000000,100.08,100.12,100.08,100.11,24030,0
SGVA.US,D,20260622,000000,100.115,100.125,100.115,100.115,5578,0
SGVA.US,D,20260623,000000,100.13,100.135,100.125,100.135,7101,0
SGVA.US,D,20260624,000000,100.14,100.175,100.125,100.15,54738,0
