<TICKER>,<PER>,<DATE>,<TIME>,<OPEN>,<HIGH>,<LOW>,<CLOSE>,<VOL>,<OPENINT>
CLSZ.US,D,20260223,000000,21.17,23.36,21.17,21.8703,912,0
CLSZ.US,D,20260224,000000,21.74,21.74,18.52,19.4152,5117,0
CLSZ.US,D,20260225,000000,16.78,19.0607,16.78,19.0607,12830,0
CLSZ.US,D,20260226,000000,19.9,20.85,19.05,19.075,2573,0
CLSZ.US,D,20260227,000000,20.2,21.8,20.2,20.8728,3254,0
CLSZ.US,D,20260302,000000,20.685,21.97,17.55,18.26,24330,0
CLSZ.US,D,20260303,000000,19.2401,20.485,19.2401,20.485,4093,0
CLSZ.US,D,20260304,000000,17.87,19.11,16.76,17.1,7372,0
CLSZ.US,D,20260305,000000,17.8001,20.6,17.485,19.5962,8443,0
CLSZ.US,D,20260306,000000,21.51,22.39,21.47,22.388,2731,0
CLSZ.US,D,20260309,000000,22.05,22.67,20.26,20.26,3948,0
CLSZ.US,D,20260310,000000,19.95,20.44,18.48,20.2932,37356,0
CLSZ.US,D,20260311,000000,18.94,20.4581,18.2,19.2676,11176,0
CLSZ.US,D,20260312,000000,20.1,21.5,20.1,20.4537,5186,0
CLSZ.US,D,20260313,000000,17.95,19.85,17.1025,19.4957,48694,0
CLSZ.US,D,20260316,000000,17.1,18.811,17.05,18.2363,20231,0
CLSZ.US,D,20260317,000000,18.5435,19.27,16.8901,17.94,12349,0
CLSZ.US,D,20260318,000000,18.76,18.76,17.5,18.67,32255,0
CLSZ.US,D,20260319,000000,20.5,21.2,18.59,18.8328,7829,0
CLSZ.US,D,20260320,000000,19.48,21.24,19.48,20.3795,4858,0
CLSZ.US,D,20260323,000000,20,20,16.8,18.06,42853,0
CLSZ.US,D,20260324,000000,17.78,19.72,17.41,19.31,53822,0
CLSZ.US,D,20260325,000000,17.08,18.23,16.4,17.68,77988,0
CLSZ.US,D,20260326,000000,18.13,20.2,17.49,20.12,37680,0
CLSZ.US,D,20260327,000000,21.36,23.74,21.36,22.7,12975,0
CLSZ.US,D,20260330,000000,21.79,26.07,21.11,25.11,6965,0
CLSZ.US,D,20260331,000000,23.82,25.47,22.95,22.95,8287,0
CLSZ.US,D,20260401,000000,21.55,22.55,21.09,22.1431,3018,0
CLSZ.US,D,20260402,000000,23.6,24.71,21.2836,21.2836,5141,0
CLSZ.US,D,20260406,000000,19.61,20.2,19,19.6899,15393,0
CLSZ.US,D,20260407,000000,20.2101,21.9,20.1084,20.11,17468,0
CLSZ.US,D,20260408,000000,16.2,18,15.78,16.1916,89535,0
CLSZ.US,D,20260409,000000,16.23,16.666,14.14,15.11,78918,0
CLSZ.US,D,20260410,000000,14.15,16.04,14.15,15.6466,98863,0
CLSZ.US,D,20260413,000000,15.99,16.59,13.01,13.35,115248,0
CLSZ.US,D,20260414,000000,12.37,12.37,10.59,11.94,72865,0
CLSZ.US,D,20260415,000000,12.4,12.7326,11.9361,11.9361,26830,0
CLSZ.US,D,20260416,000000,11.61,12.75,11.61,11.6216,38373,0
CLSZ.US,D,20260417,000000,10.94,11.11,9.98,10.6,49763,0
CLSZ.US,D,20260420,000000,10.9,11,10.195,10.3945,38889,0
CLSZ.US,D,20260421,000000,10.46,11.3,10.4,11.2372,17389,0
CLSZ.US,D,20260422,000000,10.37,10.37,9.13,9.81,45890,0
CLSZ.US,D,20260423,000000,9.77,10.53,9.35,9.85,60537,0
CLSZ.US,D,20260424,000000,9.52,9.52,8.28,8.9,151275,0
CLSZ.US,D,20260427,000000,9.38,10,9.27,9.6941,63505,0
CLSZ.US,D,20260428,000000,10.42,11,10.211,10.34,47662,0
CLSZ.US,D,20260429,000000,10.51,11.47,10.51,11.16,34252,0
CLSZ.US,D,20260430,000000,10.59,10.59,8.19,8.772,165223,0
CLSZ.US,D,20260501,000000,8.17,9.32,8.17,9.255,70058,0
CLSZ.US,D,20260504,000000,9.085,9.1,8.07,8.23,67606,0
CLSZ.US,D,20260505,000000,7.95,7.999,7.35,7.6,38812,0
CLSZ.US,D,20260506,000000,7.14,7.21,6.2,6.27,84788,0
CLSZ.US,D,20260507,000000,6.48,7.04,6.48,6.75,106888,0
CLSZ.US,D,20260508,000000,6.665,6.99,6.32,6.5215,56132,0
CLSZ.US,D,20260511,000000,6.75,6.7972,5.75,6.415,68161,0
CLSZ.US,D,20260512,000000,7.36,8.03,6.49,7.14,92962,0
CLSZ.US,D,20260513,000000,7.22,7.48,7.06,7.28,15729,0
CLSZ.US,D,20260514,000000,7.18,7.37,6.4,6.52,16482,0
CLSZ.US,D,20260515,000000,7.293,7.54,6.99,7.3,37738,0
CLSZ.US,D,20260518,000000,6.65,7.72,6.54,6.9934,29373,0
CLSZ.US,D,20260519,000000,7.1675,7.1675,5.65,5.679,137374,0
CLSZ.US,D,20260520,000000,5.46,5.64,4.39,5.03,252937,0
CLSZ.US,D,20260521,000000,4.95,5.11,4.74,4.87,48922,0
CLSZ.US,D,20260522,000000,4.785,4.785,4.32,4.73,98274,0
CLSZ.US,D,20260526,000000,4.2999,4.54,3.84,4.01,223946,0
CLSZ.US,D,20260527,000000,3.99,4.2,3.505,3.59,174410,0
CLSZ.US,D,20260528,000000,3.7,3.8185,3.44,3.5297,144794,0
CLSZ.US,D,20260529,000000,3.675,3.95,3.47,3.488,55485,0
CLSZ.US,D,20260601,000000,3.65,3.79,3.16,3.2501,51886,0
CLSZ.US,D,20260602,000000,3.36,3.7699,3.22,3.71,119720,0
CLSZ.US,D,20260603,000000,3.62,3.8,3.45,3.71,103272,0
CLSZ.US,D,20260604,000000,4.17,4.22,3.89,4.05,118253,0
CLSZ.US,D,20260605,000000,4.32,5.3395,4.32,4.6099,165418,0
CLSZ.US,D,20260608,000000,4.49,4.62,4.27,4.6,128161,0
CLSZ.US,D,20260609,000000,4.56,4.735,4.41,4.6165,214556,0
CLSZ.US,D,20260610,000000,4.58,4.64,4.5,4.595,57277,0
CLSZ.US,D,20260611,000000,4.38,4.6,4.38,4.55,63878,0
