<TICKER>,<PER>,<DATE>,<TIME>,<OPEN>,<HIGH>,<LOW>,<CLOSE>,<VOL>,<OPENINT>
MSDD.US,D,20250610,000000,24.93,25.1373,24.8,25.1373,224,0
MSDD.US,D,20250612,000000,25.849,26.6047,25.17,26.6047,580,0
MSDD.US,D,20250613,000000,27.45,27.45,26.2506,26.2506,703,0
MSDD.US,D,20250616,000000,26.64,26.8,26.2577,26.2577,1490,0
MSDD.US,D,20250620,000000,28.06,28.06,27.9482,27.9482,494,0
MSDD.US,D,20250624,000000,26.11,26.9348,26.11,26.9348,1368,0
MSDD.US,D,20250625,000000,26,26,25.21,25.21,781,0
MSDD.US,D,20250627,000000,25.75,25.75,25.709,25.709,284,0
MSDD.US,D,20250630,000000,22.76,23.1575,22.76,23.1575,219,0
MSDD.US,D,20250701,000000,26.32,26.5636,26.32,26.5636,324,0
MSDD.US,D,20250702,000000,25.09,25.1,22.5736,22.5736,1678,0
MSDD.US,D,20250703,000000,22.47,22.47,22.3919,22.3919,3120,0
MSDD.US,D,20250707,000000,22.45,23.1006,22.45,23.1006,1290,0
MSDD.US,D,20250708,000000,23.06,23.34,22.99,23.0196,2753,0
MSDD.US,D,20250711,000000,19,19.86,18.779,19.02,10723,0
MSDD.US,D,20250714,000000,17.5571,18.28,17.519,17.519,3851,0
MSDD.US,D,20250715,000000,18.23,18.2445,17.28,18.2445,3844,0
MSDD.US,D,20250716,000000,17.77,17.83,17.1322,17.1322,1397,0
MSDD.US,D,20250717,000000,17.64,17.64,17.29,17.4356,1658,0
MSDD.US,D,20250718,000000,17.645,19.6407,17.59,19.6407,2079,0
MSDD.US,D,20250721,000000,18.83,19.3944,18.46,19.3944,1067,0
MSDD.US,D,20250722,000000,19.39,20.1501,19.12,19.3063,3641,0
MSDD.US,D,20250723,000000,20.06,20.94,20.06,20.6881,1630,0
MSDD.US,D,20250724,000000,21,21,20.23,20.3934,1198,0
MSDD.US,D,20250725,000000,20.96,21.61,20.96,21.2527,532,0
MSDD.US,D,20250729,000000,22.13,22.939,22.04,22.4453,1611,0
MSDD.US,D,20250730,000000,22.5999,22.5999,22.445,22.445,583,0
MSDD.US,D,20250731,000000,21.08,21.6037,21.08,21.6037,3747,0
MSDD.US,D,20250801,000000,24,25.477,24,25.477,1796,0
MSDD.US,D,20250804,000000,22.88,22.88,22.3366,22.3366,494,0
MSDD.US,D,20250805,000000,23.93,24.13,23.72,23.9449,8358,0
MSDD.US,D,20250806,000000,23.96,24.2,22.9456,22.9456,3512,0
MSDD.US,D,20250807,000000,22.58,22.58,20.21,20.72,9364,0
MSDD.US,D,20250808,000000,21,21.92,20.17,21.4822,6847,0
MSDD.US,D,20250811,000000,20.9,20.9,20.35,20.8553,1282,0
MSDD.US,D,20250812,000000,21.22,21.5388,21.22,21.5388,140,0
MSDD.US,D,20250813,000000,21.58,22.0113,21.58,22.0113,229,0
MSDD.US,D,20250814,000000,23.305,24.47,23.161,23.9155,2650,0
MSDD.US,D,20250815,000000,24.7,25.49,24.465,24.7007,5183,0
MSDD.US,D,20250818,000000,25.53,25.719,24.73,25.1263,5641,0
MSDD.US,D,20250819,000000,26.12,29.02,26.12,28.9227,11185,0
MSDD.US,D,20250820,000000,28.81,30.77,27.5679,27.5679,19075,0
MSDD.US,D,20250821,000000,28.09,28.6456,27.66,28.6456,2665,0
MSDD.US,D,20250822,000000,28.75,28.75,25.13,25.1614,5336,0
MSDD.US,D,20250825,000000,27.19,27.585,26.325,27.2654,4540,0
MSDD.US,D,20250826,000000,27,27.1028,25.9753,25.9753,2900,0
MSDD.US,D,20250827,000000,26.38,27.2427,26.2,27.2427,2868,0
MSDD.US,D,20250828,000000,27.05,28.05,27.05,27.7779,7504,0
MSDD.US,D,20250829,000000,28.54,28.58,28.02,28.4211,10091,0
MSDD.US,D,20250902,000000,28.57,28.57,26.1,27.3224,14175,0
MSDD.US,D,20250903,000000,27.21,29.004,27.06,29.004,7813,0
MSDD.US,D,20250904,000000,30.45,31.25,29.6417,29.6417,22373,0
MSDD.US,D,20250905,000000,28.09,30.66,27.96,28.0343,9897,0
MSDD.US,D,20250908,000000,29.88,30.37,28.701,29.0008,12153,0
MSDD.US,D,20250909,000000,28.86,29.94,28.86,29.2786,8820,0
MSDD.US,D,20250910,000000,27.7,29.89,27.7,29.6136,3019,0
MSDD.US,D,20250911,000000,29.949,30.09,29.15,29.6613,6142,0
MSDD.US,D,20250912,000000,28.94,28.94,28.01,28.6589,12716,0
MSDD.US,D,20250915,000000,28.795,30.1727,28.7004,29.3719,4755,0
MSDD.US,D,20250916,000000,29.541,29.69,28.0038,28.0038,800,0
MSDD.US,D,20250917,000000,27.92,28.897,27.92,28.897,3605,0
MSDD.US,D,20250918,000000,25.71,25.823,24.4,25.4375,16099,0
MSDD.US,D,20250919,000000,25.8,26.859,25.61,26.1472,8576,0
MSDD.US,D,20250922,000000,27.36,27.53,26.83,27.4117,10488,0
MSDD.US,D,20250923,000000,27.09,28.6978,27.09,28.6978,9110,0
MSDD.US,D,20250924,000000,27.93,29.5249,27.51,29.5249,4751,0
MSDD.US,D,20250925,000000,32.5,35.32,31.8,33.7922,32622,0
MSDD.US,D,20250926,000000,33.76,34.15,31.62,31.8337,33179,0
MSDD.US,D,20250929,000000,31.33,31.33,28.02,28.2555,23830,0
MSDD.US,D,20250930,000000,28.85,29.91,28.793432,28.9051,16619,0
MSDD.US,D,20251001,000000,25.811,26.92,25.185,26.0424,13903,0
MSDD.US,D,20251002,000000,24.13,25.44,23.88,23.9016,19412,0
MSDD.US,D,20251003,000000,24.025,24.75,23.5565,23.9635,14122,0
MSDD.US,D,20251006,000000,23.16,23.5,22.9051,22.9051,13357,0
MSDD.US,D,20251007,000000,24.21,26.7428,24.21,26.7428,22704,0
MSDD.US,D,20251008,000000,26.4,27.83,25.97,26.4982,14196,0
MSDD.US,D,20251009,000000,27.41,28.395,27.3505,28.1242,16589,0
MSDD.US,D,20251010,000000,28.2681,30.7534,27.83,30.7534,18816,0
MSDD.US,D,20251013,000000,30.73,30.73,28.625,28.7184,7729,0
MSDD.US,D,20251014,000000,31.135,31.38,29.5523,31.3126,9243,0
MSDD.US,D,20251015,000000,31.011,32.55,30.05,32.2008,8656,0
MSDD.US,D,20251016,000000,31.24,35.09,31.24,34.9956,33026,0
MSDD.US,D,20251017,000000,36.23,36.23,33,33.6,28614,0
MSDD.US,D,20251020,000000,31.041,32.4087,30.05,32.1631,18479,0
MSDD.US,D,20251021,000000,32.4257,32.86,30.73,30.8331,9097,0
MSDD.US,D,20251022,000000,32.4,35.169,31.925,35.0617,18736,0
MSDD.US,D,20251023,000000,34.87,35.2801,33.66,34.0673,9768,0
MSDD.US,D,20251024,000000,32.46,33.635,32.46,33.0065,2386,0
MSDD.US,D,20251027,000000,30.85,31.6439,30.85,31.6439,2069,0
MSDD.US,D,20251028,000000,31.47,33.9,31.25,33.8389,11721,0
MSDD.US,D,20251029,000000,34.7237,36.33,34.33,35.9104,13298,0
MSDD.US,D,20251030,000000,37.68,41.56,37.11,41.4304,39766,0
MSDD.US,D,20251031,000000,36.63,38.34,35.05,36.524,11068,0
MSDD.US,D,20251103,000000,36.69,39,36.69,38.0361,7768,0
MSDD.US,D,20251104,000000,40.83,43,40.4981,42.9358,13076,0
MSDD.US,D,20251105,000000,42.03,42.23,40.2361,40.2361,8036,0
MSDD.US,D,20251106,000000,42,46.0652,41.66,46.0652,19593,0
MSDD.US,D,20251107,000000,50.62,52.348,43.6,44.1701,30741,0
MSDD.US,D,20251110,000000,41.77,46.49,41.7098,45.2122,8928,0
MSDD.US,D,20251111,000000,47,48.1394,45.59,48.1394,3070,0
MSDD.US,D,20251112,000000,46.73,52,46.62,51.0446,13354,0
MSDD.US,D,20251113,000000,51.22,57.9374,50.15,57.9374,16657,0
MSDD.US,D,20251114,000000,62.6,64.45,57.896,62.8027,37383,0
MSDD.US,D,20251117,000000,64.45,68.459,59.96,65.5477,38373,0
MSDD.US,D,20251118,000000,60.95,62.43,53.12,57.6885,21003,0
MSDD.US,D,20251119,000000,61.51,70.95,61.43,69.2553,14259,0
MSDD.US,D,20251120,000000,67.53,79.688,67.43,76.1883,23722,0
MSDD.US,D,20251121,000000,80.18,84.5345,72.75,81.8491,33064,0
MSDD.US,D,20251124,000000,78.9,84.2909,73.4228,73.4228,12951,0
MSDD.US,D,20251125,000000,77,83.045,76.4,79.3266,6409,0
MSDD.US,D,20251126,000000,79.55,81.04,71.29,75.8848,5847,0
MSDD.US,D,20251128,000000,72.25,75.88,72.25,74.444,3440,0
MSDD.US,D,20251201,000000,82.49,92.79,78.74,79.3466,31932,0
MSDD.US,D,20251202,000000,71.68,72,68.7889,70.5765,9218,0
MSDD.US,D,20251203,000000,69.92,70.68,64.21,65.1708,13144,0
MSDD.US,D,20251204,000000,64.36,68.125,63.2058,66.2934,8916,0
MSDD.US,D,20251205,000000,69.31,72.58,67.11,71.3739,5201,0
MSDD.US,D,20251208,000000,67,71.77,66.7445,67.5462,4818,0
MSDD.US,D,20251209,000000,69.37,69.7,56.85,63.7811,23812,0
MSDD.US,D,20251210,000000,65.7307,66.6872,64.1074,66.6872,2020,0
MSDD.US,D,20251211,000000,70.2008,75.08,67.5547,67.5704,5735,0
MSDD.US,D,20251212,000000,67.09,72.5481,67.09,72.5481,2229,0
MSDD.US,D,20251215,000000,82.26,84.32,80.5624,84.2603,2891,0
MSDD.US,D,20251216,000000,80.4,80.4,78.6636,78.6636,1647,0
MSDD.US,D,20251217,000000,77.18,85.2911,77.18,85.2911,2386,0
MSDD.US,D,20251218,000000,79.51,87.5573,79.22,87.5573,2866,0
MSDD.US,D,20251219,000000,81.87,81.87,79.425,80.1617,3043,0
MSDD.US,D,20251222,000000,75.8,81.0565,75.8,81.0565,1409,0
MSDD.US,D,20251223,000000,85.13,87.0461,85.13,87.0461,1458,0
MSDD.US,D,20251224,000000,89.3092,89.3092,86.7702,86.7702,1800,0
MSDD.US,D,20251226,000000,87.93,87.9301,85.8941,85.8941,877,0
MSDD.US,D,20251229,000000,86.75,89.442,86.75,89.442,661,0
MSDD.US,D,20251230,000000,88.84,89.3072,86.8286,89.3072,1801,0
MSDD.US,D,20260102,000000,87.6882,87.6882,85.05,87.4563,1175,0
MSDD.US,D,20260106,000000,81.5,88.278,81.5,85.096,3316,0
MSDD.US,D,20260107,000000,76.4,82.202,76.4,81.3082,3883,0
MSDD.US,D,20260108,000000,85.68,85.68,74.96,75.3484,2630,0
MSDD.US,D,20260109,000000,78.635,85.72,78.61,84.4046,11877,0
MSDD.US,D,20260112,000000,84.43,84.43,79.15,79.5427,1677,0
MSDD.US,D,20260113,000000,74.87,75.96,68.29,69.1002,4091,0
MSDD.US,D,20260114,000000,61.92,66,56.78,63.8735,5847,0
MSDD.US,D,20260115,000000,66.31,69.87,65.47,69.87,7938,0
MSDD.US,D,20260116,000000,68.56,71.46,67.14,67.6724,4868,0
MSDD.US,D,20260120,000000,75.53,78.51,75.235,77.8886,4581,0
MSDD.US,D,20260121,000000,76.83,81.56,73.45,74.6763,14254,0
MSDD.US,D,20260122,000000,74.59,77.98,74.59,77.2366,10304,0
MSDD.US,D,20260123,000000,76.98,78.03,70.33,75.1209,5727,0
MSDD.US,D,20260126,000000,78.16,78.45,75.3354,77.1578,6470,0
MSDD.US,D,20260127,000000,77.78,80.5,76.3,76.3085,7888,0
MSDD.US,D,20260128,000000,72.7154,80.25,72.48,78.8267,5980,0
MSDD.US,D,20260129,000000,82,97.33,82,94.9659,11201,0
MSDD.US,D,20260130,000000,95.18,97.5,85.38,85.685,5068,0
MSDD.US,D,20260202,000000,97,97.56,87.97,97.259,7703,0
MSDD.US,D,20260203,000000,98.65,114,97.67,105.9702,9320,0
MSDD.US,D,20260204,000000,111.33,124.83,111.33,112.7734,12097,0
MSDD.US,D,20260205,000000,128.1,156.71,125.83,152.6156,52810,0
MSDD.US,D,20260206,000000,127.26,127.48,72.3748,72.3748,50282,0
MSDD.US,D,20260209,000000,81.64,82,68.2919,68.2919,16877,0
MSDD.US,D,20260210,000000,72.11,73.6913,68.2,73.6913,11703,0
MSDD.US,D,20260211,000000,77.3,81.6525,76.3,81.6525,14444,0
MSDD.US,D,20260212,000000,83.5,88.42,80.59,85.4647,10881,0
MSDD.US,D,20260213,000000,77.44,81.7693,69.6099,70.4438,9055,0
MSDD.US,D,20260217,000000,76.42,78.28,72.79,75.7081,3854,0
MSDD.US,D,20260218,000000,76.21,81.31,73.275,80.0362,10754,0
MSDD.US,D,20260219,000000,83,83,74.56,74.7807,4521,0
MSDD.US,D,20260220,000000,73.7,73.7,66.65,72.4742,8676,0
MSDD.US,D,20260223,000000,75.7284,81,73.78,80.5636,15208,0
MSDD.US,D,20260224,000000,85,85.78,79.26,79.4951,3040,0
MSDD.US,D,20260225,000000,72.73,72.73,63,65.6925,6552,0
MSDD.US,D,20260226,000000,65.5,71.185,65.5,67.9956,5873,0
MSDD.US,D,20260227,000000,71.61,72,71,71.7774,3606,0
MSDD.US,D,20260302,000000,67.14,67.14,61,62.6288,4852,0
MSDD.US,D,20260303,000000,67.5665,69.55,64,64.5501,8274,0
MSDD.US,D,20260304,000000,56.53,56.53,49.99,52.03,11899,0
MSDD.US,D,20260305,000000,53.5007,59.31,53.5007,56.74,9608,0
MSDD.US,D,20260306,000000,61.7,62.9388,61.7,62.9388,2632,0
MSDD.US,D,20260309,000000,61.42,61.42,57.9,60.72,7235,0
MSDD.US,D,20260310,000000,55.8,59.53,54.985,58.28,4275,0
MSDD.US,D,20260311,000000,58.62,60.3,57.61,58.3992,5427,0
MSDD.US,D,20260312,000000,61.5,61.5,59.2891,59.2891,1155,0
MSDD.US,D,20260313,000000,52.6781,57.4,51.5,56.958,5442,0
MSDD.US,D,20260316,000000,52.06,52.06,50.5,50.8038,1110,0
MSDD.US,D,20260317,000000,50.33,50.565,48.915,48.915,2182,0
MSDD.US,D,20260318,000000,52.51,54.9306,52.51,54.9306,3848,0
MSDD.US,D,20260319,000000,58.64,59.155,56.96,57.0233,2419,0
MSDD.US,D,20260320,000000,58,60.18,57.18,58.9255,3724,0
MSDD.US,D,20260323,000000,59.1,59.1,56.695,56.7151,1360,0
MSDD.US,D,20260324,000000,56,59.2,56,58.42,1528,0
MSDD.US,D,20260325,000000,52.73,55.9791,52.56,55.9791,1856,0
MSDD.US,D,20260326,000000,56.5,61.34,56.5,60.7705,2562,0
MSDD.US,D,20260327,000000,65.29,69.32,65.29,67.2122,6272,0
MSDD.US,D,20260330,000000,63.01,72.0963,63,72.0963,4686,0
MSDD.US,D,20260331,000000,70,75.3,68,68.2163,3649,0
MSDD.US,D,20260401,000000,68,71.2,67.71,70.2872,5119,0
MSDD.US,D,20260402,000000,76.7366,76.7366,72.55,73.6952,3309,0
MSDD.US,D,20260406,000000,66.46,66.46,63.9355,63.9355,1592,0
MSDD.US,D,20260407,000000,68.38,69,67.42,68.0388,3801,0
MSDD.US,D,20260408,000000,57.21,63.79,57.21,62.8771,4850,0
MSDD.US,D,20260409,000000,61.78,62.5,61,62.2752,1473,0
MSDD.US,D,20260410,000000,61,62.5054,61,62.5054,334,0
MSDD.US,D,20260413,000000,64.73,65.21,58.9529,58.9529,2632,0
MSDD.US,D,20260414,000000,50.894,54.9404,50.35,54.4856,4460,0
MSDD.US,D,20260415,000000,52.87,52.87,49.5772,49.5772,1669,0
MSDD.US,D,20260416,000000,50.4,50.4,45.7009,45.7009,1561,0
MSDD.US,D,20260417,000000,40.07,41.5347,31.5,34.995,31950,0
MSDD.US,D,20260420,000000,36.91,37,33.1723,33.1723,14628,0
MSDD.US,D,20260421,000000,33.91,35.7631,33.91,35.7631,9397,0
MSDD.US,D,20260422,000000,30.78,30.86,28,29.1304,17466,0
MSDD.US,D,20260423,000000,29.72,31.29,28.93,31.29,5953,0
MSDD.US,D,20260424,000000,29.6098,31.8083,29.6098,31.7215,3084,0
MSDD.US,D,20260427,000000,31.9,32.83,30.165,32.4198,9921,0
MSDD.US,D,20260428,000000,34.89,36,33.7202,33.7202,3454,0
MSDD.US,D,20260429,000000,33.71,37.53,33.71,36.92,3158,0
MSDD.US,D,20260430,000000,35.17,35.17,33.34,33.4657,2164,0
MSDD.US,D,20260501,000000,31.6688,31.6688,28,28.6901,22193,0
MSDD.US,D,20260504,000000,26.82,27.77,25.921,26.643,15957,0
MSDD.US,D,20260505,000000,25.32,25.95,25.32,25.6816,3568,0
MSDD.US,D,20260506,000000,26.08,27,25.7666,25.7666,4399,0
MSDD.US,D,20260507,000000,26.8,28.5132,26.8,27.6649,7732,0
MSDD.US,D,20260508,000000,27.88,28.2708,25.3392,25.3392,3067,0
MSDD.US,D,20260511,000000,26.59,26.59,23,23.0361,18673,0
MSDD.US,D,20260512,000000,24.49,26.81,24.49,25.7045,16347,0
MSDD.US,D,20260513,000000,26.55,28.015,26.55,27.4322,19991,0
MSDD.US,D,20260514,000000,28.0518,28.0518,23.67,24.6652,4058,0
MSDD.US,D,20260515,000000,26.32,28.21,26.32,27.1973,5154,0
MSDD.US,D,20260518,000000,29.6,31.85,29.6,30.6542,18810,0
MSDD.US,D,20260519,000000,32.02,32.02,30.13,31.2531,15154,0
MSDD.US,D,20260520,000000,31.06,31.08,29.58,30.9202,3493,0
MSDD.US,D,20260521,000000,31.69,31.93,30.45,31.2161,8633,0
MSDD.US,D,20260522,000000,31.14,33.03,31.14,33.03,691,0
MSDD.US,D,20260526,000000,32.41,33.0868,31,33.0203,4977,0
MSDD.US,D,20260527,000000,34.84,35.41,34.71,35.3886,5098,0
MSDD.US,D,20260528,000000,38.11,39.64,35.87,36.598,31167,0
MSDD.US,D,20260529,000000,36.5,37.5749,32.29,32.951,3273,0
MSDD.US,D,20260601,000000,39,39,35.23,36.7347,7017,0
MSDD.US,D,20260602,000000,40.13,44.5,40.13,43.4045,19721,0
MSDD.US,D,20260603,000000,43.5,49.74,43.31,49.3364,25083,0
MSDD.US,D,20260604,000000,50.02,50.02,46.11,47.3935,33948,0
MSDD.US,D,20260605,000000,51.16,58.25,51.045,53.8316,66522,0
MSDD.US,D,20260608,000000,48.31,51.05,46.25,47.8481,44669,0
MSDD.US,D,20260609,000000,48.18,48.18,47.56,47.8538,37516,0
MSDD.US,D,20260610,000000,47.855,47.93,47.73,47.79,4940,0
MSDD.US,D,20260611,000000,47.78,47.855,47.74,47.855,7867,0
MSDD.US,D,20260612,000000,47.6,47.9,47.6,47.885,2703,0
MSDD.US,D,20260615,000000,47.81,47.85,47.52,47.65,15148,0
MSDD.US,D,20260616,000000,48.15,48.21,47.865,47.865,1131,0
MSDD.US,D,20260617,000000,48.105,48.105,47.37,47.865,596,0
MSDD.US,D,20260618,000000,47.54,47.875,47.532,47.875,2118,0
