<TICKER>,<PER>,<DATE>,<TIME>,<OPEN>,<HIGH>,<LOW>,<CLOSE>,<VOL>,<OPENINT>
CAS.US,D,20250123,000000,16.5558,16.5789,16.5558,16.5789,1611.08,0
CAS.US,D,20250124,000000,16.6533,16.6921,16.6144,16.6921,1728.12,0
CAS.US,D,20250127,000000,16.8092,16.8092,16.6496,16.6496,654.601,0
CAS.US,D,20250220,000000,17.6422,17.6698,17.6422,17.6592,309.587,0
CAS.US,D,20250221,000000,17.9518,17.9518,17.7881,17.7881,577.588,0
CAS.US,D,20250224,000000,17.731,17.731,17.64,17.64,2476.7,0
CAS.US,D,20250305,000000,14.6406,17.256,14.6406,17.256,1296.87,0
CAS.US,D,20250306,000000,17.5947,17.5947,17.448,17.448,343.472,0
CAS.US,D,20250311,000000,17.1792,17.2894,17.1792,17.2894,194.069,0
CAS.US,D,20250317,000000,17.6856,17.7956,17.5947,17.7956,61672.6,0
CAS.US,D,20250327,000000,17.0817,17.1273,17.0817,17.1273,3567.17,0
CAS.US,D,20250328,000000,16.8351,16.8351,16.6304,16.6304,3915.28,0
CAS.US,D,20250331,000000,16.3352,16.5333,16.3352,16.5333,352.713,0
CAS.US,D,20250403,000000,16.2312,16.2312,16.022,16.022,1319.98,0
CAS.US,D,20250404,000000,15.199,16.1145,15.199,16.1145,489.795,0
CAS.US,D,20250407,000000,14.6146,14.6146,14.6146,14.6146,799.383,0
CAS.US,D,20250408,000000,14.8223,14.8223,14.2395,14.2395,354.255,0
CAS.US,D,20250409,000000,14.9847,16.1013,14.7963,15.9866,2553.71,0
CAS.US,D,20250410,000000,16.1143,16.4452,16.1143,16.4452,158.643,0
CAS.US,D,20250416,000000,16.6077,16.6077,16.5852,16.5852,200.229,0
CAS.US,D,20250422,000000,16.9845,17.0071,16.9845,17.0071,458.989,0
CAS.US,D,20250428,000000,17.27,17.2776,17.2375,17.2776,331.151,0
CAS.US,D,20250430,000000,17.3414,17.4324,17.3414,17.4324,289.563,0
CAS.US,D,20250501,000000,17.5947,17.5947,17.4204,17.4204,368.117,0
CAS.US,D,20250502,000000,17.9852,17.9852,17.9848,17.9848,240.276,0
CAS.US,D,20250506,000000,18.0363,18.0476,18.0363,18.0476,368.117,0
CAS.US,D,20250508,000000,18.179,18.2439,18.1447,18.1447,760.877,0
CAS.US,D,20250509,000000,17.8853,17.8853,17.8693,17.8693,340.392,0
CAS.US,D,20250512,000000,18.601,18.7781,18.601,18.7781,4186.35,0
CAS.US,D,20250514,000000,19.069,19.0882,19.069,19.0882,740.855,0
CAS.US,D,20250515,000000,18.6868,18.8217,18.6868,18.78,2755.47,0
CAS.US,D,20250516,000000,18.7698,19.0116,18.7048,19.0116,3322.28,0
CAS.US,D,20250519,000000,19.0294,19.1343,19.0246,19.1343,2495.18,0
CAS.US,D,20250520,000000,19.01,19.01,18.9338,18.9338,189.449,0
CAS.US,D,20250521,000000,18.7357,18.7764,18.6773,18.6773,1829.79,0
CAS.US,D,20250527,000000,18.3867,18.5266,18.3867,18.5266,1175.19,0
CAS.US,D,20250529,000000,18.5458,18.5462,18.5458,18.5462,241.816,0
CAS.US,D,20250602,000000,18.27,18.3202,18.27,18.3202,309.587,0
CAS.US,D,20250606,000000,18.7048,18.7958,18.7048,18.7906,2404.3,0
CAS.US,D,20250611,000000,18.7698,18.7759,18.7698,18.7759,1065.83,0
CAS.US,D,20250612,000000,18.8477,18.8477,18.8414,18.8414,164.803,0
CAS.US,D,20250630,000000,19.666,19.794,19.6333,19.794,2306.51,0
CAS.US,D,20250703,000000,20.085,20.3496,20.085,20.3496,863.038,0
CAS.US,D,20250707,000000,19.653,19.7055,19.6315,19.6574,3239.82,0
CAS.US,D,20250806,000000,20.5173,20.5375,20.5173,20.5375,216.904,0
CAS.US,D,20250808,000000,20.5433,20.5505,20.4844,20.5505,904.28,0
CAS.US,D,20250811,000000,20.6547,20.6653,19.2799,20.6273,2645.62,0
CAS.US,D,20250812,000000,21.0147,21.0343,21.0146,21.0303,6235.24,0
CAS.US,D,20250818,000000,21.63,21.63,21.6099,21.6099,351.324,0
CAS.US,D,20250825,000000,22.5401,22.5401,22.4422,22.4422,844.708,0
CAS.US,D,20250827,000000,21.9901,22.0586,21.9901,22.0586,198.574,0
CAS.US,D,20250912,000000,23.0222,23.048,23.0222,23.048,433.81,0
CAS.US,D,20250924,000000,23.1227,23.1227,23.0673,23.0673,259.674,0
CAS.US,D,20250925,000000,22.9441,23.0045,22.9441,23.0045,204.791,0
CAS.US,D,20250926,000000,22.7499,22.7502,22.7499,22.7502,1115.81,0
CAS.US,D,20251009,000000,23.5087,23.5087,23.398,23.4511,1061.6,0
CAS.US,D,20251020,000000,22.7903,22.8261,22.7903,22.8261,531.555,0
CAS.US,D,20251028,000000,24.0466,24.5013,24.0466,24.5013,263.518,0
CAS.US,D,20251031,000000,23.6547,23.6938,23.6521,23.6938,1218.2,0
CAS.US,D,20251106,000000,23.6415,23.7046,23.6415,23.7046,608.353,0
CAS.US,D,20251126,000000,23.0794,23.1067,23.0319,23.0319,2873.12,0
CAS.US,D,20251208,000000,23.4209,23.4209,23.4059,23.4059,223.936,0
CAS.US,D,20251210,000000,23.3322,23.5133,23.3322,23.5133,3050.22,0
CAS.US,D,20251211,000000,23.2366,23.2366,23.2025,23.2025,316.146,0
CAS.US,D,20251215,000000,23.1136,23.1136,23.0514,23.0514,1760.75,0
CAS.US,D,20251216,000000,22.7719,22.7719,22.7171,22.7392,620.583,0
CAS.US,D,20251219,000000,23.3586,23.4415,23.3322,23.417,2915.56,0
CAS.US,D,20251222,000000,23.6526,23.7421,23.6526,23.723,6801.53,0
CAS.US,D,20251223,000000,23.8278,23.9649,23.6907,23.9649,4899.12,0
CAS.US,D,20251226,000000,24.7288,24.7288,24.6838,24.6838,688.204,0
CAS.US,D,20251229,000000,24.4458,24.5525,24.4458,24.4526,373.713,0
CAS.US,D,20251230,000000,24.4155,24.4478,24.4155,24.4478,698.415,0
CAS.US,D,20251231,000000,24.4449,24.4546,24.386,24.4145,3363.42,0
CAS.US,D,20260102,000000,24.8462,24.8462,24.7778,24.7915,1543.86,0
CAS.US,D,20260105,000000,24.964,25.0795,24.8757,25.0795,921.01,0
CAS.US,D,20260106,000000,25.5711,25.5799,25.5026,25.5799,1337.6,0
CAS.US,D,20260107,000000,25.527,25.5711,25.4417,25.4417,1154.83,0
CAS.US,D,20260109,000000,25.9334,26.0401,25.9334,26.0401,771.933,0
CAS.US,D,20260112,000000,26.6239,26.6974,26.6239,26.6856,1255.92,0
CAS.US,D,20260113,000000,26.095,26.1293,26.0118,26.061,5797.66,0
CAS.US,D,20260114,000000,26.0264,26.0411,26.011,26.011,1849.16,0
CAS.US,D,20260115,000000,26.2197,26.2301,26.2165,26.2165,744.364,0
CAS.US,D,20260120,000000,25.855,25.855,25.6814,25.6814,746.406,0
CAS.US,D,20260121,000000,26.1105,26.2664,26.1097,26.2106,1213.03,0
CAS.US,D,20260122,000000,26.4623,26.4623,26.3721,26.3721,750.49,0
CAS.US,D,20260123,000000,26.57,26.6914,26.57,26.6914,674.93,0
CAS.US,D,20260126,000000,26.5113,26.5504,26.4946,26.4946,1494.85,0
CAS.US,D,20260127,000000,26.5508,26.6742,26.5163,26.6742,1095.62,0
CAS.US,D,20260128,000000,26.5804,26.5804,26.5015,26.5466,1285.15,0
CAS.US,D,20260129,000000,26.2943,26.3899,26.2943,26.3899,3109.5,0
CAS.US,D,20260130,000000,26.0674,26.0674,25.9374,25.9374,775.348,0
CAS.US,D,20260202,000000,25.3865,25.5051,25.3865,25.3865,2830.78,0
CAS.US,D,20260203,000000,25.9293,25.9293,25.8225,25.8225,493.587,0
CAS.US,D,20260205,000000,25.352,25.352,25.3175,25.3472,1527.38,0
CAS.US,D,20260209,000000,26.3782,26.3822,26.3436,26.3822,1040.89,0
CAS.US,D,20260210,000000,26.3141,26.3239,26.2357,26.2357,876.7,0
CAS.US,D,20260211,000000,26.0723,26.1846,26.0723,26.1768,451.019,0
CAS.US,D,20260212,000000,26.0674,26.097,26.0279,26.0526,826.024,0
CAS.US,D,20260213,000000,25.9648,25.9776,25.9579,25.9776,953.728,0
CAS.US,D,20260217,000000,26.0575,26.2055,26.038,26.1562,2720.3,0
CAS.US,D,20260220,000000,26.1019,26.4621,26.0378,26.4226,794.605,0
CAS.US,D,20260223,000000,26.3486,26.3486,26.3428,26.3428,405.41,0
CAS.US,D,20260224,000000,26.3238,26.3781,26.3237,26.3781,441.43,0
CAS.US,D,20260226,000000,26.7901,26.7901,26.532,26.6483,480.736,0
CAS.US,D,20260302,000000,26.6612,26.6999,26.646,26.6969,2147.69,0
CAS.US,D,20260303,000000,25.3983,25.5201,25.3733,25.3733,2321.03,0
CAS.US,D,20260305,000000,25.6342,25.6376,25.6342,25.6376,201.566,0
CAS.US,D,20260306,000000,25.6408,25.6646,25.6408,25.6646,238.856,0
CAS.US,D,20260310,000000,26.3288,26.3288,26.1353,26.149,554.308,0
CAS.US,D,20260312,000000,25.9716,25.9716,25.9368,25.9507,1318.24,0
CAS.US,D,20260313,000000,25.9567,25.9567,25.6893,25.6893,1023.95,0
CAS.US,D,20260317,000000,25.4109,25.4109,25.3983,25.3983,843.556,0
CAS.US,D,20260318,000000,25.3118,25.3118,25.131,25.131,848.595,0
CAS.US,D,20260319,000000,24.8453,24.9753,24.8453,24.9753,1543.99,0
CAS.US,D,20260320,000000,24.2303,24.4286,24.1459,24.1741,3476.01,0
CAS.US,D,20260323,000000,23.7837,23.8493,23.7837,23.8493,278.161,0
CAS.US,D,20260324,000000,24.002,24.0021,23.9626,23.9626,525.08,0
CAS.US,D,20260325,000000,24.518,24.5626,24.518,24.5626,520.041,0
CAS.US,D,20260326,000000,24.1093,24.189,23.9807,23.9807,1633.11,0
CAS.US,D,20260327,000000,24.1791,24.1791,24.1139,24.1139,322.207,0
CAS.US,D,20260330,000000,24.3534,24.3534,24.3185,24.3403,804.012,0
CAS.US,D,20260331,000000,24.3086,24.5686,24.3086,24.5686,939.52,0
CAS.US,D,20260401,000000,24.5676,24.6044,24.5676,24.6044,573.147,0
CAS.US,D,20260406,000000,24.1791,24.189,24.0794,24.1342,966.622,0
CAS.US,D,20260407,000000,24.1492,24.2302,24.1391,24.2302,597.238,0
CAS.US,D,20260408,000000,25.3546,25.419,25.3546,25.419,832.118,0
CAS.US,D,20260409,000000,25.265,25.4974,25.265,25.4974,486.824,0
CAS.US,D,20260410,000000,25.6236,25.6236,25.6057,25.6057,118.443,0
CAS.US,D,20260414,000000,26.3311,26.3579,26.3311,26.3579,456.711,0
CAS.US,D,20260415,000000,26.2214,26.2214,26.2214,26.2214,261.981,0
CAS.US,D,20260417,000000,26.7195,26.7215,26.7195,26.7215,471.767,0
CAS.US,D,20260420,000000,26.6801,26.7693,26.6801,26.7693,270.011,0
CAS.US,D,20260424,000000,26.6199,26.6199,26.585,26.585,477.79,0
CAS.US,D,20260427,000000,26.75,26.75,26.6797,26.6797,799,0
CAS.US,D,20260429,000000,26.515,26.515,26.5134,26.5134,590,0
CAS.US,D,20260501,000000,27.215,27.25,27.16,27.19,488,0
CAS.US,D,20260505,000000,27.16,27.186,27.16,27.186,251,0
CAS.US,D,20260512,000000,28.305,28.4298,28.305,28.4298,224,0
CAS.US,D,20260513,000000,28.62,28.996,28.62,28.996,355,0
CAS.US,D,20260514,000000,28.265,28.3405,28.265,28.3405,197,0
CAS.US,D,20260515,000000,27.82,27.82,27.7951,27.7951,569,0
CAS.US,D,20260518,000000,27.97,27.97,27.7899,27.818,1612,0
CAS.US,D,20260520,000000,27.994,28.221,27.994,28.221,921,0
CAS.US,D,20260526,000000,28.03,28.03,27.93,27.961,4054,0
CAS.US,D,20260527,000000,27.86,27.89,27.75,27.802,2441,0
CAS.US,D,20260528,000000,28.139,28.139,27.94,27.959,8997,0
CAS.US,D,20260529,000000,27.55,27.63,27.515,27.549,3642,0
CAS.US,D,20260601,000000,27.06,27.3292,27.06,27.234,5316,0
CAS.US,D,20260602,000000,27.55,27.632,27.53,27.632,1501,0
CAS.US,D,20260603,000000,27.6699,27.6699,27.49,27.496,8079,0
CAS.US,D,20260604,000000,27.41,27.5091,27.41,27.5091,1908,0
CAS.US,D,20260605,000000,27.04,27.04,26.6798,26.6798,3375,0
CAS.US,D,20260608,000000,26.23,26.23,26.19,26.214,741,0
CAS.US,D,20260610,000000,26.575,26.575,26.3745,26.3745,361,0
CAS.US,D,20260611,000000,26.38,26.8912,26.38,26.8912,523,0
CAS.US,D,20260612,000000,26.88,27.13,26.88,27.0118,608,0
CAS.US,D,20260615,000000,28.15,28.19,28.107,28.107,938,0
CAS.US,D,20260616,000000,28.28,28.28,28.1589,28.1589,446,0
CAS.US,D,20260617,000000,28.27,28.4,28.07,28.07,4690,0
CAS.US,D,20260618,000000,28.57,28.57,28.53,28.5404,3421,0
CAS.US,D,20260622,000000,29.216,29.216,29.118,29.118,2316,0
CAS.US,D,20260623,000000,28.29,28.39,28.16,28.2735,11492,0
CAS.US,D,20260624,000000,28.29,28.43,28.13,28.28,12508,0
