<TICKER>,<PER>,<DATE>,<TIME>,<OPEN>,<HIGH>,<LOW>,<CLOSE>,<VOL>,<OPENINT>
CORD.US,D,20251121,000000,58.48,67.545,54.35,56.45,547943,0
CORD.US,D,20251124,000000,54.055,57.4392,52.4114,53.24,136185,0
CORD.US,D,20251125,000000,57.03,64.41,55.34,56.7,362732,0
CORD.US,D,20251126,000000,51.03,53.79,48.44,51.88,284400,0
CORD.US,D,20251128,000000,50.05,54.93,50.05,53.45,77691,0
CORD.US,D,20251201,000000,56.93,59,47.33,47.7852,193910,0
CORD.US,D,20251202,000000,47.07,49.01,40.735835,48.98,171548,0
CORD.US,D,20251203,000000,50.1,52.34,44.4255,44.77,122531,0
CORD.US,D,20251204,000000,44.76,46.35,34.7,37.49,357212,0
CORD.US,D,20251205,000000,36,38.44,35,35.42,268350,0
CORD.US,D,20251208,000000,39,41.8,36.47,36.93,519190,0
CORD.US,D,20251209,000000,38.84,39.11,32.75,33.23,385184,0
CORD.US,D,20251210,000000,34.76,37,33.89,34.95,206442,0
CORD.US,D,20251211,000000,39.065,40.53,34.78,35.69,328778,0
CORD.US,D,20251212,000000,36.56,43.492,35.42,42.77,373153,0
CORD.US,D,20251215,000000,42,49.92,41.81,49.66,435922,0
CORD.US,D,20251216,000000,51.62,55.78,50.98,53.54,362455,0
CORD.US,D,20251217,000000,53.4,62.1782,53.01,61.02,375960,0
CORD.US,D,20251218,000000,55.53,58.615,52.85,55.15,514332,0
CORD.US,D,20251219,000000,50.16,50.3,28.175,29.99,2691856,0
CORD.US,D,20251222,000000,28.82,29.35,27.1407,28.88,868091,0
CORD.US,D,20251223,000000,30.64,33,29.695,31.94,858059,0
CORD.US,D,20251224,000000,32.23,33.38,31.49,32.96,391705,0
CORD.US,D,20251226,000000,32.92,35.7499,32.8,35.03,351916,0
CORD.US,D,20251229,000000,37.7825,37.98,33.9415,36.5,418172,0
CORD.US,D,20251230,000000,36.62,37.72,35.69,37.48,233634,0
CORD.US,D,20251231,000000,37.9,41.025,37.69,39.8,280042,0
CORD.US,D,20260102,000000,37.23,37.91,29.3301,31.23,895884,0
CORD.US,D,20260105,000000,28.5,33.275,27.3,33.2,540990,0
CORD.US,D,20260106,000000,31.79,35.86,31.665,32.29,586463,0
CORD.US,D,20260107,000000,32.945,34.07,30.68,32.9,338640,0
CORD.US,D,20260108,000000,32.62,33.98,30.66,33.04,501271,0
CORD.US,D,20260109,000000,31.99,34.22,29.27,30.4,651601,0
CORD.US,D,20260112,000000,31.5899,32.01,21.5,22.95,2767819,0
CORD.US,D,20260113,000000,23.4,24.44,22.17,24.12,1181201,0
CORD.US,D,20260114,000000,23.21,24.64,21.0454,22.96,1177240,0
CORD.US,D,20260115,000000,20.48,20.52,17.85,19.94,3009414,0
CORD.US,D,20260116,000000,19.255,19.9053,16.88,17.6,2369784,0
CORD.US,D,20260120,000000,19.66,20.38,18.91,19.61,1472424,0
CORD.US,D,20260121,000000,19.54,22.92,19.47,20.18,1548284,0
CORD.US,D,20260122,000000,18.71,21.16,17.95,21.16,992823,0
CORD.US,D,20260123,000000,21.78,23.232,19.16,20.52,1222133,0
CORD.US,D,20260126,000000,16.6,18.27,13.68,18.17,4114936,0
CORD.US,D,20260127,000000,16.19,16.8,13.2,14.26,6434576,0
CORD.US,D,20260128,000000,12.88,15.88,12.82,15.03,3766212,0
CORD.US,D,20260129,000000,15.73,17.81,14.935,16.82,1969989,0
CORD.US,D,20260130,000000,17.08,19.2,16.885,18.99,1338624,0
CORD.US,D,20260202,000000,19.19,20.9,18.45,20.71,1160616,0
CORD.US,D,20260203,000000,19.92,23.06,19.3901,20.16,984576,0
CORD.US,D,20260204,000000,20.89,24.235,19.4,23.81,982061,0
CORD.US,D,20260205,000000,25.24,28.42,23.923,28.06,1605548,0
CORD.US,D,20260206,000000,25.89,26.28,16.1687,16.66,1962401,0
CORD.US,D,20260209,000000,16.57,16.98,13.64,14.12,1617667,0
CORD.US,D,20260210,000000,14.6499,14.8671,13.9,14.46,732706,0
CORD.US,D,20260211,000000,14.12,16.48,13.72,14.54,1176560,0
CORD.US,D,20260212,000000,14.88,15.9,13.75,14.47,1350753,0
CORD.US,D,20260213,000000,14.7,15.69,12.8299,14.16,1377032,0
CORD.US,D,20260217,000000,15.155,16.252,14.4,15.73,1100339,0
CORD.US,D,20260218,000000,15.66,16.85,13.51,14.09,1708396,0
CORD.US,D,20260219,000000,14.2,14.71,13.3146,13.55,1448327,0
CORD.US,D,20260220,000000,14.7,17.18,14.5,15.9,3338841,0
CORD.US,D,20260223,000000,16.59,16.815,14.45,15.31,1397577,0
CORD.US,D,20260224,000000,15.27,15.27,12.4,12.4,1897986,0
CORD.US,D,20260225,000000,12.025,12.78,11.41,12.71,1411593,0
CORD.US,D,20260226,000000,12.51,13.5,12.06,12.91,2390847,0
CORD.US,D,20260227,000000,16.32,18.6,16.28,17.57,2951125,0
CORD.US,D,20260302,000000,18.84,19.35,17.26,18.18,1513877,0
CORD.US,D,20260303,000000,19.665,21.82,19.55,20.29,891440,0
CORD.US,D,20260304,000000,17.9703,19.05,16.5,17.07,1087641,0
CORD.US,D,20260305,000000,18.18,19.775,17.5,19.29,732980,0
CORD.US,D,20260306,000000,20.1,20.625,17.51,19.99,1052840,0
CORD.US,D,20260309,000000,20.88,21.28,19.21,19.23,535212,0
CORD.US,D,20260310,000000,18.95,19.6029,18.51,19.08,366995,0
CORD.US,D,20260311,000000,16.85,17.47,14.95,15.43,2154262,0
CORD.US,D,20260312,000000,16.33,16.78,15.2601,16.25,995034,0
CORD.US,D,20260313,000000,15.68,16.36,14.4,15.75,1030072,0
CORD.US,D,20260316,000000,13.81,15.36,13,13.86,931954,0
CORD.US,D,20260317,000000,14.515,15.21,14.1104,15.09,587617,0
CORD.US,D,20260318,000000,15.6401,15.75,13.9,14.82,1338631,0
CORD.US,D,20260319,000000,15.76,16.22,15.23,15.64,628940,0
CORD.US,D,20260320,000000,15.7,16.71,14.6317,15.25,1118399,0
CORD.US,D,20260323,000000,15.12,15.66,13.83,15.02,1052860,0
CORD.US,D,20260324,000000,14.6,15.73,14.2,14.7,1080256,0
CORD.US,D,20260325,000000,13.83,14,12.69,13.02,1802220,0
CORD.US,D,20260326,000000,13.31,15.28,12.8902,15.17,1101725,0
CORD.US,D,20260327,000000,15.8,17.92,15.75,17.27,730216,0
CORD.US,D,20260330,000000,17.04,20.86,17.03,20.02,721516,0
CORD.US,D,20260331,000000,17.64,18.2,15.11,15.11,1874532,0
CORD.US,D,20260401,000000,14.41,15.39,13.99,14.67,1352978,0
CORD.US,D,20260402,000000,15.83,16.47,13.25,13.3,2810888,0
CORD.US,D,20260406,000000,13.58,14.19,13.3266,13.7,1017084,0
CORD.US,D,20260407,000000,14,14.0382,12.2601,12.28,1870065,0
CORD.US,D,20260408,000000,10.335,11.62,9.82,11.22,2099220,0
CORD.US,D,20260409,000000,10.94,12.25,9.72,10.46,6345797,0
CORD.US,D,20260410,000000,10.1,10.14,7.31,8.16,11482340,0
CORD.US,D,20260413,000000,7.83,7.85,6.2501,6.845,11434202,0
CORD.US,D,20260414,000000,6.3,6.51,5.78,5.93,10263617,0
CORD.US,D,20260415,000000,5.74,6.315,5.58,5.83,9116553,0
CORD.US,D,20260416,000000,5.69,6.21,5.5,5.77,6205048,0
CORD.US,D,20260417,000000,5.68,6.09,5.63,6,4108110,0
CORD.US,D,20260420,000000,6.07,6.64,5.89,5.94,4905217,0
CORD.US,D,20260421,000000,5.85,6.3,5.62,6.16,3825010,0
CORD.US,D,20260422,000000,5.835,5.9043,5.1307,5.37,6765812,0
CORD.US,D,20260423,000000,5.44,5.95,5.24,5.84,4157198,0
CORD.US,D,20260424,000000,5.47,6.91,5.47,6.56,5762397,0
CORD.US,D,20260427,000000,6.6,7.17,6.25,6.34,3655541,0
CORD.US,D,20260428,000000,7.3,7.36,6.57,7.06,7207048,0
CORD.US,D,20260429,000000,6.7,6.85,5.74,5.9,8463072,0
CORD.US,D,20260430,000000,5.59,6.1903,5.49,6.17,6409275,0
CORD.US,D,20260501,000000,5.89,6,5.0401,5.35,10002844,0
CORD.US,D,20260504,000000,5.16,5.16,4.3625,4.79,8656060,0
CORD.US,D,20260505,000000,4.8,4.995,4.465,4.59,4886992,0
CORD.US,D,20260506,000000,4.34,4.4,3.85,3.85,6908966,0
CORD.US,D,20260507,000000,4.17,4.56,4.11,4.36,8921194,0
CORD.US,D,20260508,000000,5.06,5.61,4.735,5.35,10117788,0
CORD.US,D,20260511,000000,5.54,5.62,4.87,5.33,4403974,0
CORD.US,D,20260512,000000,5.66,6.565,5.66,5.95,4752586,0
CORD.US,D,20260513,000000,5.38,6.11,5.37,5.56,4495734,0
CORD.US,D,20260514,000000,5.57,5.689,4.88,5.26,4964299,0
CORD.US,D,20260515,000000,5.73,5.985,5.66,5.89,3041970,0
CORD.US,D,20260518,000000,5.99,6.86,5.94,6.3,4330151,0
CORD.US,D,20260519,000000,6.94,7.38,6.605,6.78,4324316,0
CORD.US,D,20260520,000000,6.57,7,6.39,6.56,2508660,0
CORD.US,D,20260521,000000,5.96,6.32,5.67,5.78,3805496,0
CORD.US,D,20260522,000000,5.57,6.0407,5.53,5.98,2164263,0
CORD.US,D,20260526,000000,5.7,6.03,5.57,5.93,2607628,0
CORD.US,D,20260527,000000,6.03,6.63,5.99,6.11,2226436,0
CORD.US,D,20260528,000000,5.71,6.1886,5.4102,5.82,2789292,0
CORD.US,D,20260529,000000,5.67,6.31,5.475,5.54,2115799,0
CORD.US,D,20260601,000000,5.01,5.01,3.685,3.98,9527998,0
CORD.US,D,20260602,000000,3.66,4.36,3.53,4.33,7420666,0
CORD.US,D,20260603,000000,4.31,4.9651,4.15,4.94,6187151,0
CORD.US,D,20260604,000000,5.26,5.46,4.99,5.19,4025055,0
CORD.US,D,20260605,000000,5.54,6.395,5.53,5.93,5560287,0
CORD.US,D,20260608,000000,5.76,6.17,5.4798,5.69,3838227,0
CORD.US,D,20260609,000000,5.52,6.67,5.36,6.13,5525527,0
CORD.US,D,20260610,000000,6.49,6.535,5.88,6.48,3891115,0
CORD.US,D,20260611,000000,6.85,7.1,6.37,6.45,4351112,0
CORD.US,D,20260612,000000,5.98,6.2677,5.15,5.81,6626612,0
CORD.US,D,20260615,000000,5.41,5.41,4.865,5.11,3361202,0
CORD.US,D,20260616,000000,4.97,5.0252,3.89,4.1,9402422,0
CORD.US,D,20260617,000000,4.12,4.2602,3.775,4.2401,6164967,0
CORD.US,D,20260618,000000,3.98,4.3201,3.9,4.04,5455601,0
CORD.US,D,20260622,000000,3.95,4.81,3.95,4.495,5977389,0
CORD.US,D,20260623,000000,5.17,5.24,4.44,4.955,7055314,0
CORD.US,D,20260624,000000,5.145,5.64,5.06,5.4,4748750,0
