<TICKER>,<PER>,<DATE>,<TIME>,<OPEN>,<HIGH>,<LOW>,<CLOSE>,<VOL>,<OPENINT>
LABX.US,D,20250812,000000,79.53,87.42,78.15,85.35,29790.3,0
LABX.US,D,20250813,000000,87.24,92.4666,82.05,87,26548.9,0
LABX.US,D,20250814,000000,81,85.8,80.31,84.21,15523.9,0
LABX.US,D,20250815,000000,80.2677,81.63,77.37,80.4,12651.9,0
LABX.US,D,20250818,000000,78.09,80.805,72.81,80.67,10762.3,0
LABX.US,D,20250819,000000,79.08,79.08,66.6,66.81,14773.9,0
LABX.US,D,20250820,000000,64.47,68.4498,59.433,68.4498,30574.6,0
LABX.US,D,20250821,000000,68.1,74.61,67.95,72.15,25660.3,0
LABX.US,D,20250822,000000,70.5963,78.7314,69.72,73.6062,24606.6,0
LABX.US,D,20250825,000000,72,72.9,67.86,69.345,10194.9,0
LABX.US,D,20250826,000000,71.22,74.64,69.75,72.75,17718.3,0
LABX.US,D,20250827,000000,76.71,77.31,71.1,73.35,24292.3,0
LABX.US,D,20250828,000000,75.75,83.07,75.75,81.8193,92334.3,0
LABX.US,D,20250829,000000,81,81,72.63,75.3,41043.9,0
LABX.US,D,20250902,000000,70.65,74.37,63.54,68.76,46721.9,0
LABX.US,D,20250903,000000,69.33,73.26,67.635,70.35,13797.3,0
LABX.US,D,20250904,000000,72.6,79.7097,69.03,79.65,66374.9,0
LABX.US,D,20250905,000000,84.48,87.6,76.38,82.35,91565.9,0
LABX.US,D,20250908,000000,87.63,107.88,87.63,103.35,101461,0
LABX.US,D,20250909,000000,101.37,105.51,96.81,101.91,34703.6,0
LABX.US,D,20250910,000000,112.35,117.75,104.7,117.75,32572.3,0
LABX.US,D,20250911,000000,121.107,124.95,115.59,120.078,57444.9,0
LABX.US,D,20250912,000000,120.54,122.074,112.012,115.56,17462.3,0
LABX.US,D,20250915,000000,115.02,122.7,114,118.77,24450.3,0
LABX.US,D,20250916,000000,120.33,128.07,119.49,125.31,28291.9,0
LABX.US,D,20250917,000000,131.67,139.83,124.338,136.74,39341.9,0
LABX.US,D,20250918,000000,145.17,152.19,132,138.63,59317.6,0
LABX.US,D,20250919,000000,131.19,136.387,117.03,131.85,102326,0
LABX.US,D,20250922,000000,126.525,129.71,117.96,123.12,92971.6,0
LABX.US,D,20250923,000000,122.4,123,105.3,116.31,127387,0
LABX.US,D,20250924,000000,97.59,99,81.9,90.51,231407,0
LABX.US,D,20250925,000000,79.8,90.99,79.5,87.48,121888,0
LABX.US,D,20250926,000000,87.54,87.87,80.55,83.97,78993.6,0
LABX.US,D,20250929,000000,93.045,93.84,84.6342,85.65,99687.3,0
LABX.US,D,20250930,000000,87.39,90.78,76.995,82.71,114026,0
LABX.US,D,20251001,000000,78.27,82.41,74.7,80.85,82201.6,0
LABX.US,D,20251002,000000,86.1,95.55,84.3024,94.44,195217,0
LABX.US,D,20251003,000000,97.5165,97.56,84,86.58,118694,0
LABX.US,D,20251006,000000,109.83,112.47,100.17,103.47,239952,0
LABX.US,D,20251007,000000,103.98,105.75,89.1,94.53,177347,0
LABX.US,D,20251008,000000,96.87,101.55,94.5,100.98,53902.6,0
LABX.US,D,20251009,000000,104.25,110.88,101.25,107.73,85893.6,0
LABX.US,D,20251010,000000,108.03,111,86.94,88.41,146261,0
LABX.US,D,20251013,000000,96.21,96.45,79.98,82.95,150418,0
LABX.US,D,20251014,000000,69.15,70.23,50.25,51.3819,686545,0
LABX.US,D,20251015,000000,57,57.03,49.2363,51.33,232118,0
LABX.US,D,20251016,000000,52.44,54.9,50.16,52.38,185778,0
LABX.US,D,20251017,000000,50.1,50.16,46.7103,49.98,107474,0
LABX.US,D,20251020,000000,47.67,49.8,46.05,47.64,132561,0
LABX.US,D,20251021,000000,46.512,50.7684,44.16,48.45,204269,0
LABX.US,D,20251022,000000,46.41,48.96,42.96,46.65,167245,0
LABX.US,D,20251023,000000,46.9425,53.715,46.9425,52.08,235920,0
LABX.US,D,20251024,000000,54.96,56.25,52.77,52.83,175858,0
LABX.US,D,20251027,000000,57.0075,58.62,54.9105,56.34,131135,0
LABX.US,D,20251028,000000,57.87,59.4,54,55.17,118255,0
LABX.US,D,20251029,000000,56.94,59.64,55.65,58.35,153799,0
LABX.US,D,20251030,000000,54.6,59.82,54.45,55.6941,149464,0
LABX.US,D,20251031,000000,63.33,76.8,63.3,67.08,522877,0
LABX.US,D,20251103,000000,70.35,75.18,67.74,70.74,206748,0
LABX.US,D,20251104,000000,63.66,72,61.83,62.28,300640,0
LABX.US,D,20251105,000000,64.35,69.45,57,62.97,352510,0
LABX.US,D,20251106,000000,62.64,64.425,49.8,50.1,264851,0
LABX.US,D,20251107,000000,46.68,51.6876,43.08,51.51,173139,0
LABX.US,D,20251110,000000,56.37,58.56,53.0403,56.85,145169,0
LABX.US,D,20251111,000000,54.585,57,52.11,52.65,65169.9,0
LABX.US,D,20251112,000000,52.26,52.26,43.5,46.5,144503,0
LABX.US,D,20251113,000000,44.94,44.97,34.83,38.7,260834,0
LABX.US,D,20251114,000000,35.52,42.3732,34.59,38.61,126713,0
LABX.US,D,20251117,000000,39.135,40.05,34.98,36.87,98014.3,0
LABX.US,D,20251118,000000,35.31,38.31,34.74,35.985,100454,0
LABX.US,D,20251119,000000,35.76,38.49,35.13,37.29,67745.9,0
LABX.US,D,20251120,000000,43.86,47.13,35.1,35.7,411389,0
LABX.US,D,20251121,000000,35.58,38.19,31.74,37.23,166176,0
LABX.US,D,20251124,000000,38.91,42.0789,38.85,40.32,104113,0
LABX.US,D,20251125,000000,37.23,38.9064,34.2,38.67,119957,0
LABX.US,D,20251126,000000,39.36,44.9214,38.2815,43.44,177050,0
LABX.US,D,20251128,000000,45.24,45.8697,42.5838,45.57,76752.9,0
LABX.US,D,20251201,000000,43.83,54.36,42.84,49.89,176111,0
LABX.US,D,20251202,000000,55.5003,55.6722,36.03,36.57,451415,0
LABX.US,D,20251203,000000,40.4169,41.7,37.44,41.19,235941,0
LABX.US,D,20251204,000000,40.05,41.97,38.4,41.19,177684,0
LABX.US,D,20251205,000000,42.39,46.872,42.09,46.05,265545,0
LABX.US,D,20251208,000000,46.68,54.69,46.2,54.21,315759,0
LABX.US,D,20251209,000000,47.25,51.6,46.35,48.9,196054,0
LABX.US,D,20251210,000000,48.495,48.75,46.1703,47.16,107394,0
LABX.US,D,20251211,000000,45.36,52.7697,40.86,52.53,198252,0
LABX.US,D,20251212,000000,51.87,52.0797,36.4488,37.05,631695,0
LABX.US,D,20251215,000000,38.52,39.27,34.68,34.8,241682,0
LABX.US,D,20251216,000000,33.663,36.66,33.42,35.25,159226,0
LABX.US,D,20251217,000000,37.89,39.24,33.18,33.36,252094,0
LABX.US,D,20251218,000000,35.55,37.2,34.92,35.94,152988,0
LABX.US,D,20251219,000000,36.21,46.02,36.18,44.97,316734,0
LABX.US,D,20251222,000000,46.2,50.88,46.2,48.45,262289,0
LABX.US,D,20251223,000000,45.93,48.93,44.79,47.13,119994,0
LABX.US,D,20251224,000000,47.31,49.0566,46.5,47.91,61196.9,0
LABX.US,D,20251226,000000,48.96,49.47,45.66,46.14,93593.9,0
LABX.US,D,20251229,000000,44.115,48.12,42.81,47.79,87379.6,0
LABX.US,D,20251230,000000,48.15,51.09,46.23,48.33,183182,0
LABX.US,D,20251231,000000,47.85,50.04,45.705,45.705,76554.9,0
LABX.US,D,20260102,000000,48.9,54.75,48.87,52.89,298639,0
LABX.US,D,20260105,000000,55.74,56.25,43.005,45.54,531628,0
LABX.US,D,20260106,000000,45.42,45.42,36.924,42.27,551912,0
LABX.US,D,20260107,000000,40.77,46.14,38.31,44.61,326279,0
LABX.US,D,20260108,000000,44.325,45.6,39.24,39.78,331017,0
LABX.US,D,20260109,000000,40.5,43.755,39.33,42.66,262238,0
LABX.US,D,20260112,000000,41.34,49.8,41.34,47.88,343639,0
LABX.US,D,20260113,000000,49.35,54.066,48.2853,52.29,331024,0
LABX.US,D,20260114,000000,49.2264,49.71,44.6956,47.64,249455,0
LABX.US,D,20260115,000000,49.8003,52.14,46.65,48.72,314848,0
LABX.US,D,20260116,000000,51.21,56.3235,50.76,52.92,430142,0
LABX.US,D,20260120,000000,47.55,57.54,47.55,53.94,284095,0
LABX.US,D,20260121,000000,54.81,54.81,43.23,49.47,458422,0
LABX.US,D,20260122,000000,51.93,52.7997,46.5,49.44,205187,0
LABX.US,D,20260123,000000,50.1,50.1,42.6,45.9,296556,0
LABX.US,D,20260126,000000,45.135,47.7555,42.1467,42.27,213074,0
LABX.US,D,20260127,000000,43.185,46.65,41.25,46.26,174537,0
LABX.US,D,20260128,000000,47.7,49.44,43.14,44.76,151397,0
LABX.US,D,20260129,000000,44.235,44.235,37.44,40.68,268987,0
LABX.US,D,20260130,000000,39.93,41.1,35.1,35.82,186684,0
LABX.US,D,20260202,000000,34.2615,37.08,34.2,36.69,98199.3,0
LABX.US,D,20260203,000000,38.1,41.4246,35.664,39.36,172946,0
LABX.US,D,20260204,000000,39.3,39.93,31.05,32.7,211583,0
LABX.US,D,20260205,000000,30.66,32.9988,29.4,31.8,121413,0
LABX.US,D,20260206,000000,35.76,43.8,35.76,43.8,273395,0
LABX.US,D,20260209,000000,43.23,53.1,43.17,52.86,430868,0
LABX.US,D,20260210,000000,54.69,55.065,49.14,50.25,351368,0
LABX.US,D,20260211,000000,38.28,38.58,27.6003,28.68,1584449,0
LABX.US,D,20260212,000000,29.64,30.75,21.63,21.99,1180679,0
LABX.US,D,20260213,000000,22.44,24.105,20.4903,22.77,824236,0
LABX.US,D,20260217,000000,22.11,22.11,18.6,20.7432,652418,0
LABX.US,D,20260218,000000,20.94,23.34,20.49,22.71,350622,0
LABX.US,D,20260219,000000,22.395,23.94,21.93,23.73,368165,0
LABX.US,D,20260220,000000,22.95,24.63,22.179,22.65,311213,0
LABX.US,D,20260223,000000,21.72,22.26,20.52,22.14,241297,0
LABX.US,D,20260224,000000,22.62,23.22,21.6,22.23,306954,0
LABX.US,D,20260225,000000,22.155,22.41,19.92,22.05,596190,0
LABX.US,D,20260226,000000,20.622,21.0834,19.71,20.91,196631,0
LABX.US,D,20260227,000000,20.07,20.625,18.546,18.9,363071,0
LABX.US,D,20260302,000000,16.89,19.71,16.86,19.53,318617,0
LABX.US,D,20260303,000000,17.61,17.67,15.15,16.05,402407,0
LABX.US,D,20260304,000000,16.62,17.94,15.81,17.1,338079,0
LABX.US,D,20260305,000000,18.78,20.28,18.24,19.11,877050,0
LABX.US,D,20260306,000000,17.91,20.37,17.745,18.75,429803,0
LABX.US,D,20260309,000000,17.64,19.725,16.47,19.68,446347,0
LABX.US,D,20260310,000000,19.8,19.8,17.7,17.81,253635,0
LABX.US,D,20260311,000000,17.845,21.36,17.84,20.33,342044,0
LABX.US,D,20260312,000000,19.58,20.14,18.22,18.8,173712,0
LABX.US,D,20260313,000000,19.3599,19.7768,17.96,18.97,152921,0
LABX.US,D,20260316,000000,19.71,21.93,19.58,21.15,398551,0
LABX.US,D,20260317,000000,21.95,23.6,20.33,21.22,397631,0
LABX.US,D,20260318,000000,21.15,21.65,19.7,20.84,201169,0
LABX.US,D,20260319,000000,19.63,21.0899,18.6162,20.61,250247,0
LABX.US,D,20260320,000000,19.93,19.93,16.95,17.3,391248,0
LABX.US,D,20260323,000000,17.98,20,17.98,19.62,304535,0
LABX.US,D,20260324,000000,19.16,19.62,18.085,18.98,118573,0
LABX.US,D,20260325,000000,19.95,20.35,18.26,18.5,175535,0
LABX.US,D,20260326,000000,17.51,18.325,16.5,16.5,141372,0
LABX.US,D,20260327,000000,15.88,16.77,15.7,16.16,91665,0
LABX.US,D,20260330,000000,16.04,16.105,12,12.57,348185,0
LABX.US,D,20260331,000000,12.72,15.18,12.71,14.92,307211,0
LABX.US,D,20260401,000000,15.61,15.61,13.9657,14.01,176275,0
LABX.US,D,20260402,000000,12.85,16.99,12.8056,16.89,299002,0
LABX.US,D,20260406,000000,16.6,18.47,16.6,17.23,206254,0
LABX.US,D,20260407,000000,16.62,17.77,16.24,17.37,172517,0
LABX.US,D,20260408,000000,19.9,20.6538,18.31,19.26,187715,0
LABX.US,D,20260409,000000,19.78,20.61,18.73,20.6,272043,0
LABX.US,D,20260410,000000,22.29,27.5,22.29,26.95,951589,0
LABX.US,D,20260413,000000,27.56,33.489,27.475,33.28,1048001,0
LABX.US,D,20260414,000000,32.49,35.1977,29.7601,34.54,853725,0
LABX.US,D,20260415,000000,34.37,36.45,32.9,35.15,323719,0
LABX.US,D,20260416,000000,35.1,35.78,30.865,34.61,227902,0
LABX.US,D,20260417,000000,36.12,36.49,33.35,35.82,242952,0
LABX.US,D,20260420,000000,36.01,37,33.7,36.86,317514,0
LABX.US,D,20260421,000000,42.43,45.5,40.11,43.43,739103,0
LABX.US,D,20260422,000000,46.22,47.251,41.361,44.59,557935,0
LABX.US,D,20260423,000000,42.57,49.19,42.57,45.61,433556,0
LABX.US,D,20260424,000000,48.745,53.86,48.745,53.04,420081,0
LABX.US,D,20260427,000000,51.6,52.1,43.33,44.96,398900,0
LABX.US,D,20260428,000000,37.5,42,37.4,38.66,271772,0
LABX.US,D,20260429,000000,40.31,44.75,38.92,44.75,274336,0
LABX.US,D,20260430,000000,46.83,46.83,39.12,44.03,362384,0
LABX.US,D,20260501,000000,44.16,48.24,42.82,47.01,279310,0
LABX.US,D,20260504,000000,47.15,50.5,45.8001,46.84,215495,0
LABX.US,D,20260505,000000,48.94,55.66,48.94,53.21,658998,0
LABX.US,D,20260506,000000,60,60.53,47,52.49,680221,0
LABX.US,D,20260507,000000,51.28,52.499,42,43.76,464915,0
LABX.US,D,20260508,000000,45.75,46.265,40.84,45.28,353905,0
LABX.US,D,20260511,000000,44.31,49,43.61,48.7,500185,0
LABX.US,D,20260512,000000,46.3,51.7,41.8,47.02,361059,0
LABX.US,D,20260513,000000,49.18,56.56,47.5224,56.4,533918,0
LABX.US,D,20260514,000000,56.06,59.5,52.32,58.39,237598,0
LABX.US,D,20260515,000000,52,64.13,49,60.5,399917,0
LABX.US,D,20260518,000000,61.35,61.99,48.57,51.44,292794,0
LABX.US,D,20260519,000000,49.36,70.86,49.36,65.3,547610,0
LABX.US,D,20260520,000000,69.92,88.77,69.21,88.77,801068,0
LABX.US,D,20260521,000000,86.28,95.25,84.93,95.25,325953,0
LABX.US,D,20260522,000000,95.84,106.4203,95.84,100.47,258718,0
LABX.US,D,20260526,000000,107.05,110.98,89.685,108.19,432807,0
LABX.US,D,20260527,000000,112.48,114.1003,100,113.18,215112,0
LABX.US,D,20260528,000000,117.92,132.8399,113.38,129.83,279321,0
LABX.US,D,20260529,000000,127.39,129.95,115.05,125.03,293423,0
LABX.US,D,20260601,000000,114.99,117.3198,105.12,107.8,291584,0
LABX.US,D,20260602,000000,111.59,132.47,111.09,132.47,316381,0
LABX.US,D,20260603,000000,138.01,143.656,119,137.965,295431,0
LABX.US,D,20260604,000000,125.93,138.39,118.16,134.1,182521,0
LABX.US,D,20260605,000000,120.55,126.065,101.585,102.58,232398,0
LABX.US,D,20260608,000000,111.86,126.88,109.97,122.13,228127,0
LABX.US,D,20260609,000000,130,140,92.4,118.86,340709,0
LABX.US,D,20260610,000000,115.295,131.01,110.8,111.79,166095,0
LABX.US,D,20260611,000000,118.76,135.5,116.33,135.34,236965,0
LABX.US,D,20260612,000000,146.77,152,130.7015,135.71,207287,0
LABX.US,D,20260615,000000,150,158.2,134,151.22,186964,0
LABX.US,D,20260616,000000,150.11,157.41,130.01,131.08,210592,0
LABX.US,D,20260617,000000,140.825,152.73,136.09,139.21,138669,0
LABX.US,D,20260618,000000,149.08,174,143.01,170.43,229776,0
LABX.US,D,20260622,000000,179.91,190.06,167.21,190.04,169880,0
LABX.US,D,20260623,000000,155,172.3498,149.2201,152.52,221696,0
LABX.US,D,20260624,000000,159.7,170.6,144.73,151.92,131653,0
