<TICKER>,<PER>,<DATE>,<TIME>,<OPEN>,<HIGH>,<LOW>,<CLOSE>,<VOL>,<OPENINT>
NUKX.US,D,20260303,000000,47.61,48.02,46.695,47.6162,68234,0
NUKX.US,D,20260304,000000,47.5,48.74,47.5,48.4623,2308,0
NUKX.US,D,20260305,000000,48.25,49,45.6246,46.5826,5704,0
NUKX.US,D,20260306,000000,45.985,45.985,45.085,45.4045,2125,0
NUKX.US,D,20260309,000000,44.785,46.4319,44.785,46.4319,1651,0
NUKX.US,D,20260310,000000,48.375,48.51,47.4158,47.4158,2573,0
NUKX.US,D,20260311,000000,47.245,47.245,46.8969,46.8969,447,0
NUKX.US,D,20260313,000000,45.87,45.87,45.3613,45.3613,440,0
NUKX.US,D,20260316,000000,45.87,46.675,45.61,46.0885,5239,0
NUKX.US,D,20260317,000000,47.04,47.065,45.78,46.173,876,0
NUKX.US,D,20260319,000000,43.67,44.1526,42.8,44.1526,2084,0
NUKX.US,D,20260320,000000,44.3999,44.3999,41.37,41.5635,2715,0
NUKX.US,D,20260323,000000,43.75,44.0699,42.68,43.0157,2750,0
NUKX.US,D,20260325,000000,43.6447,43.9645,43.6447,43.9645,642,0
NUKX.US,D,20260326,000000,43.12,43.12,42.3371,42.3371,1785,0
NUKX.US,D,20260327,000000,42.265,42.53,42.0821,42.0821,1017,0
NUKX.US,D,20260330,000000,42,42.64,40.7914,40.7914,4524,0
NUKX.US,D,20260331,000000,41.28,43.05,41.28,42.9144,3028,0
NUKX.US,D,20260401,000000,44.38,44.38,43.0506,43.0506,1390,0
NUKX.US,D,20260402,000000,42.1,43.3867,42.1,43.3867,1769,0
NUKX.US,D,20260406,000000,43.4,43.4,42.704,42.8415,1543,0
NUKX.US,D,20260407,000000,41.86,41.9101,41.4,41.7222,2668,0
NUKX.US,D,20260408,000000,44.25,44.25,44.0044,44.0044,1281,0
NUKX.US,D,20260409,000000,44.04,44.04,43.3346,43.3346,792,0
NUKX.US,D,20260410,000000,43.77,44.7599,43.6275,43.6275,3751,0
NUKX.US,D,20260413,000000,43.895,44.7355,43.895,44.7355,1146,0
NUKX.US,D,20260414,000000,46.12,46.12,45.01,45.4339,2759,0
NUKX.US,D,20260415,000000,46.1,46.5903,46.1,46.5903,808,0
NUKX.US,D,20260417,000000,48.37,48.675,47.66,47.81,2157,0
NUKX.US,D,20260420,000000,48.05,48.25,47.45,47.8361,2341,0
NUKX.US,D,20260421,000000,47.03,47.9,45.7201,45.7347,2452,0
NUKX.US,D,20260422,000000,48.08,49.1005,47.25,49.1005,1879,0
NUKX.US,D,20260423,000000,50.78,50.84,48.8484,48.8484,4487,0
NUKX.US,D,20260424,000000,48.295,48.79,48.0233,48.0233,2866,0
NUKX.US,D,20260427,000000,48.12,49.1254,47.9301,49.1254,2797,0
NUKX.US,D,20260428,000000,47.62,47.62,47.2151,47.2151,1541,0
NUKX.US,D,20260429,000000,47.45,47.45,45.33,45.3331,3121,0
NUKX.US,D,20260430,000000,45.01,48.52,45.01,48.5155,2807,0
NUKX.US,D,20260501,000000,48.52,48.54,48,48.1074,3999,0
NUKX.US,D,20260504,000000,47.705,48.42,47.26,47.7922,2318,0
NUKX.US,D,20260505,000000,48.68,48.68,47.3275,47.3275,2308,0
NUKX.US,D,20260506,000000,48.23,50.76,47.83,50.327,4044,0
NUKX.US,D,20260507,000000,50.8,50.8,48.045,48.6667,33401,0
NUKX.US,D,20260508,000000,49.37,49.37,46.52,47.641,13994,0
NUKX.US,D,20260511,000000,50.11,50.22,47.64,49.4663,11327,0
NUKX.US,D,20260512,000000,48.92,48.92,46.35,47.1519,8544,0
NUKX.US,D,20260513,000000,47.03,47.03,45.97,46.1251,7918,0
NUKX.US,D,20260514,000000,46.58,46.58,44.915,45.938,7610,0
NUKX.US,D,20260515,000000,44.84,44.84,42.94,43.2409,5515,0
NUKX.US,D,20260518,000000,44.11,44.11,41.3501,41.8227,7831,0
NUKX.US,D,20260519,000000,40.99,41.05,40.29,40.7132,4009,0
NUKX.US,D,20260520,000000,41.11,42.4,41.11,42.0061,5218,0
NUKX.US,D,20260521,000000,42.5,43.25,41.77,42.9357,2223,0
NUKX.US,D,20260522,000000,44.3,44.3,43.2203,43.2203,5031,0
NUKX.US,D,20260526,000000,44.6701,45.67,44.555,45.0275,5248,0
NUKX.US,D,20260527,000000,45.13,45.13,43.0201,44.1126,7932,0
NUKX.US,D,20260528,000000,43.325,44.92,43.325,44.2829,4213,0
NUKX.US,D,20260529,000000,43.92,44.72,43.61,44.72,3801,0
NUKX.US,D,20260601,000000,44.16,44.6,43.545,44.0447,7189,0
NUKX.US,D,20260602,000000,44.05,46.46,44.03,46.1955,4452,0
NUKX.US,D,20260603,000000,45.05,45.12,43.305,43.5054,5862,0
NUKX.US,D,20260604,000000,43.57,43.67,42.8075,43.55,8327,0
NUKX.US,D,20260605,000000,43,43,39.6628,39.6628,8004,0
NUKX.US,D,20260608,000000,40,40.7451,39.7873,39.7873,3118,0
NUKX.US,D,20260609,000000,40.3,40.3,36.9,38.4534,5716,0
NUKX.US,D,20260610,000000,38.37,38.37,36.5017,36.54,7867,0
NUKX.US,D,20260611,000000,36.65,38.475,36.4,38.475,4782,0
NUKX.US,D,20260612,000000,39.06,39.1,38.3776,38.7859,2513,0
NUKX.US,D,20260615,000000,39.41,41.67,39.41,41.3261,5382,0
NUKX.US,D,20260616,000000,43.13,43.13,40.5871,40.5871,10735,0
NUKX.US,D,20260617,000000,40.94,41.99,40.4382,40.8161,7421,0
NUKX.US,D,20260618,000000,42.35,42.69,41.01,42.3011,24357,0
NUKX.US,D,20260622,000000,42.39,42.39,41.62,41.7737,7421,0
NUKX.US,D,20260623,000000,41,41.2,40.3592,40.55,5283,0
NUKX.US,D,20260624,000000,39.2282,39.2282,39.0943,39.2282,3474,0
