<TICKER>,<PER>,<DATE>,<TIME>,<OPEN>,<HIGH>,<LOW>,<CLOSE>,<VOL>,<OPENINT>
OFRM.US,D,20260206,000000,21,22,20.11,21.05,6788920,0
OFRM.US,D,20260209,000000,22.8,26.04,20.95,21,3503634,0
OFRM.US,D,20260210,000000,21.52,21.92,20.5,21.25,993975,0
OFRM.US,D,20260211,000000,21.25,23,21.07,22.38,888796,0
OFRM.US,D,20260212,000000,22.9462,22.9647,20.58,20.73,707015,0
OFRM.US,D,20260213,000000,20.7,22.02,20.7,21.92,370743,0
OFRM.US,D,20260217,000000,22.65,24.21,22.447,23.95,844275,0
OFRM.US,D,20260218,000000,24.545,25.18,23.95,25.14,426902,0
OFRM.US,D,20260219,000000,25.61,26,25.3,25.92,640545,0
OFRM.US,D,20260220,000000,26.36,27,23.8722,24.09,616664,0
OFRM.US,D,20260223,000000,24.5421,24.55,22.67,24.01,443615,0
OFRM.US,D,20260224,000000,23.8,24.295,22.85,23.56,258300,0
OFRM.US,D,20260225,000000,23.64,23.88,21.1701,22.4,542477,0
OFRM.US,D,20260226,000000,22.68,23.25,21.55,23.02,362977,0
OFRM.US,D,20260227,000000,22.8,23.54,22.26,23.21,488177,0
OFRM.US,D,20260302,000000,22.64,24.255,22.22,23.58,300442,0
OFRM.US,D,20260303,000000,22.75,24.37,22.65,23.27,396470,0
OFRM.US,D,20260304,000000,23.66,24.34,23.2272,23.79,319690,0
OFRM.US,D,20260305,000000,23.775,24.145,21.31,21.99,487558,0
OFRM.US,D,20260306,000000,21.75,21.9799,20.6,20.75,519900,0
OFRM.US,D,20260309,000000,21.05,21.4681,20.75,21.17,398448,0
OFRM.US,D,20260310,000000,21.172,21.8,20.75,21.32,452598,0
OFRM.US,D,20260311,000000,21.13,21.14,20.2,20.7,550203,0
OFRM.US,D,20260312,000000,20.7,21.85,20.07,20.35,1217489,0
OFRM.US,D,20260313,000000,17.73,19.56,15.76,18.87,2712218,0
OFRM.US,D,20260316,000000,18.527,18.95,17.75,18.1,947319,0
OFRM.US,D,20260317,000000,18.27,18.8,18.05,18.3,500664,0
OFRM.US,D,20260318,000000,18.2,19,18.01,18.22,504719,0
OFRM.US,D,20260319,000000,18,18.05,16.82,17.36,619852,0
OFRM.US,D,20260320,000000,17.15,17.29,16.4,17.1,1186382,0
OFRM.US,D,20260323,000000,17.25,17.6,16.7742,17.06,448282,0
OFRM.US,D,20260324,000000,17,17.54,15.65,16.16,643812,0
OFRM.US,D,20260325,000000,16.01,16.74,15.62,16.74,707284,0
OFRM.US,D,20260326,000000,16.55,17.09,16.01,16.01,608389,0
OFRM.US,D,20260327,000000,16,16.29,15.22,15.26,746043,0
OFRM.US,D,20260330,000000,15.36,16.03,15,15.25,569505,0
OFRM.US,D,20260331,000000,15.43,16.65,15.34,16.35,1030949,0
OFRM.US,D,20260401,000000,16.62,16.65,15.8,15.84,586931,0
OFRM.US,D,20260402,000000,15.36,15.7,14.86,15.33,699781,0
OFRM.US,D,20260406,000000,15.3,15.93,15.175,15.79,684382,0
OFRM.US,D,20260407,000000,15.64,16.29,15.38,16.25,494710,0
OFRM.US,D,20260408,000000,16.88,17.11,16.23,16.34,661986,0
OFRM.US,D,20260409,000000,16.02,17.2,15.96,16.35,324115,0
OFRM.US,D,20260410,000000,16.2,16.42,14.9,14.92,358381,0
OFRM.US,D,20260413,000000,15.01,15.79,14.3,15.69,830846,0
OFRM.US,D,20260414,000000,15.56,15.95,15.145,15.9,424620,0
OFRM.US,D,20260415,000000,16.02,16.14,15.51,15.73,328648,0
OFRM.US,D,20260416,000000,15.75,16.17,15.53,15.89,315740,0
OFRM.US,D,20260417,000000,16.13,16.92,15.9,16.54,610053,0
OFRM.US,D,20260420,000000,16.05,16.315,15.14,15.26,634567,0
OFRM.US,D,20260421,000000,15.29,15.4903,14.67,15.16,434862,0
OFRM.US,D,20260422,000000,15.21,15.68,14.91,15.16,275610,0
OFRM.US,D,20260423,000000,15.11,15.1789,14.47,14.68,438026,0
OFRM.US,D,20260424,000000,14.67,15.29,14.6,14.86,336429,0
OFRM.US,D,20260427,000000,14.87,15.02,14.32,14.51,367533,0
OFRM.US,D,20260428,000000,14.71,15.44,14.565,14.87,380456,0
OFRM.US,D,20260429,000000,14.84,15.145,14.16,14.52,348885,0
OFRM.US,D,20260430,000000,14.7,15.34,14.7,15.25,339581,0
OFRM.US,D,20260501,000000,15.3,15.735,15.24,15.25,363849,0
OFRM.US,D,20260504,000000,15.1,15.42,14.58,14.73,295017,0
OFRM.US,D,20260505,000000,14.71,14.9899,14.29,14.7,310146,0
OFRM.US,D,20260506,000000,14.81,14.9482,14.27,14.62,413159,0
OFRM.US,D,20260507,000000,14.64,15.4,14.555,15.3,532620,0
OFRM.US,D,20260508,000000,15.98,16.8381,14,16.33,1294741,0
OFRM.US,D,20260511,000000,16.2,16.2,15.12,15.36,360806,0
OFRM.US,D,20260512,000000,15.13,16.47,15.09,16.09,385034,0
OFRM.US,D,20260513,000000,16.09,17.38,16.047,16.55,608069,0
OFRM.US,D,20260514,000000,16.59,17.31,16.14,16.32,576304,0
OFRM.US,D,20260515,000000,16.01,16.49,15.65,15.97,340953,0
OFRM.US,D,20260518,000000,15.8,16.08,15.465,15.88,281537,0
OFRM.US,D,20260519,000000,15.75,16.27,15.6,16.19,300327,0
OFRM.US,D,20260520,000000,16.15,16.27,15.76,15.93,272169,0
OFRM.US,D,20260521,000000,15.8,15.81,15.17,15.69,257476,0
OFRM.US,D,20260522,000000,15.74,16.1,15.54,15.84,276480,0
OFRM.US,D,20260526,000000,15.86,15.86,14.925,15.01,542699,0
OFRM.US,D,20260527,000000,15.01,15.63,14.9,14.93,292049,0
OFRM.US,D,20260528,000000,14.96,15.59,14.93,15.2,335124,0
OFRM.US,D,20260529,000000,15.25,15.55,15.135,15.45,208528,0
OFRM.US,D,20260601,000000,15.36,15.49,14.7,14.7,364403,0
OFRM.US,D,20260602,000000,14.71,15.11,14.41,14.48,472791,0
OFRM.US,D,20260603,000000,14.49,15,14.48,14.77,313425,0
OFRM.US,D,20260604,000000,14.88,15.19,14.52,14.94,294872,0
OFRM.US,D,20260605,000000,14.8,15.12,14.67,14.86,196696,0
OFRM.US,D,20260608,000000,14.88,15.23,14.57,15.15,318008,0
OFRM.US,D,20260609,000000,15.1,16.17,15.065,16.16,334845,0
OFRM.US,D,20260610,000000,16.24,17.45,16.02,17.34,797631,0
OFRM.US,D,20260611,000000,17.37,18.71,17.07,18.66,1053450,0
OFRM.US,D,20260612,000000,18.66,20.19,18.36,20.06,644098,0
OFRM.US,D,20260615,000000,20.11,20.4048,18.58,18.64,471475,0
OFRM.US,D,20260616,000000,18.56,19.49,18.56,19.07,549662,0
OFRM.US,D,20260617,000000,19,19.04,18.22,18.55,281482,0
OFRM.US,D,20260618,000000,18.84,19.62,18.455,19.38,326215,0
OFRM.US,D,20260622,000000,19.4,20.34,19.2001,19.46,550892,0
OFRM.US,D,20260623,000000,19.31,20.5,19.01,20,467494,0
OFRM.US,D,20260624,000000,20.15,21.1309,20.01,20.46,879744,0
