<TICKER>,<PER>,<DATE>,<TIME>,<OPEN>,<HIGH>,<LOW>,<CLOSE>,<VOL>,<OPENINT>
TSSD.US,D,20251230,000000,24.94,25.69,24.89,24.8915,64873,0
TSSD.US,D,20251231,000000,25.05,25.1799,24.65,24.65,43981,0
TSSD.US,D,20260102,000000,24.65,24.88,24.4354,24.6559,13146,0
TSSD.US,D,20260105,000000,25.12,25.43,25.02,25.3802,33759,0
TSSD.US,D,20260106,000000,25.63,26.13,25.5,26.13,67672,0
TSSD.US,D,20260107,000000,26.05,26.285,25.738,25.87,103657,0
TSSD.US,D,20260108,000000,26.52,26.54,25.77,26.04,124430,0
TSSD.US,D,20260109,000000,26.21,26.51,26.015,26.51,89445,0
TSSD.US,D,20260112,000000,26.43,26.72,26.3584,26.72,109291,0
TSSD.US,D,20260113,000000,26.85,26.85,26.5593,26.66,66477,0
TSSD.US,D,20260114,000000,26.55,26.7591,26.465,26.7591,75739,0
TSSD.US,D,20260115,000000,26.9,26.981,26.7,26.8478,43005,0
TSSD.US,D,20260116,000000,27.0499,27.0499,26.7403,26.9303,38058,0
TSSD.US,D,20260120,000000,26.6,26.79,26.29,26.29,98411,0
TSSD.US,D,20260121,000000,26.43,26.58,26.1285,26.4,29975,0
TSSD.US,D,20260122,000000,26.65,26.66,26.4263,26.58,22868,0
TSSD.US,D,20260123,000000,26.72,26.83,26.52,26.57,26222,0
TSSD.US,D,20260126,000000,26.64,26.69,26.57,26.61,26427,0
TSSD.US,D,20260127,000000,26.89,27.0513,26.82,26.98,19641,0
TSSD.US,D,20260128,000000,27.03,27.07,26.6208,26.64,22930,0
TSSD.US,D,20260129,000000,26.64,26.64,25.92,26.07,27973,0
TSSD.US,D,20260130,000000,25.9,26.1284,25.71,25.71,15619,0
TSSD.US,D,20260202,000000,25.78,25.9,25.74,25.75,15195,0
TSSD.US,D,20260203,000000,25.96,25.96,25.4099,25.74,14183,0
TSSD.US,D,20260204,000000,25.41,25.73,24.65,24.91,22998,0
TSSD.US,D,20260205,000000,24.87,24.99,24.225,24.31,19060,0
TSSD.US,D,20260206,000000,24.71,25.04,24.61,25.04,10375,0
TSSD.US,D,20260209,000000,25.103,25.5304,25.04,25.4764,7477,0
TSSD.US,D,20260210,000000,25.3799,25.55,25.3,25.3054,7188,0
TSSD.US,D,20260211,000000,25.1314,25.1314,24.8,24.9296,6640,0
TSSD.US,D,20260212,000000,25.13,25.2,24.64,24.7957,5952,0
TSSD.US,D,20260213,000000,25.15,25.375,25.15,25.2503,4864,0
TSSD.US,D,20260217,000000,24.9,25.06,24.9,25.0461,3786,0
TSSD.US,D,20260218,000000,24.992,25.3585,24.992,25.2764,6460,0
TSSD.US,D,20260219,000000,25.23,25.5931,25.23,25.5931,6730,0
TSSD.US,D,20260220,000000,25.49,25.6275,25.013,25.013,6371,0
TSSD.US,D,20260223,000000,24.71,24.72,24.33,24.3677,4633,0
TSSD.US,D,20260224,000000,24.1836,24.65,24.1836,24.54,10016,0
TSSD.US,D,20260225,000000,24.57,24.73,24.54,24.68,5129,0
TSSD.US,D,20260226,000000,24.9119,25.18,24.9119,25.18,9188,0
TSSD.US,D,20260227,000000,24.9144,25.17,24.86,25.17,3797,0
TSSD.US,D,20260302,000000,25.79,26.0048,25.58,25.93,18534,0
TSSD.US,D,20260303,000000,25.4,25.945,25.26,25.87,11309,0
TSSD.US,D,20260304,000000,25.93,26.18,25.77,26.14,12130,0
TSSD.US,D,20260305,000000,26.2,26.27,25.67,25.98,7767,0
TSSD.US,D,20260306,000000,25.79,26.455,25.79,26.3,9010,0
TSSD.US,D,20260309,000000,26.13,26.45,26.02,26.42,11801,0
TSSD.US,D,20260310,000000,26.07,26.38,25.895,26,9711,0
TSSD.US,D,20260311,000000,26.06,26.14,25.92,25.9991,33988,0
TSSD.US,D,20260312,000000,25.92,26.1201,25.7817,25.86,12400,0
TSSD.US,D,20260313,000000,26.032,26.1309,25.74,25.75,5504,0
TSSD.US,D,20260316,000000,25.9202,25.95,25.74,25.81,6280,0
TSSD.US,D,20260317,000000,25.89,26.068,25.88,25.97,6211,0
TSSD.US,D,20260318,000000,26.02,26.225,25.97,25.97,10961,0
TSSD.US,D,20260319,000000,25.8,26.015,25.67,25.8888,7701,0
TSSD.US,D,20260320,000000,25.65,25.87,25.205,25.35,13153,0
TSSD.US,D,20260323,000000,25.565,25.87,25.5,25.5,25681,0
TSSD.US,D,20260324,000000,25.28,25.28,24.9832,24.9832,4509,0
TSSD.US,D,20260325,000000,25.295,25.37,25.17,25.1939,4755,0
TSSD.US,D,20260326,000000,25,25.265,24.835,24.8383,3292,0
TSSD.US,D,20260327,000000,24.48,24.48,24.1247,24.1247,7436,0
TSSD.US,D,20260330,000000,24.13,24.19,23.67,23.72,4174,0
TSSD.US,D,20260331,000000,24.07,24.46,24.07,24.429,1684,0
TSSD.US,D,20260401,000000,24.63,24.8124,24.63,24.72,4162,0
TSSD.US,D,20260402,000000,24.54,25.03,24.54,25.03,2647,0
TSSD.US,D,20260406,000000,25.02,25.18,25.02,25.18,2632,0
TSSD.US,D,20260407,000000,25.07,25.2,24.92,25.2,3283,0
TSSD.US,D,20260408,000000,25.66,25.66,25.3,25.4,4756,0
TSSD.US,D,20260409,000000,25.11,25.11,24.61,24.615,2137,0
TSSD.US,D,20260410,000000,24.62,24.62,23.8448,23.87,3757,0
TSSD.US,D,20260413,000000,23.96,24.5464,23.96,24.5464,1557,0
TSSD.US,D,20260414,000000,24.68,24.68,24.395,24.51,3429,0
TSSD.US,D,20260415,000000,24.69,24.83,24.68,24.8297,4743,0
TSSD.US,D,20260416,000000,24.92,24.97,24.82,24.9,3348,0
TSSD.US,D,20260417,000000,25.11,25.26,24.91,24.92,9478,0
TSSD.US,D,20260420,000000,24.91,25.06,24.86,24.93,10893,0
TSSD.US,D,20260421,000000,25.15,25.15,24.75,24.75,5728,0
TSSD.US,D,20260422,000000,24.91,24.9201,24.59,24.7208,4228,0
TSSD.US,D,20260423,000000,24.18,24.3099,23.92,24.1314,2696,0
TSSD.US,D,20260424,000000,24.04,24.04,23.73,23.93,5620,0
TSSD.US,D,20260427,000000,23.87,24.1695,23.87,24.02,6280,0
TSSD.US,D,20260428,000000,24.09,24.09,23.87,24.0156,1579,0
TSSD.US,D,20260429,000000,23.9105,23.948,23.83,23.948,3281,0
TSSD.US,D,20260430,000000,23.92,24.1,23.755,24.09,3733,0
TSSD.US,D,20260501,000000,24.29,24.3,24.09,24.22,9581,0
TSSD.US,D,20260504,000000,24.49,24.625,24.4387,24.4387,2720,0
TSSD.US,D,20260505,000000,24.54,24.54,24.24,24.26,3146,0
TSSD.US,D,20260506,000000,24.19,24.41,24.19,24.4,5768,0
TSSD.US,D,20260507,000000,24.8,25.01,24.78,24.92,6735,0
TSSD.US,D,20260508,000000,24.85,24.98,24.63,24.98,6516,0
TSSD.US,D,20260511,000000,24.93,25.1366,24.93,25.1366,4449,0
TSSD.US,D,20260512,000000,25.08,25.0801,25.03,25.06,2722,0
TSSD.US,D,20260513,000000,24.94,25.3382,24.8602,25.3382,3285,0
TSSD.US,D,20260514,000000,25.34,25.7149,25.34,25.6881,6112,0
TSSD.US,D,20260515,000000,25.54,25.65,25.5,25.5,5455,0
TSSD.US,D,20260518,000000,25.62,26.08,25.62,26.08,8726,0
TSSD.US,D,20260519,000000,26,26.1,25.92,25.92,6408,0
TSSD.US,D,20260520,000000,25.78,26.29,25.78,26.28,4806,0
TSSD.US,D,20260521,000000,26.25,26.3102,26.17,26.31,8483,0
TSSD.US,D,20260522,000000,26.41,26.7937,26.41,26.7937,5546,0
TSSD.US,D,20260526,000000,26.86,27.05,26.74,26.95,10659,0
TSSD.US,D,20260527,000000,26.48,26.48,26.3209,26.3209,2743,0
TSSD.US,D,20260528,000000,26.75,27.17,26.75,27.1511,5134,0
TSSD.US,D,20260529,000000,27.495,27.9417,27.49,27.9417,4059,0
TSSD.US,D,20260601,000000,28.0813,28.59,28.0813,28.59,7614,0
TSSD.US,D,20260602,000000,28.18,28.49,28.16,28.47,5799,0
TSSD.US,D,20260603,000000,28.12,28.12,27.74,27.74,5002,0
TSSD.US,D,20260604,000000,27.49,28.0499,27.49,28.03,3798,0
TSSD.US,D,20260605,000000,27.8,27.8,27.16,27.18,1482,0
TSSD.US,D,20260608,000000,27.22,27.28,26.9,26.9,3157,0
TSSD.US,D,20260609,000000,26.72,26.72,26.06,26.68,4389,0
TSSD.US,D,20260610,000000,26.56,26.65,26.32,26.32,2377,0
TSSD.US,D,20260611,000000,26.941,27.3036,26.83,27.27,2111,0
TSSD.US,D,20260612,000000,27.29,27.29,27.06,27.1228,2546,0
TSSD.US,D,20260615,000000,27.3,27.3,27.14,27.24,2878,0
TSSD.US,D,20260616,000000,27.09,27.16,27.075,27.12,3226,0
TSSD.US,D,20260617,000000,27.08,27.31,26.99,26.99,3743,0
TSSD.US,D,20260618,000000,26.38,26.6922,26.38,26.6922,3482,0
TSSD.US,D,20260622,000000,26.29,26.29,26.03,26.03,2813,0
TSSD.US,D,20260623,000000,26.28,26.48,26.28,26.34,2224,0
TSSD.US,D,20260624,000000,26.19,26.19,26.17,26.19,2174,0
