<TICKER>,<PER>,<DATE>,<TIME>,<OPEN>,<HIGH>,<LOW>,<CLOSE>,<VOL>,<OPENINT>
THH.US,D,20250828,000000,7.25,12,5.25,6.02,2611482,0
THH.US,D,20250829,000000,5.5,6,5.08,5.43,249225,0
THH.US,D,20250902,000000,5.21,5.2799,4.5,4.66,165422,0
THH.US,D,20250903,000000,4.35,4.9499,4.24,4.8,522309,0
THH.US,D,20250904,000000,4.82,5.134,4.49,4.55,143170,0
THH.US,D,20250905,000000,4.28,4.95,4.2,4.95,166822,0
THH.US,D,20250908,000000,4.9508,5.01,4.7201,4.99,75837,0
THH.US,D,20250909,000000,4.98,5.8525,4.77,5.7,57055,0
THH.US,D,20250910,000000,5.53,5.89,5.53,5.7,86806,0
THH.US,D,20250911,000000,5.35,6.5,5.21,6.1,42116,0
THH.US,D,20250912,000000,5.84,6.85,5.77,6.63,55506,0
THH.US,D,20250915,000000,6.55,7.18,6.46,7.05,43466,0
THH.US,D,20250916,000000,7.2,7.368,6.8,7.18,24030,0
THH.US,D,20250917,000000,6.99,8.29,6.9,8.27,40961,0
THH.US,D,20250918,000000,8.23,8.42,6.5,6.53,82098,0
THH.US,D,20250919,000000,7.16,7.35,6.83,6.87,107438,0
THH.US,D,20250922,000000,7.18,7.97,7.18,7.69,94676,0
THH.US,D,20250923,000000,7.42,8.02,6.6801,7.01,336653,0
THH.US,D,20250924,000000,7.22,7.94,7.12,7.84,51662,0
THH.US,D,20250925,000000,7.89,8.18,7.62,8.01,47875,0
THH.US,D,20250926,000000,8.12,8.12,7.12,7.28,50615,0
THH.US,D,20250929,000000,8.0864,8.0864,6.94,7.06,30958,0
THH.US,D,20250930,000000,7.4,7.765,6.87,7.15,97608,0
THH.US,D,20251001,000000,7.11,7.27,5.59,6.01,136586,0
THH.US,D,20251002,000000,6.5,6.5,6,6.04,37600,0
THH.US,D,20251003,000000,6.03,6.59,6.03,6.25,18474,0
THH.US,D,20251006,000000,6.31,6.5852,6.3,6.35,14412,0
THH.US,D,20251007,000000,6.18,7.95,6.18,7.42,1893737,0
THH.US,D,20251008,000000,7.53,8.18,7.45,7.82,1535550,0
THH.US,D,20251009,000000,7.71,7.84,6.66,7.2,712091,0
THH.US,D,20251010,000000,7.7,8.4,7,7.51,1096997,0
THH.US,D,20251013,000000,7.8,9.4,7.61,7.86,1683263,0
THH.US,D,20251014,000000,7.85,8.25,7.41,7.89,852148,0
THH.US,D,20251015,000000,7.89,8.88,7.7705,8.17,1938520,0
THH.US,D,20251016,000000,7.89,8.2994,7.6,7.71,1702243,0
THH.US,D,20251017,000000,8.01,8.38,7.5,7.71,2201831,0
THH.US,D,20251020,000000,7.75,8.33,7.75,8.22,553102,0
THH.US,D,20251021,000000,8.01,9.12,7.96,8.42,1274674,0
THH.US,D,20251022,000000,8.12,8.4942,7.5,7.7,675625,0
THH.US,D,20251023,000000,7.56,8.4,7.56,8.31,121767,0
THH.US,D,20251024,000000,8.25,8.25,7.83,7.9,45045,0
THH.US,D,20251027,000000,7.9,8.9,7.9,8.9,141503,0
THH.US,D,20251028,000000,8.9,9.9,8.8,9.22,79409,0
THH.US,D,20251029,000000,9.17,9.3925,8.06,8.82,65209,0
THH.US,D,20251030,000000,8.81,9.345,8.15,9.06,85512,0
THH.US,D,20251031,000000,9.24,9.24,8.48,8.66,32090,0
THH.US,D,20251103,000000,8.51,9.1,8.15,8.31,156627,0
THH.US,D,20251104,000000,8.16,8.75,8.01,8.62,63832,0
THH.US,D,20251105,000000,8.463,9.08,8.463,8.8,31151,0
THH.US,D,20251106,000000,8.705,8.715,8.34,8.34,23002,0
THH.US,D,20251107,000000,8.33,8.5,7.8183,8.15,51780,0
THH.US,D,20251110,000000,8.15,8.89,8.15,8.72,32981,0
THH.US,D,20251111,000000,8.6,8.98,8.0001,8.09,92254,0
THH.US,D,20251112,000000,8.06,8.675,7.96,8.1,21061,0
THH.US,D,20251113,000000,8.25,8.61,8.1,8.29,45523,0
THH.US,D,20251114,000000,8.16,8.775,8.04,8.37,10354,0
THH.US,D,20251117,000000,8.47,8.82,7.5403,8.6,69931,0
THH.US,D,20251118,000000,8.8,9.25,7.92,8.4,57872,0
THH.US,D,20251119,000000,8.31,8.675,8.31,8.45,17299,0
THH.US,D,20251120,000000,8.65,9,8,8.07,30364,0
THH.US,D,20251121,000000,7.97,8.75,7.19,8.52,28927,0
THH.US,D,20251124,000000,8.58,10,8.58,9.3,33036,0
THH.US,D,20251125,000000,9.1,10.5,9.0999,10.45,45296,0
THH.US,D,20251126,000000,10.46,12.5,10.46,12.5,30821,0
THH.US,D,20251128,000000,13.05,14.2,13.05,13.78,25391,0
THH.US,D,20251201,000000,13.73,15.6,13.73,14.98,28284,0
THH.US,D,20251202,000000,15.49,24.9,15.49,22.42,238679,0
THH.US,D,20251203,000000,19.85,20.2794,15.0001,16.6,114692,0
THH.US,D,20251204,000000,16.8,19.285,16.523,18.35,43086,0
THH.US,D,20251205,000000,17.47,21.11,17.295,18.5,43255,0
THH.US,D,20251208,000000,18.14,19.8427,16.54,16.63,59207,0
THH.US,D,20251209,000000,16.86,16.86,12.4501,13.02,88503,0
THH.US,D,20251210,000000,13.4,14.39,9.7,11.13,75785,0
THH.US,D,20251211,000000,10.24,11.0241,8.87,9.84,52834,0
THH.US,D,20251212,000000,10.78,21.12,10.78,15.52,476906,0
THH.US,D,20251215,000000,12.97,14.16,11.5001,12.58,65980,0
THH.US,D,20251216,000000,12.5,12.95,11.01,12.33,7912,0
THH.US,D,20251217,000000,12.16,13.5,12.16,12.78,38553,0
THH.US,D,20251218,000000,12.775,16.39,12.775,14.69,315607,0
THH.US,D,20251219,000000,14.34,16.9999,14.34,15.39,218471,0
THH.US,D,20251222,000000,14.92,19.85,14.92,19.47,158287,0
THH.US,D,20251223,000000,19.29,19.8564,13.76,17.8959,155397,0
THH.US,D,20251224,000000,18.1,21,16.38,16.925,205145,0
THH.US,D,20251226,000000,18.43,19.1204,15.99,16.935,97649,0
THH.US,D,20251229,000000,16.37,27.61,16.37,22.39,535774,0
THH.US,D,20251230,000000,24.27,24.27,16.9088,18.95,181446,0
THH.US,D,20251231,000000,18.39,19.95,17.53,18.43,99334,0
THH.US,D,20260102,000000,20,21.13,17.4,20.365,87667,0
THH.US,D,20260105,000000,20.07,23.55,19.29,22.08,109987,0
THH.US,D,20260106,000000,22.47,23.15,17.81,19.17,125277,0
THH.US,D,20260107,000000,19.61,21.34,15.34,19.43,97861,0
THH.US,D,20260108,000000,19.6,21.62,18.79,21.62,82002,0
THH.US,D,20260109,000000,20.85,30.29,19.99,29.47,202544,0
THH.US,D,20260112,000000,28.38,30.5232,21.69,23.1,183372,0
THH.US,D,20260113,000000,33.72,55.05,27.15,55.05,490539,0
THH.US,D,20260114,000000,50.62,54.7745,12.24,32,978105,0
THH.US,D,20260115,000000,27.78,29,7.1601,7.6,4213381,0
THH.US,D,20260116,000000,6.76,8.03,0.9001,0.9601,35310732,0
THH.US,D,20260120,000000,0.9628,0.9628,0.5026,0.7251,28645532,0
THH.US,D,20260121,000000,0.657,0.819,0.6324,0.76,5383285,0
THH.US,D,20260122,000000,0.7447,0.7447,0.656,0.7,2334992,0
THH.US,D,20260123,000000,0.6837,1.46,0.68105,1.15,93840698,0
THH.US,D,20260126,000000,1,1.1,0.9171,1.06,5243281,0
THH.US,D,20260127,000000,0.998,1,0.861,0.8619,2606374,0
THH.US,D,20260128,000000,0.8441,0.9799,0.7798,0.7798,2312785,0
THH.US,D,20260129,000000,0.81,0.9228,0.743,0.7528,1679752,0
THH.US,D,20260130,000000,0.7799,0.7918,0.6658,0.7148,1665752,0
THH.US,D,20260202,000000,0.703,0.754799,0.7024,0.717,771996,0
THH.US,D,20260203,000000,0.717,0.74,0.66,0.6693,1041596,0
THH.US,D,20260204,000000,0.68,0.683144,0.5867,0.606,1192991,0
THH.US,D,20260205,000000,0.5976,0.685,0.5588,0.6285,1540411,0
THH.US,D,20260206,000000,0.6268,0.6587,0.6078,0.6243,482089,0
THH.US,D,20260209,000000,0.627,0.739,0.627,0.669,625132,0
THH.US,D,20260210,000000,0.67,0.7198,0.66,0.678,671243,0
THH.US,D,20260211,000000,0.682,0.7045,0.63,0.687,787497,0
THH.US,D,20260212,000000,0.68,0.68,0.6243,0.6243,474547,0
THH.US,D,20260213,000000,0.638,0.65,0.6298,0.6298,209945,0
THH.US,D,20260217,000000,0.63,0.652,0.6143,0.65,230090,0
THH.US,D,20260218,000000,0.622,0.665,0.622,0.6384,184185,0
THH.US,D,20260219,000000,0.6362,0.665,0.625,0.625,187058,0
THH.US,D,20260220,000000,0.626,0.62929,0.6001,0.6002,285404,0
THH.US,D,20260223,000000,0.57,0.6003,0.55,0.57,622127,0
THH.US,D,20260224,000000,0.5735,0.6019,0.5625,0.5885,201309,0
THH.US,D,20260225,000000,0.59,0.6204,0.5845,0.5999,230700,0
THH.US,D,20260226,000000,0.6,0.6,0.5678,0.5763,234822,0
THH.US,D,20260227,000000,0.5813,0.58235,0.52,0.5221,444717,0
THH.US,D,20260302,000000,0.5163,0.5163,0.48,0.4999,395541,0
THH.US,D,20260303,000000,0.475,0.4834,0.43675,0.4399,536679,0
THH.US,D,20260304,000000,0.44,0.51,0.44,0.4878,324477,0
THH.US,D,20260305,000000,0.4724,0.5072,0.4624,0.483,182668,0
THH.US,D,20260306,000000,0.4728,0.4848,0.433,0.4412,187687,0
THH.US,D,20260309,000000,0.457,0.5087,0.44,0.4601,235229,0
THH.US,D,20260310,000000,0.4741,0.548,0.4606,0.4801,303723,0
THH.US,D,20260311,000000,0.49,0.5193,0.4688,0.4688,198049,0
THH.US,D,20260312,000000,0.4684,0.478,0.45,0.45,217077,0
THH.US,D,20260313,000000,0.4572,0.4697,0.4201,0.4341,218733,0
THH.US,D,20260316,000000,0.4498,0.479899,0.4341,0.435,152472,0
THH.US,D,20260317,000000,0.43,0.4786,0.43,0.4415,232028,0
THH.US,D,20260318,000000,0.4709,0.4759,0.4289,0.4398,199509,0
THH.US,D,20260319,000000,0.431,0.4388,0.4017,0.4039,245328,0
THH.US,D,20260320,000000,0.3998,0.4251,0.379,0.4005,292203,0
THH.US,D,20260323,000000,0.3982,0.43,0.3951,0.405,164958,0
THH.US,D,20260324,000000,0.3969,0.4368,0.39,0.39,91864,0
THH.US,D,20260325,000000,0.39,0.42315,0.39,0.4118,220290,0
THH.US,D,20260326,000000,0.4083,0.4118,0.368,0.385,237870,0
THH.US,D,20260327,000000,0.3681,0.385,0.36,0.37,152106,0
THH.US,D,20260330,000000,0.3701,0.3704,0.3103,0.3196,308220,0
THH.US,D,20260331,000000,0.321,0.35,0.32,0.338,186898,0
THH.US,D,20260401,000000,0.3312,0.3818,0.3312,0.342,283946,0
THH.US,D,20260402,000000,0.337,0.38,0.3319,0.342,86486,0
THH.US,D,20260406,000000,0.344601,0.5268,0.344601,0.371,15195807,0
THH.US,D,20260407,000000,0.377,0.415,0.3759,0.3822,476032,0
THH.US,D,20260408,000000,0.389,0.41,0.3851,0.3851,192462,0
THH.US,D,20260409,000000,0.38,0.405,0.375,0.375,124216,0
THH.US,D,20260410,000000,0.385,0.419899,0.3801,0.3904,112888,0
THH.US,D,20260413,000000,0.3785,0.4368,0.3751,0.4103,90354,0
THH.US,D,20260414,000000,0.3998,0.425,0.392,0.392,139333,0
THH.US,D,20260415,000000,0.4007,0.4297,0.39201,0.4002,97455,0
THH.US,D,20260416,000000,0.3988,0.4153,0.395,0.398,38565,0
THH.US,D,20260417,000000,0.389,0.417599,0.389,0.405,69527,0
THH.US,D,20260420,000000,0.4178,0.4624,0.41,0.4512,271376,0
THH.US,D,20260421,000000,0.449,0.46999,0.4205,0.421,86418,0
THH.US,D,20260422,000000,0.418,0.4548,0.4101,0.4156,81774,0
THH.US,D,20260423,000000,0.4201,0.422,0.3931,0.4011,110996,0
THH.US,D,20260424,000000,0.417,0.417,0.4023,0.403,59087,0
THH.US,D,20260427,000000,0.402,0.40856,0.3795,0.3833,160807,0
THH.US,D,20260428,000000,0.3756,0.3987,0.3581,0.368,90151,0
THH.US,D,20260429,000000,0.3701,0.38,0.3601,0.3661,85426,0
THH.US,D,20260430,000000,0.3652,0.3795,0.3601,0.3741,31242,0
THH.US,D,20260501,000000,0.3739,0.38,0.3605,0.3663,36862,0
THH.US,D,20260504,000000,0.351,0.3731,0.3501,0.3601,81222,0
THH.US,D,20260505,000000,0.36,0.372699,0.3002,0.3387,219206,0
THH.US,D,20260506,000000,0.3399,0.34,0.3201,0.33,162965,0
THH.US,D,20260507,000000,0.3315,0.3487,0.3152,0.325,215951,0
THH.US,D,20260508,000000,0.32,0.3447,0.319,0.3231,95960,0
THH.US,D,20260511,000000,0.3202,0.342801,0.316001,0.3201,69108,0
THH.US,D,20260512,000000,0.32,0.3323,0.3138,0.3157,95229,0
THH.US,D,20260513,000000,0.315,0.3308,0.3,0.311,136404,0
THH.US,D,20260514,000000,0.3125,0.33,0.3001,0.324,107474,0
THH.US,D,20260515,000000,0.32,0.326,0.307101,0.3101,31518,0
THH.US,D,20260518,000000,0.3086,0.3131,0.301,0.3041,61344,0
THH.US,D,20260519,000000,0.3,0.3021,0.273,0.2946,443847,0
THH.US,D,20260520,000000,0.319,0.319,0.2934,0.2937,80630,0
THH.US,D,20260521,000000,0.2938,0.30625,0.2901,0.3,203562,0
THH.US,D,20260522,000000,0.317,0.419,0.2971,0.402,7553121,0
THH.US,D,20260526,000000,0.3861,0.396,0.3331,0.3351,383795,0
THH.US,D,20260527,000000,0.349,0.3599,0.28,0.3599,174163,0
THH.US,D,20260528,000000,0.3491,0.4157,0.341,0.387,301776,0
THH.US,D,20260529,000000,0.39,0.41,0.3222,0.3551,475943,0
THH.US,D,20260601,000000,0.3622,0.3828,0.3594,0.3799,129516,0
THH.US,D,20260602,000000,0.389,0.39,0.3523,0.3541,128005,0
THH.US,D,20260603,000000,0.3564,0.37,0.35081,0.3537,63999,0
THH.US,D,20260604,000000,0.3537,0.3616,0.328,0.328,75413,0
THH.US,D,20260605,000000,0.3302,0.3369,0.2944,0.3116,164366,0
THH.US,D,20260608,000000,0.303,0.3528,0.3,0.303,1305819,0
THH.US,D,20260609,000000,0.3121,0.3335,0.3003,0.302,208471,0
THH.US,D,20260610,000000,0.3,0.343,0.3,0.343,229359,0
THH.US,D,20260611,000000,0.324,0.3532,0.32301,0.3284,161359,0
THH.US,D,20260612,000000,0.3185,0.330501,0.277,0.277,408737,0
THH.US,D,20260615,000000,0.3065,0.31,0.2901,0.296,120499,0
THH.US,D,20260616,000000,0.3,0.30979,0.285,0.285,160160,0
THH.US,D,20260617,000000,0.2833,0.325,0.2833,0.3,743023,0
THH.US,D,20260618,000000,0.31,0.5289,0.254,0.3,20910658,0
THH.US,D,20260622,000000,0.2791,0.311,0.26745,0.311,675283,0
THH.US,D,20260623,000000,0.3017,0.3097,0.297,0.308,267629,0
THH.US,D,20260624,000000,0.3,0.31,0.2928,0.2928,186326,0
