<TICKER>,<PER>,<DATE>,<TIME>,<OPEN>,<HIGH>,<LOW>,<CLOSE>,<VOL>,<OPENINT>
TRNR.US,D,20230428,000000,3340000,3400000,2300000,2644000,2.097,0
TRNR.US,D,20230501,000000,2480000,2820000,2328000,2640000,1.03545,0
TRNR.US,D,20230502,000000,2600000,2600000,2424000,2520000,0.138185,0
TRNR.US,D,20230503,000000,2680000,2840000,2500000,2540000,0.221075,0
TRNR.US,D,20230504,000000,2546280,2753400,2412000,2720000,0.468345,0
TRNR.US,D,20230505,000000,2720000,2760000,1920000,1940000,0.6866525,0
TRNR.US,D,20230508,000000,1836000,1900000,1324000,1416000,0.4748325,0
TRNR.US,D,20230509,000000,1420000,1756000,1420000,1532000,0.21262,0
TRNR.US,D,20230510,000000,1492000,1772000,1444000,1628000,0.1164975,0
TRNR.US,D,20230511,000000,1680000,1680000,1400000,1492000,0.09798,0
TRNR.US,D,20230512,000000,1468000,1528000,1284000,1444000,0.2122525,0
TRNR.US,D,20230515,000000,1488000,1586000,1400000,1508000,0.06115,0
TRNR.US,D,20230516,000000,1568000,1908000,1496000,1700000,0.2626725,0
TRNR.US,D,20230517,000000,1624000,2212000,1612000,1896000,0.3545675,0
TRNR.US,D,20230518,000000,1900000,2388000,1900000,2284000,1.205625,0
TRNR.US,D,20230519,000000,2384000,2844000,2380040,2832000,1.1563875,0
TRNR.US,D,20230522,000000,2844000,2855280,2008160,2324000,0.9498175,0
TRNR.US,D,20230523,000000,2184000,2460000,2160000,2448000,0.490195,0
TRNR.US,D,20230524,000000,2552000,2640000,2300040,2600000,0.3005475,0
TRNR.US,D,20230525,000000,2452000,2580000,2220000,2410000,0.1787125,0
TRNR.US,D,20230526,000000,2320000,2532000,2109840,2400000,0.237025,0
TRNR.US,D,20230530,000000,2240000,2371960,2120040,2160000,0.0614625,0
TRNR.US,D,20230531,000000,2080000,2108000,1964000,2032000,0.06575,0
TRNR.US,D,20230601,000000,2176000,2176000,1971640,2032000,0.08861,0
TRNR.US,D,20230602,000000,1960000,2155160,1960000,2012000,0.0345625,0
TRNR.US,D,20230605,000000,1972000,2062240,1960000,1960000,0.02974,0
TRNR.US,D,20230606,000000,1960000,2111600,1920000,1956000,0.252565,0
TRNR.US,D,20230607,000000,1920000,2000000,1920000,1944000,0.008565,0
TRNR.US,D,20230608,000000,1920000,1971080,1764000,1836000,0.03978,0
TRNR.US,D,20230609,000000,1920000,2276000,1908280,2088000,0.981095,0
TRNR.US,D,20230612,000000,2124000,2136000,1640360,1836000,0.46746,0
TRNR.US,D,20230613,000000,1720000,1860000,1620000,1760000,0.08761,0
TRNR.US,D,20230614,000000,1728000,1872800,1616000,1780000,0.133775,0
TRNR.US,D,20230615,000000,1656000,1900000,1656000,1724000,0.154595,0
TRNR.US,D,20230616,000000,1700000,1780000,1556000,1556000,0.0864,0
TRNR.US,D,20230620,000000,1524000,1580000,1352000,1480000,0.0877525,0
TRNR.US,D,20230621,000000,1440000,1504000,1396000,1396000,0.0129525,0
TRNR.US,D,20230622,000000,1396000,1396040,1336000,1384000,0.022615,0
TRNR.US,D,20230623,000000,1332000,1383960,1228000,1348000,0.078345,0
TRNR.US,D,20230626,000000,1300000,1348000,1220000,1232000,0.0959275,0
TRNR.US,D,20230627,000000,1220000,1268000,1084000,1099920,0.139315,0
TRNR.US,D,20230628,000000,1100000,1172000,1080000,1080000,0.08529,0
TRNR.US,D,20230629,000000,1064000,1096400,1020000,1036000,0.0597,0
TRNR.US,D,20230630,000000,1080000,1220000,1000000,1116000,0.229705,0
TRNR.US,D,20230703,000000,1128000,1240000,1128000,1164000,0.0328675,0
TRNR.US,D,20230705,000000,1172000,1231960,1120000,1120000,0.0266325,0
TRNR.US,D,20230706,000000,1160000,1160000,1048000,1072000,0.0584275,0
TRNR.US,D,20230707,000000,1124000,1140000,1021520,1044000,0.03338,0
TRNR.US,D,20230710,000000,996000,1184000,996000,1150000,0.033935,0
TRNR.US,D,20230711,000000,1108000,1196000,1108000,1120000,0.0214175,0
TRNR.US,D,20230712,000000,1164000,1179960,1116000,1116000,0.07145,0
TRNR.US,D,20230713,000000,1140000,1166000,1100000,1136000,0.06371,0
TRNR.US,D,20230714,000000,1104000,1140000,1044000,1052000,0.03418,0
TRNR.US,D,20230717,000000,1056000,1116000,1044000,1068000,0.01199,0
TRNR.US,D,20230718,000000,1096000,1099240,1012000,1024000,0.0373175,0
TRNR.US,D,20230719,000000,1032000,1092000,1012000,1050000,0.030885,0
TRNR.US,D,20230720,000000,1044000,1044000,1020000,1020000,0.0096925,0
TRNR.US,D,20230721,000000,1060000,1060000,1000000,1004000,0.010195,0
TRNR.US,D,20230724,000000,996000,1019960,800000,904000,0.088585,0
TRNR.US,D,20230725,000000,912000,948000,864000,864000,0.0226975,0
TRNR.US,D,20230726,000000,900000,924000,764400,836000,0.0620125,0
TRNR.US,D,20230727,000000,884000,884000,776000,780000,0.037635,0
TRNR.US,D,20230728,000000,824000,824000,768000,768000,0.0130525,0
TRNR.US,D,20230731,000000,808000,1144000,804000,992000,1.5227025,0
TRNR.US,D,20230801,000000,884000,969760,836000,868040,0.18775,0
TRNR.US,D,20230802,000000,836000,964000,816040,908000,0.1715775,0
TRNR.US,D,20230803,000000,1084000,1103960,788000,860000,3.89872,0
TRNR.US,D,20230804,000000,872000,896000,792000,840000,0.5501875,0
TRNR.US,D,20230807,000000,832000,839480,644000,704000,0.5409125,0
TRNR.US,D,20230808,000000,684000,700720,640000,652000,0.2811275,0
TRNR.US,D,20230809,000000,640000,640000,576000,600000,0.3829575,0
TRNR.US,D,20230810,000000,620000,620000,564000,588000,0.079065,0
TRNR.US,D,20230811,000000,588000,600000,564000,568000,0.34875,0
TRNR.US,D,20230814,000000,560000,580000,484000,564000,0.48958,0
TRNR.US,D,20230815,000000,600000,624000,484000,524000,0.24981,0
TRNR.US,D,20230816,000000,520000,522000,484000,492000,0.1442825,0
TRNR.US,D,20230817,000000,500000,512000,456000,460000,0.1912275,0
TRNR.US,D,20230818,000000,500000,500000,444040,484000,0.1115525,0
TRNR.US,D,20230821,000000,504000,547960,484080,544000,0.1004525,0
TRNR.US,D,20230822,000000,560000,572000,504000,528000,0.1363575,0
TRNR.US,D,20230823,000000,500000,532000,488000,516000,0.170505,0
TRNR.US,D,20230824,000000,514000,560000,488000,500000,0.2114175,0
TRNR.US,D,20230825,000000,504000,555960,446000,500040,0.231505,0
TRNR.US,D,20230828,000000,568000,568000,492000,532000,0.245275,0
TRNR.US,D,20230829,000000,520000,528000,504000,508000,0.070735,0
TRNR.US,D,20230830,000000,516000,536000,490000,496000,0.1060825,0
TRNR.US,D,20230831,000000,500000,512000,484040,512000,0.051545,0
TRNR.US,D,20230901,000000,512000,512000,492000,492000,0.03381,0
TRNR.US,D,20230905,000000,496000,540000,488000,524000,0.1779475,0
TRNR.US,D,20230906,000000,512000,596000,508360,544000,0.351855,0
TRNR.US,D,20230907,000000,548000,612000,532000,568000,0.2562475,0
TRNR.US,D,20230908,000000,574320,607320,552000,600000,0.204435,0
TRNR.US,D,20230911,000000,590000,611200,568000,572000,0.0242425,0
TRNR.US,D,20230912,000000,572000,620000,568000,600000,0.1077625,0
TRNR.US,D,20230913,000000,580000,604000,576000,584000,0.070515,0
TRNR.US,D,20230914,000000,588000,640000,580000,640000,0.08216,0
TRNR.US,D,20230915,000000,668000,704000,636000,688000,0.25007,0
TRNR.US,D,20230918,000000,692000,712000,580000,580000,0.461315,0
TRNR.US,D,20230919,000000,640000,684000,600000,600000,0.3281475,0
TRNR.US,D,20230920,000000,640000,656000,512000,552000,0.385515,0
TRNR.US,D,20230921,000000,588000,644000,560000,576000,0.140175,0
TRNR.US,D,20230922,000000,620000,656000,560000,608000,0.189035,0
TRNR.US,D,20230925,000000,660000,660000,544000,568000,0.2701125,0
TRNR.US,D,20230926,000000,572000,608000,548000,560000,0.1540025,0
TRNR.US,D,20230927,000000,620000,631880,520000,552000,0.5639725,0
TRNR.US,D,20230928,000000,592000,592000,519920,536000,0.20365,0
TRNR.US,D,20230929,000000,560000,560000,528000,544000,0.16588,0
TRNR.US,D,20231002,000000,532000,579920,508000,520000,0.303235,0
TRNR.US,D,20231003,000000,520000,548000,500000,500000,0.20131,0
TRNR.US,D,20231004,000000,500000,513440,484240,500000,0.0587825,0
TRNR.US,D,20231005,000000,484000,524000,460000,460000,0.2081475,0
TRNR.US,D,20231006,000000,448000,488000,422120,460000,0.0443225,0
TRNR.US,D,20231009,000000,460000,488000,460000,472000,0.00853,0
TRNR.US,D,20231010,000000,484000,565200,468000,504000,0.3038525,0
TRNR.US,D,20231011,000000,500000,600000,460000,484000,0.4939275,0
TRNR.US,D,20231012,000000,468000,508000,460000,464000,0.071775,0
TRNR.US,D,20231013,000000,492000,532000,440000,440000,0.1590575,0
TRNR.US,D,20231016,000000,444000,456000,404000,420000,0.201375,0
TRNR.US,D,20231017,000000,400000,440000,400000,432000,0.112465,0
TRNR.US,D,20231018,000000,416000,440000,408000,430000,0.0750675,0
TRNR.US,D,20231019,000000,480000,540000,344000,420000,1.6,0
TRNR.US,D,20231020,000000,412000,426640,380000,412000,0.3443725,0
TRNR.US,D,20231023,000000,399640,416000,352000,412000,0.2999375,0
TRNR.US,D,20231024,000000,399640,428000,368280,408000,0.07334,0
TRNR.US,D,20231025,000000,412000,460000,404000,460000,0.0799975,0
TRNR.US,D,20231026,000000,420000,468000,420000,462000,0.0384325,0
TRNR.US,D,20231027,000000,440000,440000,420000,428000,0.0472125,0
TRNR.US,D,20231030,000000,404000,440000,404000,428000,0.0295975,0
TRNR.US,D,20231031,000000,436000,436000,412000,432000,0.0160175,0
TRNR.US,D,20231101,000000,409320,440000,409320,440000,0.0073875,0
TRNR.US,D,20231102,000000,448000,459880,432000,440000,0.0336625,0
TRNR.US,D,20231103,000000,436000,448000,424000,424000,0.015525,0
TRNR.US,D,20231106,000000,444000,444000,404040,444000,0.024885,0
TRNR.US,D,20231107,000000,448000,455720,440000,455720,0.0089375,0
TRNR.US,D,20231108,000000,420000,440000,420000,432000,0.0112425,0
TRNR.US,D,20231109,000000,424000,424000,408000,420000,0.0063275,0
TRNR.US,D,20231110,000000,420000,456000,408000,428000,0.07977,0
TRNR.US,D,20231113,000000,440000,460000,400000,410000,0.0656925,0
TRNR.US,D,20231114,000000,420000,456000,404000,408520,0.0291075,0
TRNR.US,D,20231115,000000,456000,456000,400000,424000,0.0445425,0
TRNR.US,D,20231116,000000,448000,448000,388000,420000,0.0870925,0
TRNR.US,D,20231117,000000,404000,420000,380000,412000,0.0261125,0
TRNR.US,D,20231120,000000,396000,400000,376000,384000,0.0177875,0
TRNR.US,D,20231121,000000,376000,392000,376000,381960,0.0268225,0
TRNR.US,D,20231122,000000,376000,416440,372000,396000,0.0186075,0
TRNR.US,D,20231124,000000,365000,384000,364000,382920,0.0314325,0
TRNR.US,D,20231127,000000,400000,400000,364000,380240,0.022575,0
TRNR.US,D,20231128,000000,372400,400000,364400,400000,0.047255,0
TRNR.US,D,20231129,000000,372200,404000,360000,392720,0.079465,0
TRNR.US,D,20231130,000000,384440,400000,374202,400000,0.100165,0
TRNR.US,D,20231201,000000,400000,416000,376200,416000,0.172005,0
TRNR.US,D,20231204,000000,396000,408000,377720,400000,0.03286,0
TRNR.US,D,20231205,000000,385400,400000,380000,388000,0.0485775,0
TRNR.US,D,20231206,000000,394000,400000,388000,400000,0.031125,0
TRNR.US,D,20231207,000000,404000,404000,392000,396000,0.0071825,0
TRNR.US,D,20231208,000000,396000,400000,384120,384120,0.018085,0
TRNR.US,D,20231211,000000,383960,383960,356000,356000,0.00671,0
TRNR.US,D,20231212,000000,344000,384000,336000,384000,0.13418,0
TRNR.US,D,20231213,000000,364000,376000,352000,368000,0.0295425,0
TRNR.US,D,20231214,000000,364000,380000,352000,374000,0.01911,0
TRNR.US,D,20231215,000000,368000,380000,336000,376000,0.0633675,0
TRNR.US,D,20231218,000000,388000,388000,348120,380000,0.0124625,0
TRNR.US,D,20231219,000000,358000,368000,340000,340040,0.1609875,0
TRNR.US,D,20231220,000000,350000,376000,340040,367000,0.05149,0
TRNR.US,D,20231221,000000,368000,379996,345880,372000,0.0244,0
TRNR.US,D,20231222,000000,358240,379560,340396,368000,0.016475,0
TRNR.US,D,20231226,000000,378560,378560,363800,372040,0.0118575,0
TRNR.US,D,20231227,000000,348000,380000,344000,348000,0.0276875,0
TRNR.US,D,20231228,000000,344000,379960,344000,360040,0.0248575,0
TRNR.US,D,20231229,000000,354640,356000,344000,344000,0.0343225,0
TRNR.US,D,20240102,000000,348040,373720,340400,340400,0.055345,0
TRNR.US,D,20240103,000000,350400,359000,344000,352000,0.0052,0
TRNR.US,D,20240104,000000,340400,344080,332000,336000,0.0677925,0
TRNR.US,D,20240105,000000,328000,328080,300000,300000,0.1646725,0
TRNR.US,D,20240108,000000,304040,321240,292840,292840,0.01539,0
TRNR.US,D,20240109,000000,356000,356000,268000,295200,0.1414975,0
TRNR.US,D,20240110,000000,324120,372000,300000,323876,0.0487575,0
TRNR.US,D,20240111,000000,305200,344000,304000,326000,0.01469,0
TRNR.US,D,20240112,000000,320800,339960,292080,292080,0.0030975,0
TRNR.US,D,20240116,000000,340000,340000,292080,300000,0.0151,0
TRNR.US,D,20240117,000000,288400,305880,250480,284000,0.0814125,0
TRNR.US,D,20240118,000000,280000,300000,280000,288000,0.07181,0
TRNR.US,D,20240119,000000,288000,299960,282040,288000,0.018195,0
TRNR.US,D,20240122,000000,288000,348000,272000,323960,0.10822,0
TRNR.US,D,20240123,000000,340000,378880,284000,319200,0.97187,0
TRNR.US,D,20240124,000000,368000,376160,324000,327720,0.4205625,0
TRNR.US,D,20240125,000000,324000,352000,284000,296800,0.389335,0
TRNR.US,D,20240126,000000,316000,316080,284000,288000,0.0718675,0
TRNR.US,D,20240129,000000,280400,284000,264000,284000,0.086665,0
TRNR.US,D,20240130,000000,264080,279960,260000,279960,0.0338925,0
TRNR.US,D,20240131,000000,276000,308440,264000,296000,0.10853,0
TRNR.US,D,20240201,000000,304000,304000,268000,292000,0.01895,0
TRNR.US,D,20240202,000000,290000,300000,268440,284000,0.04353,0
TRNR.US,D,20240205,000000,274960,295240,268400,282000,0.014485,0
TRNR.US,D,20240206,000000,292160,292160,271720,287880,0.03358,0
TRNR.US,D,20240207,000000,284000,284000,264000,268800,0.1014075,0
TRNR.US,D,20240208,000000,268800,277600,256000,276000,0.0210975,0
TRNR.US,D,20240209,000000,280000,288000,276120,276120,0.02766,0
TRNR.US,D,20240212,000000,261880,284000,261880,268400,0.0187275,0
TRNR.US,D,20240213,000000,284000,287720,260120,272000,0.012955,0
TRNR.US,D,20240214,000000,274960,274960,259400,272020,0.0747425,0
TRNR.US,D,20240215,000000,280000,288000,271040,272000,0.0886525,0
TRNR.US,D,20240216,000000,260000,280000,256400,260000,0.07478,0
TRNR.US,D,20240220,000000,252080,280000,242240,262400,0.0635725,0
TRNR.US,D,20240221,000000,256000,260000,240440,260000,0.0080575,0
TRNR.US,D,20240222,000000,244400,256000,244000,256000,0.0169425,0
TRNR.US,D,20240223,000000,244040,256000,244000,256000,0.0280575,0
TRNR.US,D,20240226,000000,363480,476000,300000,320000,74.0335825,0
TRNR.US,D,20240227,000000,297600,324000,268000,300000,2.5953925,0
TRNR.US,D,20240228,000000,280440,284000,240000,252000,1.6959375,0
TRNR.US,D,20240229,000000,242800,242800,185560,188480,1.94371,0
TRNR.US,D,20240301,000000,195120,210000,186920,196000,0.5769875,0
TRNR.US,D,20240304,000000,208000,208360,150000,160400,1.4802725,0
TRNR.US,D,20240305,000000,168120,194000,168120,172000,0.73619,0
TRNR.US,D,20240306,000000,166840,168000,140000,159200,0.8739475,0
TRNR.US,D,20240307,000000,154440,160000,144400,152000,0.365115,0
TRNR.US,D,20240308,000000,160000,160000,148000,148000,0.51894,0
TRNR.US,D,20240311,000000,146000,152000,132000,133600,0.6389775,0
TRNR.US,D,20240312,000000,133160,136000,120400,123960,0.7053,0
TRNR.US,D,20240313,000000,120400,139960,120400,133560,0.457,0
TRNR.US,D,20240314,000000,135600,135960,120440,121480,0.23386,0
TRNR.US,D,20240315,000000,120400,152000,120400,135560,0.54767,0
TRNR.US,D,20240318,000000,127440,144000,122400,132400,0.337835,0
TRNR.US,D,20240319,000000,125360,164000,125360,159200,12.8105575,0
TRNR.US,D,20240320,000000,144000,147920,128520,130800,1.7481175,0
TRNR.US,D,20240321,000000,133920,139400,124000,128000,0.4620475,0
TRNR.US,D,20240322,000000,126000,132000,120520,131160,0.5552025,0
TRNR.US,D,20240325,000000,124000,132000,120520,130000,0.311095,0
TRNR.US,D,20240326,000000,120520,127280,116000,116720,0.5562925,0
TRNR.US,D,20240327,000000,118040,121920,108120,112000,0.3990975,0
TRNR.US,D,20240328,000000,113560,116000,96000,103880,0.856525,0
TRNR.US,D,20240401,000000,112400,112400,96000,105960,0.5531025,0
TRNR.US,D,20240402,000000,109600,116000,96000,107960,0.6652,0
TRNR.US,D,20240403,000000,104720,104720,90000,90000,0.915585,0
TRNR.US,D,20240404,000000,92000,100000,90240,99960,0.6049625,0
TRNR.US,D,20240405,000000,99000,102000,93600,96600,0.36739,0
TRNR.US,D,20240408,000000,95520,102000,92200,95520,0.10918,0
TRNR.US,D,20240409,000000,92980,93920,86920,89040,0.3685425,0
TRNR.US,D,20240410,000000,95080,95960,80840,87600,0.433475,0
TRNR.US,D,20240411,000000,93240,110000,90000,94200,1.3893275,0
TRNR.US,D,20240412,000000,98160,98160,82800,83440,0.7332775,0
TRNR.US,D,20240415,000000,83560,83560,72560,77200,0.5037475,0
TRNR.US,D,20240416,000000,74960,87960,73320,75980,0.2059725,0
TRNR.US,D,20240417,000000,77200,82320,68600,75000.4,0.197715,0
TRNR.US,D,20240418,000000,78800,83280,72000,74197.2,0.20149,0
TRNR.US,D,20240419,000000,71600,79760,71080,76920,0.445315,0
TRNR.US,D,20240422,000000,75920,77960,72040,76000,0.358015,0
TRNR.US,D,20240423,000000,72440,88000,72440,82780.4,1.1258675,0
TRNR.US,D,20240424,000000,82800,92000,80400,84160,0.811565,0
TRNR.US,D,20240425,000000,85956,88000,82040,82280,0.3213525,0
TRNR.US,D,20240426,000000,85120,86480,81200,82240,0.1614225,0
TRNR.US,D,20240429,000000,83240,83240,72440,75996,0.3343325,0
TRNR.US,D,20240430,000000,73600,76000,69800,70800,0.31827,0
TRNR.US,D,20240501,000000,70800,79360,70200,75560,0.2419725,0
TRNR.US,D,20240502,000000,75560,77200,68000,70920,0.6277875,0
TRNR.US,D,20240503,000000,72680,72680,62600,67600,0.735065,0
TRNR.US,D,20240506,000000,69200,75600,65760,66400,0.4442375,0
TRNR.US,D,20240507,000000,66200,70000,64360,65440,0.7746125,0
TRNR.US,D,20240508,000000,63640,67160,60480,64560,0.634945,0
TRNR.US,D,20240509,000000,63120,67920,60200,63040,0.6857375,0
TRNR.US,D,20240510,000000,64000,66920,60800,64000,0.395635,0
TRNR.US,D,20240513,000000,65960,65960,61520,64400,0.250255,0
TRNR.US,D,20240514,000000,64600,67959.6,62520,66800,0.4386175,0
TRNR.US,D,20240515,000000,68000,70000,63200,68605.6,0.2350975,0
TRNR.US,D,20240516,000000,68000,79280,68000,78680,2.7818275,0
TRNR.US,D,20240517,000000,82280,94000,80040,80440,2.54891,0
TRNR.US,D,20240520,000000,73600,82120,71200,78880,0.5002625,0
TRNR.US,D,20240521,000000,76800.4,81960,72440,76040,0.61036,0
TRNR.US,D,20240522,000000,74000,79999.6,68800,76040,0.28841,0
TRNR.US,D,20240523,000000,72400,75939.6,70080,71600,0.3311075,0
TRNR.US,D,20240524,000000,70400,83760,69240,81200,4.4315625,0
TRNR.US,D,20240528,000000,76000,99600,72440,85160,6.4232025,0
TRNR.US,D,20240529,000000,90680,91920,76080,86040,15.9879425,0
TRNR.US,D,20240530,000000,78000,86600,73200,74000,7.1791175,0
TRNR.US,D,20240531,000000,74400,74400,56320,60400,9.2108875,0
TRNR.US,D,20240603,000000,62800,63000,56320,62800,2.50052,0
TRNR.US,D,20240604,000000,62360,62639.6,56800,56840,1.49051,0
TRNR.US,D,20240605,000000,55200,59960,48960,58680,3.36858,0
TRNR.US,D,20240606,000000,56920,58800,52000,52400,2.336415,0
TRNR.US,D,20240607,000000,53440,59160,50040,51919.6,3.5631025,0
TRNR.US,D,20240610,000000,49680,58800,44160,55240,24.87695,0
TRNR.US,D,20240611,000000,54160,59240,52080,52520,12.8247525,0
TRNR.US,D,20240612,000000,50600,50600,40600,42960,11.488265,0
TRNR.US,D,20240613,000000,35840,39440,34000,34200,12.5672175,0
TRNR.US,D,20240614,000000,29500,36900,26400,28700,34.5727,0
TRNR.US,D,20240617,000000,45200,85000,41701,49000,4452.191,0
TRNR.US,D,20240618,000000,36300,38900,29400,32300,106.0705,0
TRNR.US,D,20240620,000000,29100,33000,28200,30000,19.6173,0
TRNR.US,D,20240621,000000,30300,31899,26100,30800,45.6228,0
TRNR.US,D,20240624,000000,26700,29600,26595,28000,19.2609,0
TRNR.US,D,20240625,000000,28200,29000,25000,25900,42.7383,0
TRNR.US,D,20240626,000000,26000,26546,20000,20200,26.6292,0
TRNR.US,D,20240627,000000,20700,20700,14500,15700,38.2553,0
TRNR.US,D,20240628,000000,15000,15200,12756,14100,31.3967,0
TRNR.US,D,20240701,000000,14200,14200,12110,12500,15.0025,0
TRNR.US,D,20240702,000000,12700,15600,12501,13600,51.079,0
TRNR.US,D,20240703,000000,13500,13500,11400,12200,20.0839,0
TRNR.US,D,20240705,000000,12200,12900,11000,11050,14.4544,0
TRNR.US,D,20240708,000000,11400,13700,11100,12800,158.4135,0
TRNR.US,D,20240709,000000,12800,13500,9102,9676,1569.1995,0
TRNR.US,D,20240710,000000,9010,10800,8750,9000,212.6604,0
TRNR.US,D,20240711,000000,9600,10400,9015,9140,310.8072,0
TRNR.US,D,20240712,000000,8888,9100,8110,8840,83.5618,0
TRNR.US,D,20240715,000000,8820,9300,8501,9100,29.3014,0
TRNR.US,D,20240716,000000,9000,9000,8046,8122,64.9509,0
TRNR.US,D,20240717,000000,8120,8344,7635,7850,33.1923,0
TRNR.US,D,20240718,000000,8409,9900,6666,7020,162.0712,0
TRNR.US,D,20240719,000000,7234,9900,6615,9376,195.9549,0
TRNR.US,D,20240722,000000,8550,8550,7200,7452,89.2852,0
TRNR.US,D,20240723,000000,7288,7690,6756,6900,59.407,0
TRNR.US,D,20240724,000000,6950,8800,6901,8000,101.2122,0
TRNR.US,D,20240725,000000,8272,9887,7801,8490,253.7954,0
TRNR.US,D,20240726,000000,7400,7900,7011,7100,62.3584,0
TRNR.US,D,20240729,000000,7290,7290,6830,7010,17.6487,0
TRNR.US,D,20240730,000000,7603,7604,7010,7230,70.2377,0
TRNR.US,D,20240731,000000,7100,7300,5800,6124,74.736,0
TRNR.US,D,20240801,000000,6400,6587,5820,6259,20.263,0
TRNR.US,D,20240802,000000,5900,6136,5236,5400,33.5959,0
TRNR.US,D,20240805,000000,5000,5200,4445,4500,25.7874,0
TRNR.US,D,20240806,000000,4570,4660,4022.01,4209,27.0145,0
TRNR.US,D,20240807,000000,4399,4409,3869,4340,28.5894,0
TRNR.US,D,20240808,000000,4200,4200,3691,3836,27.275,0
TRNR.US,D,20240809,000000,3721,3850,3415,3470,18.1408,0
TRNR.US,D,20240812,000000,7300,7977,5200,6213,9317.0479,0
TRNR.US,D,20240813,000000,5110,6489,5110,5760,322.9801,0
TRNR.US,D,20240814,000000,5600,7000,5514,6947,186.7827,0
TRNR.US,D,20240815,000000,6765,6765,5300,5700,42.5535,0
TRNR.US,D,20240816,000000,5529,6097,5031,5180,25.1713,0
TRNR.US,D,20240819,000000,5020,5020,4510,4649,36.1415,0
TRNR.US,D,20240820,000000,4566,4834,4200,4401,18.6052,0
TRNR.US,D,20240821,000000,4355,4577,4020,4310,21.1157,0
TRNR.US,D,20240822,000000,4310,5700,4310,5402,43.0856,0
TRNR.US,D,20240823,000000,5811,6900,5427,6153,84.6689,0
TRNR.US,D,20240826,000000,6003,6790,5293,5900,42.8926,0
TRNR.US,D,20240827,000000,5900,6049,5600,6019,7.481,0
TRNR.US,D,20240828,000000,5600.01,5900,5400,5406,7.7334,0
TRNR.US,D,20240829,000000,5175,5363,4501,4901,17.9996,0
TRNR.US,D,20240830,000000,4980,4998.5,4742,4742,2.9219,0
TRNR.US,D,20240903,000000,4551,4730,4500,4639,3.5261,0
TRNR.US,D,20240904,000000,4824,4900,4281,4487,11.7386,0
TRNR.US,D,20240905,000000,4352,4460,4000,4327,149.287,0
TRNR.US,D,20240906,000000,4016,4299,4007,4170,11.7676,0
TRNR.US,D,20240909,000000,4090,4400,3628,4001.01,253.5188,0
TRNR.US,D,20240910,000000,3688,3740,3350,3450,87.3467,0
TRNR.US,D,20240911,000000,3346,3450,3021,3250,52.8339,0
TRNR.US,D,20240912,000000,3380,3380,3100,3153,34.2071,0
TRNR.US,D,20240913,000000,3250,3319.9,3130,3219,12.5179,0
TRNR.US,D,20240916,000000,3347,3450,3100,3189.99,166.8906,0
TRNR.US,D,20240917,000000,3050,3259,2700,2800,101.3636,0
TRNR.US,D,20240918,000000,2716,2749,2400,2500,84.3303,0
TRNR.US,D,20240919,000000,2520,2530,2410,2484,34.5824,0
TRNR.US,D,20240920,000000,2500,2519,2312,2312,33.5279,0
TRNR.US,D,20240923,000000,2335,2499,2111,2363,35.6899,0
TRNR.US,D,20240924,000000,3197,3300,2400,2620,8508.6393,0
TRNR.US,D,20240925,000000,2259,2352,2121,2189,596.9586,0
TRNR.US,D,20240926,000000,2400,2420,2030,2048,1594.9493,0
TRNR.US,D,20240927,000000,2080,2129,1900,1950,449.5578,0
TRNR.US,D,20240930,000000,1836,1911,1606,1625,422.0868,0
TRNR.US,D,20241001,000000,1591,1625,1327,1468,479.6,0
TRNR.US,D,20241002,000000,1468,1481,1359,1481,169.9496,0
TRNR.US,D,20241003,000000,1481,1780,1481,1650,806.9701,0
TRNR.US,D,20241004,000000,1650,1662,1464,1561,360.6234,0
TRNR.US,D,20241007,000000,1500,1600,1431,1450,150.8725,0
TRNR.US,D,20241008,000000,1450,1530,1400,1473,311.8474,0
TRNR.US,D,20241009,000000,1467,1467,1330,1340,938.549,0
TRNR.US,D,20241010,000000,1490,1490,1325,1365,1726.4275,0
TRNR.US,D,20241011,000000,1466,1466,1352,1425,454.3949,0
TRNR.US,D,20241014,000000,1425,1425,1360,1382,197.6946,0
TRNR.US,D,20241015,000000,1360,1390,1150,1230,563.8973,0
TRNR.US,D,20241016,000000,1230,1250,1170,1230,289.7747,0
TRNR.US,D,20241017,000000,1200,1269,1140,1192,288.6425,0
TRNR.US,D,20241018,000000,1192,1289,1153,1281,326.8592,0
TRNR.US,D,20241021,000000,1270,1450,1211,1365,842.3578,0
TRNR.US,D,20241022,000000,1319,2010,1258,1840,7271.9839,0
TRNR.US,D,20241023,000000,1665,1700,1400,1451,2261.5794,0
TRNR.US,D,20241024,000000,1420,1445,1256,1323,872.0061,0
TRNR.US,D,20241025,000000,1305,1320,1212,1286,1153.1616,0
TRNR.US,D,20241028,000000,1362,1369,1277,1320,624.4141,0
TRNR.US,D,20241029,000000,1289,1317,1161,1197,520.3908,0
TRNR.US,D,20241030,000000,1200,1200,921,970,982.8287,0
TRNR.US,D,20241031,000000,966,990,810,880,736.4544,0
TRNR.US,D,20241101,000000,879,879,814,865,324.9435,0
TRNR.US,D,20241104,000000,865,1000,865,949,442.927,0
TRNR.US,D,20241105,000000,975,1063,910,960,761.2313,0
TRNR.US,D,20241106,000000,960,1019,814,909,1473.4055,0
TRNR.US,D,20241107,000000,865,865,662,701,14025.3617,0
TRNR.US,D,20241108,000000,750,750,534,604,2536.9226,0
TRNR.US,D,20241111,000000,526,539.5,405,479,4478.78,0
TRNR.US,D,20241112,000000,451,573.99,417,516,3827.48,0
TRNR.US,D,20241113,000000,490,597.9,435.11,583,8667.94,0
TRNR.US,D,20241114,000000,542,551.4,308,349,12499.19,0
TRNR.US,D,20241115,000000,302,339,264,279,5420.12,0
TRNR.US,D,20241118,000000,280,310,250,253,3633.08,0
TRNR.US,D,20241119,000000,397,421,311,394,257894.91,0
TRNR.US,D,20241120,000000,333,380,315,359,5924.88,0
TRNR.US,D,20241121,000000,409,431,359,400,93837.8,0
TRNR.US,D,20241122,000000,377,390,312,312,4545.8,0
TRNR.US,D,20241125,000000,329,337.6,313,314,1933.5,0
TRNR.US,D,20241126,000000,289,299,265,275,2210.46,0
TRNR.US,D,20241127,000000,378,395,314,345,181366,0
TRNR.US,D,20241129,000000,304,344,285,328,4904.92,0
TRNR.US,D,20241202,000000,333,354,297.06,299,2478.98,0
TRNR.US,D,20241203,000000,303,317,271,296,2585.7,0
TRNR.US,D,20241204,000000,296,302,280,299,1163.09,0
TRNR.US,D,20241205,000000,293,293,272,284,2100.87,0
TRNR.US,D,20241206,000000,281,292.91,274,289,770.3,0
TRNR.US,D,20241209,000000,283,285,261,270,901.19,0
TRNR.US,D,20241210,000000,325,337,285,323,109108.82,0
TRNR.US,D,20241211,000000,291,329.59,290,301,4040.47,0
TRNR.US,D,20241212,000000,326,362,294,329,51178.03,0
TRNR.US,D,20241213,000000,312,329,303.06,317,2709.07,0
TRNR.US,D,20241216,000000,317,318,293,304,1720.76,0
TRNR.US,D,20241217,000000,298,306,284,301,1338.39,0
TRNR.US,D,20241218,000000,295,340,295,300,9835.97,0
TRNR.US,D,20241219,000000,296,318,285,309,1830.65,0
TRNR.US,D,20241220,000000,301,313,290,292,2163.66,0
TRNR.US,D,20241223,000000,288,314,287,300,1796.24,0
TRNR.US,D,20241224,000000,293,297,282,286.87,837.61,0
TRNR.US,D,20241226,000000,280,294.44,280,290,1013.27,0
TRNR.US,D,20241227,000000,290,292,273.01,276,1197.11,0
TRNR.US,D,20241230,000000,280,286,273,283,1023.23,0
TRNR.US,D,20241231,000000,280,287.63,273,285,1117.01,0
TRNR.US,D,20250102,000000,284,291,278,288,732.37,0
TRNR.US,D,20250103,000000,287,312,281.51,308.69,1511.08,0
TRNR.US,D,20250106,000000,309,321.14,301.01,319,1081.88,0
TRNR.US,D,20250107,000000,314,340,306.01,318,1727.07,0
TRNR.US,D,20250108,000000,314,324.41,296,300,930.03,0
TRNR.US,D,20250110,000000,295,296.52,269.7,280,1032.57,0
TRNR.US,D,20250113,000000,279,279,258,263,476.9,0
TRNR.US,D,20250114,000000,266,268.8,256,261,319.36,0
TRNR.US,D,20250115,000000,265,270,252.01,262,1039.18,0
TRNR.US,D,20250116,000000,262,282,262,268,533.46,0
TRNR.US,D,20250117,000000,274,274.87,260.01,267,365.27,0
TRNR.US,D,20250121,000000,268,277.5,256,258,410.44,0
TRNR.US,D,20250122,000000,258,266.2,235,249,988.71,0
TRNR.US,D,20250123,000000,249,261,231,236,409.41,0
TRNR.US,D,20250124,000000,243,244,235,235,217.6,0
TRNR.US,D,20250127,000000,234,248.99,234,241,234.72,0
TRNR.US,D,20250128,000000,237,241.58,235,238,155.79,0
TRNR.US,D,20250129,000000,237,240,227,228,381.38,0
TRNR.US,D,20250130,000000,241,254.99,223,233,2505.83,0
TRNR.US,D,20250131,000000,233,237,215,226,631.95,0
TRNR.US,D,20250203,000000,216,218.4,204,207,3083.07,0
TRNR.US,D,20250204,000000,204,205.94,185,204,1742.03,0
TRNR.US,D,20250205,000000,198,198,185,190,663.65,0
TRNR.US,D,20250206,000000,182,197,171,175,3316.82,0
TRNR.US,D,20250207,000000,172,174,153.01,162,916.09,0
TRNR.US,D,20250210,000000,162,163,149,153,3552.21,0
TRNR.US,D,20250211,000000,163,163.99,120.01,132,21472.96,0
TRNR.US,D,20250212,000000,132,137,120.01,129.5,3655.92,0
TRNR.US,D,20250213,000000,129,134,121,127,1300.36,0
TRNR.US,D,20250214,000000,128,131,116,131,2450.84,0
TRNR.US,D,20250218,000000,127,138,114,121.5,2723.9,0
TRNR.US,D,20250219,000000,166,217,124,124,668043.99,0
TRNR.US,D,20250220,000000,124,124,100,106,28625.49,0
TRNR.US,D,20250221,000000,96,109,86,100,17800.65,0
TRNR.US,D,20250224,000000,108,115,89,93.51,9918.89,0
TRNR.US,D,20250225,000000,92,98.69,85.53,94.97,5345.96,0
TRNR.US,D,20250226,000000,156,253.99,121,125,1588298.53,0
TRNR.US,D,20250227,000000,193,239,135,153,1269685.51,0
TRNR.US,D,20250228,000000,206,297,157,257,1935710.98,0
TRNR.US,D,20250303,000000,317,396,202,231,965992.02,0
TRNR.US,D,20250304,000000,265.5,290,223,255,400862.4,0
TRNR.US,D,20250305,000000,250,267,213,214,72674.06,0
TRNR.US,D,20250306,000000,247,265,215,238,165836.86,0
TRNR.US,D,20250307,000000,236,245,182,211,35518.47,0
TRNR.US,D,20250310,000000,183,183,155,156,28054.89,0
TRNR.US,D,20250311,000000,146,158,133,153,13270.59,0
TRNR.US,D,20250312,000000,161,168,137,142,110806.08,0
TRNR.US,D,20250313,000000,140,144,133,133,29154.8,0
TRNR.US,D,20250314,000000,133,134.99,123,126,15930.42,0
TRNR.US,D,20250317,000000,120,126,110,119,14747.12,0
TRNR.US,D,20250318,000000,114,118,106,107,7989.15,0
TRNR.US,D,20250319,000000,122,148,120,121,132086.65,0
TRNR.US,D,20250320,000000,118,135,116,128,18018.39,0
TRNR.US,D,20250321,000000,128,138,122,126,19439.04,0
TRNR.US,D,20250324,000000,131,131,121,123,8846.85,0
TRNR.US,D,20250325,000000,121,125,115,121,5729.12,0
TRNR.US,D,20250326,000000,120,148,120,129,42332.71,0
TRNR.US,D,20250327,000000,125,129,121,124,8622.09,0
TRNR.US,D,20250328,000000,126,126,115.01,119,6676.17,0
TRNR.US,D,20250331,000000,116,126.99,113,123,10312.9,0
TRNR.US,D,20250401,000000,113,121,99,101,13958.6,0
TRNR.US,D,20250402,000000,96,99.6799,87.11,89.71,9831.08,0
TRNR.US,D,20250403,000000,88,112,86,108,12803.37,0
TRNR.US,D,20250404,000000,99.96,103.5,80.03,90.98,10041.39,0
TRNR.US,D,20250407,000000,87,90.98,83,89,4504.4,0
TRNR.US,D,20250408,000000,99.65,123,85,90.23,321884.7,0
TRNR.US,D,20250409,000000,88.12,116,81.09,108,65329.75,0
TRNR.US,D,20250410,000000,104,109,95,105,13538.1,0
TRNR.US,D,20250411,000000,99,102.73,95,101,5873.88,0
TRNR.US,D,20250414,000000,99.03,103,95,101,7202.52,0
TRNR.US,D,20250415,000000,97.5,102,96.5,101,4263.02,0
TRNR.US,D,20250416,000000,97.17,99,94,98,6046.24,0
TRNR.US,D,20250417,000000,96.86,96.86,88,95,4664.47,0
TRNR.US,D,20250421,000000,90,92.62,81.02,83.15,6130.19,0
TRNR.US,D,20250422,000000,84.02,87.28,81.05,81.12,3222.82,0
TRNR.US,D,20250423,000000,84.99,84.9937,74.25,77.53,30652.69,0
TRNR.US,D,20250424,000000,77.12,77.5,71.1866,72,8430.55,0
TRNR.US,D,20250425,000000,72,74.88,68.17,73,6547.32,0
TRNR.US,D,20250428,000000,72,74,65.31,66.53,7034.17,0
TRNR.US,D,20250429,000000,65,68.19,62.99,67.99,7709.65,0
TRNR.US,D,20250430,000000,66,67.46,62,65.25,23659.09,0
TRNR.US,D,20250501,000000,68.4,74.39,64.05,68,138947.47,0
TRNR.US,D,20250502,000000,63.1,70.02,63,66.85,19231.25,0
TRNR.US,D,20250505,000000,63.5,65.9,61.34,62.9,8080.72,0
TRNR.US,D,20250506,000000,60.87,60.87,56.01,57.5401,7604.42,0
TRNR.US,D,20250507,000000,58.28,65.97,57.5,62.28,15201.13,0
TRNR.US,D,20250508,000000,63.01,68.18,61.21,65.96,6073.84,0
TRNR.US,D,20250509,000000,65,75.77,62.5,68.02,14155.9,0
TRNR.US,D,20250512,000000,73,85.99,70.01,79,25524.02,0
TRNR.US,D,20250513,000000,78,79.98,75.12,75.77,5407.01,0
TRNR.US,D,20250514,000000,79,94.1,76.17,86.35,23841.23,0
TRNR.US,D,20250515,000000,89,108,87.25,98,25229.98,0
TRNR.US,D,20250516,000000,103,104,92.92,93.59,15876.99,0
TRNR.US,D,20250519,000000,93.3,103,83.0001,101,58566.53,0
TRNR.US,D,20250520,000000,94.57,103,90.11,91.25,12715.91,0
TRNR.US,D,20250521,000000,92,98.98,90.19,95.73,7816.34,0
TRNR.US,D,20250522,000000,93.08,96.7499,88,89,8249.35,0
TRNR.US,D,20250523,000000,86.61,89.99,78.93,79.01,9479.5,0
TRNR.US,D,20250527,000000,82.04,92.98,79,80.53,9205.56,0
TRNR.US,D,20250528,000000,80.76,86.6,78.9,79.74,6117.78,0
TRNR.US,D,20250529,000000,81.5,83.99,78.5,79.34,5721.19,0
TRNR.US,D,20250530,000000,81,82.88,79.01,81.9,2452.2,0
TRNR.US,D,20250602,000000,82.5,87.61,81.01,87.5,4329.91,0
TRNR.US,D,20250603,000000,87.21,93.55,84.37,93.49,5818.42,0
TRNR.US,D,20250604,000000,92.19,99.02,89.99,91.83,7018.96,0
TRNR.US,D,20250605,000000,90.8,95,87.02,87.2,2250.68,0
TRNR.US,D,20250606,000000,88.06,91.99,85,87.63,1517.55,0
TRNR.US,D,20250609,000000,86,87.99,73.71,78.7,10272.44,0
TRNR.US,D,20250610,000000,80.13,84.5299,76.5001,80.49,4051.55,0
TRNR.US,D,20250611,000000,119,126,84,92,531903.64,0
TRNR.US,D,20250612,000000,89.53,91,75.98,80.55,46851.25,0
TRNR.US,D,20250613,000000,75.74,76.99,68,69.73,21653.85,0
TRNR.US,D,20250616,000000,71,76.04,68,74.03,14515.49,0
TRNR.US,D,20250617,000000,74.9,74.9,67,68.7,13970.02,0
TRNR.US,D,20250618,000000,71,72.49,67,71.07,13025.46,0
TRNR.US,D,20250620,000000,72.21,72.21,68.58,68.58,4496.88,0
TRNR.US,D,20250623,000000,68.57,68.67,62,64.5,8578.87,0
TRNR.US,D,20250624,000000,64.49,69.92,62.21,68.41,6633.3,0
TRNR.US,D,20250625,000000,50,53.25,42.5,44.81,46388.52,0
TRNR.US,D,20250626,000000,41.73,46.62,37.37,43.5,22340.78,0
TRNR.US,D,20250627,000000,44.4,56.3,44.001,50.5,52903.4,0
TRNR.US,D,20250630,000000,48.5,59.9,48.157,58.4,23437.6,0
TRNR.US,D,20250701,000000,67,68,48.4,55.7,1249189.1,0
TRNR.US,D,20250702,000000,51.9,54.49,50.4,53.3,29582.9,0
TRNR.US,D,20250703,000000,52.3,56.299,51.2,54.2,15572.5,0
TRNR.US,D,20250707,000000,53,70.8,52.219,65.3,57086.7,0
TRNR.US,D,20250708,000000,65.6,66.9,60.701,66.2,18601.2,0
TRNR.US,D,20250709,000000,66.9,75.2,64.5,72.6,24126.4,0
TRNR.US,D,20250710,000000,72.5,80,72.5,78.2,18673.3,0
TRNR.US,D,20250711,000000,77.4,82,74.2,77.8,24627.6,0
TRNR.US,D,20250714,000000,72.5,76.5,66.5,69.1,27223.6,0
TRNR.US,D,20250715,000000,67.3,73.675,62.5,69.4,17907.9,0
TRNR.US,D,20250716,000000,68.1,71.4,66.8,69.9,8895.9,0
TRNR.US,D,20250717,000000,66.7,68.4,62.6,67.2,16969.8,0
TRNR.US,D,20250718,000000,67.1,72.699,62.9,63.8,12671.9,0
TRNR.US,D,20250721,000000,64.7,66.6,59,60.9,17431.1,0
TRNR.US,D,20250722,000000,61,66.496,59.7,65.7,12888.4,0
TRNR.US,D,20250723,000000,66,69.669,64.5,66.7,14099.2,0
TRNR.US,D,20250724,000000,66.2,67.5,61.3,62.3,14468,0
TRNR.US,D,20250725,000000,64.2,65.216,58.6,60.3,10900.9,0
TRNR.US,D,20250728,000000,59.9,61.25,52.2,53.2,17043.3,0
TRNR.US,D,20250729,000000,55.8,56.5,48.1,49.9,15181.7,0
TRNR.US,D,20250730,000000,49,52.5,46.6,47.7,27484,0
TRNR.US,D,20250731,000000,48,48.2,42.6,43.3,9995.3,0
TRNR.US,D,20250801,000000,42.7,45.3,39.7,42.3,7643.7,0
TRNR.US,D,20250804,000000,42.7,43.959,40.7,41.7,7886.3,0
TRNR.US,D,20250805,000000,40,46.424,39.625,45.8,13369.9,0
TRNR.US,D,20250806,000000,46.7,46.919,41,41.1,7952,0
TRNR.US,D,20250807,000000,41.5,44.001,39.6,42.1,12997.7,0
TRNR.US,D,20250808,000000,42.1,42.599,40.7,42.1,2743.5,0
TRNR.US,D,20250811,000000,42.1,42.3,40.8,41.2,3437.8,0
TRNR.US,D,20250812,000000,41.7,43.8,40.5,42.9,5038.1,0
TRNR.US,D,20250813,000000,43.2,46.199,41.501,44.3,14095.7,0
TRNR.US,D,20250814,000000,43.3,43.95,41.5,42.4,62109.4,0
TRNR.US,D,20250815,000000,42.6,43,41,41.6,6697.2,0
TRNR.US,D,20250818,000000,42.3,45,41.6,44.6,7063.4,0
TRNR.US,D,20250819,000000,44,44.349,40.5,40.9,6707.6,0
TRNR.US,D,20250820,000000,42.4,42.4,36.2,38.9,8554.3,0
TRNR.US,D,20250821,000000,38.5,38.8,37,37.1,2933.2,0
TRNR.US,D,20250822,000000,37.1,39,36.1,38.4,3386.9,0
TRNR.US,D,20250825,000000,37.6,40.9,37.5,40.2,4986.8,0
TRNR.US,D,20250826,000000,40.198,40.92,37.827,39.5,3843.5,0
TRNR.US,D,20250827,000000,39.1,40.283,38.511,39.7,2105.7,0
TRNR.US,D,20250828,000000,39.7,40.6,38.2,39.4,4224.3,0
TRNR.US,D,20250829,000000,40.9,42,39,41.3,4472.8,0
TRNR.US,D,20250902,000000,40.6,41.299,38.981,39.3,4260.7,0
TRNR.US,D,20250903,000000,38.2,43.178,30.701,33.9,33847.5,0
TRNR.US,D,20250904,000000,34,36.976,33.9,36.25,11499.1,0
TRNR.US,D,20250905,000000,36,36,31.1,31.5,12850.3,0
TRNR.US,D,20250908,000000,31.8,33.453,31.5,32.6,5936.3,0
TRNR.US,D,20250909,000000,33,37,31.5,34,17299,0
TRNR.US,D,20250910,000000,34,34.45,31.1,31.5,9877.5,0
TRNR.US,D,20250911,000000,33.8,38.2,28.1,35.5,509866.5,0
TRNR.US,D,20250912,000000,35.6,41.896,34.4,34.9,59830.6,0
TRNR.US,D,20250915,000000,36.2,37.5,31,34.1,18912.3,0
TRNR.US,D,20250916,000000,33.8,38.1,32.544,36.6,11095.9,0
TRNR.US,D,20250917,000000,37,37,34.101,35.2,10284.7,0
TRNR.US,D,20250918,000000,36,36.828,34.3,35,5011.6,0
TRNR.US,D,20250919,000000,35.7,35.843,33.6,33.6,7371.2,0
TRNR.US,D,20250922,000000,34.5,35.7,33.335,35.2,8909.7,0
TRNR.US,D,20250923,000000,35.5,35.95,33.5,34.2,6118.7,0
TRNR.US,D,20250924,000000,34.5,37.7,34.201,35.2,16177.9,0
TRNR.US,D,20250925,000000,35.2,35.392,32.601,33.8,8663.5,0
TRNR.US,D,20250926,000000,33.7,34.742,32.5,33.8,2792,0
TRNR.US,D,20250929,000000,33.9,34.657,32.1,33.9,8131.3,0
TRNR.US,D,20250930,000000,33.9,34.2,32.712,33.2,3177.2,0
TRNR.US,D,20251001,000000,33.2,35.992,32.101,35.8,15664.5,0
TRNR.US,D,20251002,000000,35.164,36.5,34.801,35.1,4729.2,0
TRNR.US,D,20251003,000000,34.5,35.9,34.4,35.1,4359.5,0
TRNR.US,D,20251006,000000,35.1,35.1,33.5,34.1,3945.3,0
TRNR.US,D,20251007,000000,34.2,35.133,33.3,34.7,3770.2,0
TRNR.US,D,20251008,000000,35,37.3,33.501,35.7,10257.9,0
TRNR.US,D,20251009,000000,35.7,36.3,34,34.2,11054.4,0
TRNR.US,D,20251010,000000,34.6,36.3,30.501,31.176,16886.2,0
TRNR.US,D,20251013,000000,31.2,34.1,30.2,33.4,8009.8,0
TRNR.US,D,20251014,000000,33.2,34.5,31.414,34,6588,0
TRNR.US,D,20251015,000000,33.3,34.236,32,32.3,4874.6,0
TRNR.US,D,20251016,000000,32.4,33.1,30.2,30.6,5564.9,0
TRNR.US,D,20251017,000000,31.3,32.324,28.6,28.9,11349.8,0
TRNR.US,D,20251020,000000,29.1,32.2,29,29.8,6203.6,0
TRNR.US,D,20251021,000000,30.3,31.2,29,29.7,2749,0
TRNR.US,D,20251022,000000,29.7,30,27,27.7,5713.9,0
TRNR.US,D,20251023,000000,27.3,28.8,26.8,27.8,6169.6,0
TRNR.US,D,20251024,000000,29,30.167,28.7,28.7,3433.1,0
TRNR.US,D,20251027,000000,30.1,30.1,28.3,28.5,2353.2,0
TRNR.US,D,20251028,000000,28.9,28.9,26.3,26.3,4111,0
TRNR.US,D,20251029,000000,27.1,27.1,23.4,24.1,11306.8,0
TRNR.US,D,20251030,000000,24.1,24.9,23,24.05,2270.9,0
TRNR.US,D,20251031,000000,24,26.8,22.5,24.7,13630.7,0
TRNR.US,D,20251103,000000,26,26,25.1,25.9,2561.6,0
TRNR.US,D,20251104,000000,25.8,25.9,24,24,2694.6,0
TRNR.US,D,20251105,000000,24.6,25.013,22.701,24.95,5903.7,0
TRNR.US,D,20251106,000000,23.8,26.4,23.6,25.5,5028.6,0
TRNR.US,D,20251107,000000,25.45,28.6,25.1593,27,11694.6,0
TRNR.US,D,20251110,000000,27.3,27.3,26.1,27,2885.2,0
TRNR.US,D,20251111,000000,26.4,28.8,26,28.6,4982.7,0
TRNR.US,D,20251112,000000,28.1,29.42,27.9,29.15,3848.8,0
TRNR.US,D,20251113,000000,28.7,29.3,26,26,6322.9,0
TRNR.US,D,20251114,000000,22.3,25.7,21.1,24.4,282517,0
TRNR.US,D,20251117,000000,23.3,23.5,21.5,22.1,6949.9,0
TRNR.US,D,20251118,000000,21.8,21.9,20.9,21.3,15181.2,0
TRNR.US,D,20251119,000000,21.1,22.7,21.1,22.5,6346.6,0
TRNR.US,D,20251120,000000,22.7,23.5,22,22.4,2166.9,0
TRNR.US,D,20251121,000000,22.071,22.668,21.6,22.5,2486.7,0
TRNR.US,D,20251124,000000,22.8,24.455,22.5,24.3,3051.4,0
TRNR.US,D,20251125,000000,23.5,23.7,21.8,22.9,9370.2,0
TRNR.US,D,20251126,000000,22.65,23.793,22.4,22.8,7220.1,0
TRNR.US,D,20251128,000000,23,23,21.1,21.7,7362.6,0
TRNR.US,D,20251201,000000,21.1,21.5,19.7,19.7,8224.2,0
TRNR.US,D,20251202,000000,19.7,19.7,17.9,18.7,16215.3,0
TRNR.US,D,20251203,000000,18.8,19.6,17,17.2,11500.2,0
TRNR.US,D,20251204,000000,17,17.899,16,17.4,22371.9,0
TRNR.US,D,20251205,000000,17.5,21.6,17.4,20.8,18209.9,0
TRNR.US,D,20251208,000000,21.7,24.2,20.801,21.1,23352.3,0
TRNR.US,D,20251209,000000,20.8,21.816,19.2,19.25,8662.2,0
TRNR.US,D,20251210,000000,20.1,20.5,18.1,19.6,14461.2,0
TRNR.US,D,20251211,000000,19.8,20,18.2,18.4,8021.8,0
TRNR.US,D,20251212,000000,18.5,18.9,17.3,17.6,10542.5,0
TRNR.US,D,20251215,000000,17.9,17.9,16.7,17,4803.7,0
TRNR.US,D,20251216,000000,16.8,16.9,16.4,16.8,1952.7,0
TRNR.US,D,20251217,000000,16.8,16.8,16.1,16.3,3187.5,0
TRNR.US,D,20251218,000000,16.1,16.2,15.4,15.6,3253.5,0
TRNR.US,D,20251219,000000,15.7,16,14.9,15.4,3871.7,0
TRNR.US,D,20251222,000000,15.1,15.7,15.1,15.7,3074.1,0
TRNR.US,D,20251223,000000,15.3,15.5,14.5,15,5504.3,0
TRNR.US,D,20251224,000000,14.8,14.9,14.526,14.8,2264.4,0
TRNR.US,D,20251226,000000,15,15,14,14.3,7496,0
TRNR.US,D,20251229,000000,14,14.099,11.4,11.95,34666.1,0
TRNR.US,D,20251230,000000,9.399,11.2,9.2,10.2,21608.9,0
TRNR.US,D,20251231,000000,9.65,9.843,8.313,8.57,21505.4,0
TRNR.US,D,20260102,000000,8.651,9,8.31,8.999,5867.7,0
TRNR.US,D,20260105,000000,9,9.5,9,9.322,8132.7,0
TRNR.US,D,20260106,000000,9.7,11.2,9.3,10.9,36501.3,0
TRNR.US,D,20260107,000000,11,12.5,10.7,11.4,21300.4,0
TRNR.US,D,20260108,000000,11.4,11.4,10.1,10.7,9375.3,0
TRNR.US,D,20260109,000000,11,11,10.05,10.05,8580.5,0
TRNR.US,D,20260112,000000,10,10.725,9.585,9.905,5864.7,0
TRNR.US,D,20260113,000000,9.905,10.1,9.024,9.306,6292.3,0
TRNR.US,D,20260114,000000,9.15,9.3,8.86,8.98,4313.8,0
TRNR.US,D,20260115,000000,9,9,8.5,8.52,5510.2,0
TRNR.US,D,20260116,000000,8.778,16.199,7.88,9.411,4657011.6,0
TRNR.US,D,20260120,000000,7.1,7.467,6.4,7.41,262758,0
TRNR.US,D,20260121,000000,6.85,7.258,6.622,7.11,66150.1,0
TRNR.US,D,20260122,000000,6.73,7.1,6.585,7.08,40936,0
TRNR.US,D,20260123,000000,6.864,6.864,6.11,6.269,46059.1,0
TRNR.US,D,20260126,000000,6.302,6.302,5.38,6.101,42843.1,0
TRNR.US,D,20260127,000000,5.803,6.74,5.505,6.237,106033.9,0
TRNR.US,D,20260128,000000,6.237,6.237,5.31,5.4,37096.9,0
TRNR.US,D,20260129,000000,5.3,5.3,4.432,4.523,53594.6,0
TRNR.US,D,20260130,000000,4.499,5.541,4.345,5.208,67430.5,0
TRNR.US,D,20260202,000000,5.242,5.6,4.61,4.77,16985.4,0
TRNR.US,D,20260203,000000,4.875,5.195,4.8,4.836,13774.2,0
TRNR.US,D,20260204,000000,4.948,5.046,4.321,4.5,13244.3,0
TRNR.US,D,20260205,000000,4.45,4.7,4.101,4.101,13617.2,0
TRNR.US,D,20260206,000000,4.112,4.199,3.042,3.563,114155.1,0
TRNR.US,D,20260209,000000,3.504,3.6,3.25,3.427,21086.7,0
TRNR.US,D,20260210,000000,3.49,4.074,3.49,3.96,58915.6,0
TRNR.US,D,20260211,000000,4,4.074,3.636,3.79,26938.2,0
TRNR.US,D,20260212,000000,3.77,4.1,3.6,3.691,30898.8,0
TRNR.US,D,20260213,000000,3.7,3.9,3.6,3.887,14056.9,0
TRNR.US,D,20260217,000000,3.987,4,3.70001,3.88,16371.9,0
TRNR.US,D,20260218,000000,3.75701,4.69899,3.65,4.089,3517190.4,0
TRNR.US,D,20260219,000000,5.6065,7.5999,4.165,4.287,30666677.6,0
TRNR.US,D,20260220,000000,3.012,3.1,2.11,2.43,2337088.3,0
TRNR.US,D,20260223,000000,2.393,2.393,1.936,2.191,717860,0
TRNR.US,D,20260224,000000,2.16,2.5,2.08,2.3,670511,0
TRNR.US,D,20260225,000000,2.17,2.2288,2.01,2.07,409337,0
TRNR.US,D,20260226,000000,1.89,2.04,1.87,1.95,234600,0
TRNR.US,D,20260227,000000,1.87,1.93,1.77,1.79,192400,0
TRNR.US,D,20260302,000000,1.64,1.65,1.51,1.58,184624,0
TRNR.US,D,20260303,000000,1.5097,1.55,1.37,1.46,181598,0
TRNR.US,D,20260304,000000,1.46,1.939,1.46,1.73,1515093,0
TRNR.US,D,20260305,000000,1.69,1.785,1.64,1.73,157342,0
TRNR.US,D,20260306,000000,1.67,1.67,1.56,1.56,117304,0
TRNR.US,D,20260309,000000,1.48,1.5186,1.41,1.455,140732,0
TRNR.US,D,20260310,000000,1.45,1.57,1.39,1.57,113391,0
TRNR.US,D,20260311,000000,1.6,1.63,1.48,1.58,275557,0
TRNR.US,D,20260312,000000,1.58,1.58,1.47,1.53,72240,0
TRNR.US,D,20260313,000000,1.53,1.57,1.44,1.5,92570,0
TRNR.US,D,20260316,000000,1.51,1.51,1.42,1.48,73420,0
TRNR.US,D,20260317,000000,1.44,1.47,1.35,1.4,68772,0
TRNR.US,D,20260318,000000,1.37,1.37,1.16,1.21,290102,0
TRNR.US,D,20260319,000000,1.23,1.23,1.2,1.23,48109,0
TRNR.US,D,20260320,000000,1.26,1.35,1.17,1.35,1849809,0
TRNR.US,D,20260323,000000,1.34,1.465,1.25,1.26,196100,0
TRNR.US,D,20260324,000000,1.26,1.35,1.23,1.3,69871,0
TRNR.US,D,20260325,000000,1.32,1.32,1.2521,1.31,50068,0
TRNR.US,D,20260326,000000,1.29,1.32,1.21,1.21,72235,0
TRNR.US,D,20260327,000000,1.22,1.26,1.19,1.24,58156,0
TRNR.US,D,20260330,000000,1.26,1.38,1.26,1.3,93497,0
TRNR.US,D,20260331,000000,1.302,1.49,1.2609,1.37,235588,0
TRNR.US,D,20260401,000000,1.405,1.6,1.38,1.5,453613,0
TRNR.US,D,20260402,000000,1.42,1.47,1.3501,1.42,157457,0
TRNR.US,D,20260406,000000,1.39,1.445,1.298,1.38,108760,0
TRNR.US,D,20260407,000000,1.3803,1.3804,1.29,1.32,136078,0
TRNR.US,D,20260408,000000,1.36,1.42,1.34,1.38,175210,0
TRNR.US,D,20260409,000000,1.37,1.38,1.3,1.37,75552,0
TRNR.US,D,20260410,000000,1.35,1.35,1.19,1.19,184976,0
TRNR.US,D,20260413,000000,1.2,1.2,1.03,1.09,222327,0
TRNR.US,D,20260414,000000,1.09,1.156,1.08,1.08,91605,0
TRNR.US,D,20260415,000000,1.08,1.21,1.08,1.17,221523,0
TRNR.US,D,20260416,000000,1.22,1.22,1.12,1.13,160764,0
TRNR.US,D,20260417,000000,1.12,1.18,1.09,1.09,127357,0
TRNR.US,D,20260420,000000,1.09,1.16,1.06,1.1,62865,0
TRNR.US,D,20260421,000000,1.09,1.14,1.08,1.08,136396,0
TRNR.US,D,20260422,000000,1.08,1.12,1.075,1.11,39255,0
TRNR.US,D,20260423,000000,1.1109,1.12,1.04,1.06,40347,0
TRNR.US,D,20260424,000000,1.09,1.09,1.05,1.06,20142,0
TRNR.US,D,20260427,000000,1.06,1.13,1.06,1.13,81577,0
TRNR.US,D,20260428,000000,1.11,1.13,1.09,1.1,53135,0
TRNR.US,D,20260429,000000,1.09,1.1,0.9912,1.02,120676,0
TRNR.US,D,20260430,000000,1.06,1.2,1.05,1.12,267953,0
TRNR.US,D,20260501,000000,1.1,1.11,1.035,1.05,71358,0
TRNR.US,D,20260504,000000,1.05,1.07,0.9925,1,79332,0
TRNR.US,D,20260505,000000,1.02,1.03,0.96,0.98,121022,0
TRNR.US,D,20260506,000000,0.97,0.9799,0.9362,0.9599,83372,0
TRNR.US,D,20260507,000000,0.95,0.96,0.87,0.894,111643,0
TRNR.US,D,20260508,000000,0.91,0.919999,0.84,0.845,123667,0
TRNR.US,D,20260511,000000,0.838,0.9008,0.836999,0.874,79449,0
TRNR.US,D,20260512,000000,0.835,0.8998,0.835,0.8627,106047,0
TRNR.US,D,20260513,000000,0.88,0.8973,0.855,0.8799,62250,0
TRNR.US,D,20260514,000000,0.878,1.0499,0.878,1.02,199302,0
TRNR.US,D,20260515,000000,0.99,1.19,0.99,1.14,178366,0
TRNR.US,D,20260518,000000,1.19,1.24,1.05,1.06,170006,0
TRNR.US,D,20260519,000000,0.9513,1.06,0.7506,1.01,25958549,0
TRNR.US,D,20260520,000000,1.03,1.21,1.02,1.05,2104857,0
TRNR.US,D,20260521,000000,0.962,1.086,0.828,1,12985316,0
TRNR.US,D,20260522,000000,0.95,0.97,0.8,0.85,2822525,0
TRNR.US,D,20260526,000000,0.8488,0.8534,0.8,0.8246,543920,0
TRNR.US,D,20260527,000000,0.7897,0.7897,0.7,0.7499,541838,0
TRNR.US,D,20260528,000000,0.75,0.7999,0.72045,0.7999,389454,0
TRNR.US,D,20260529,000000,0.79,0.804,0.761,0.804,178536,0
TRNR.US,D,20260601,000000,0.7733,0.7898,0.72,0.78,197484,0
TRNR.US,D,20260602,000000,0.7706,0.8288,0.744,0.8068,217513,0
TRNR.US,D,20260603,000000,0.7826,0.8,0.73,0.798,238554,0
TRNR.US,D,20260604,000000,0.7741,0.82,0.742,0.79,318011,0
TRNR.US,D,20260605,000000,0.7663,0.779899,0.715349,0.7412,224228,0
TRNR.US,D,20260608,000000,0.75,0.7599,0.7,0.72,193443,0
TRNR.US,D,20260609,000000,0.73,0.735,0.6742,0.695,150191,0
TRNR.US,D,20260610,000000,0.7,0.7,0.5859,0.616,456189,0
TRNR.US,D,20260611,000000,0.617,0.617,0.5612,0.5802,213038,0
TRNR.US,D,20260612,000000,0.5699,0.6183,0.54,0.5766,230756,0
TRNR.US,D,20260615,000000,0.6098,0.625,0.5131,0.5254,551259,0
TRNR.US,D,20260616,000000,0.5263,0.85,0.5263,0.7222,17787887,0
TRNR.US,D,20260617,000000,0.578,0.6455,0.55,0.62,1292448,0
TRNR.US,D,20260618,000000,0.62,0.6405,0.5612,0.58,239079,0
TRNR.US,D,20260622,000000,0.5662,0.5795,0.53,0.5469,191200,0
TRNR.US,D,20260623,000000,0.546,0.5739,0.5,0.5598,94333,0
TRNR.US,D,20260624,000000,0.55,0.5592,0.525,0.5359,158924,0
