<TICKER>,<PER>,<DATE>,<TIME>,<OPEN>,<HIGH>,<LOW>,<CLOSE>,<VOL>,<OPENINT>
VACH.US,D,20241001,000000,9.97,9.98,9.97,9.97,620897,0
VACH.US,D,20241002,000000,9.98,9.98,9.97,9.97,503907,0
VACH.US,D,20241003,000000,9.975,9.99,9.97,9.98,531502,0
VACH.US,D,20241004,000000,9.97,9.98,9.97,9.98,174098,0
VACH.US,D,20241007,000000,9.98,9.99,9.98,9.98,446082,0
VACH.US,D,20241008,000000,9.98,10,9.98,10,199636,0
VACH.US,D,20241009,000000,9.98,10.02,9.98,10.01,140945,0
VACH.US,D,20241010,000000,10.01,10.01,10,10,424659,0
VACH.US,D,20241011,000000,10,10,10,10,4709,0
VACH.US,D,20241014,000000,10,10,9.99,9.99,11413,0
VACH.US,D,20241016,000000,10.01,10.01,10.01,10.01,898,0
VACH.US,D,20241017,000000,10.01,10.01,10.01,10.01,38775,0
VACH.US,D,20241018,000000,10,10.02,10,10.02,38072,0
VACH.US,D,20241021,000000,10,10.0022,10,10.0022,279214,0
VACH.US,D,20241022,000000,10.0005,10.03,10.0005,10.03,41271,0
VACH.US,D,20241023,000000,10.015,10.03,10.01,10.01,301858,0
VACH.US,D,20241024,000000,10.02,10.02,10.02,10.02,319886,0
VACH.US,D,20241025,000000,10.05,10.05,10.015,10.02,536503,0
VACH.US,D,20241028,000000,10.02,10.03,10.02,10.02,135891,0
VACH.US,D,20241029,000000,10.02,10.08,10.02,10.08,133307,0
VACH.US,D,20241030,000000,10.2443,11.2,10.01,10.03,1089495,0
VACH.US,D,20241031,000000,10.1468,10.985,10.02,10.02,83727,0
VACH.US,D,20241101,000000,10.02,10.02,10.02,10.02,60972,0
VACH.US,D,20241104,000000,10.2274,11.07,10.01,10.035,84946,0
VACH.US,D,20241105,000000,10.04,10.04,10.04,10.04,55383,0
VACH.US,D,20241106,000000,10.02,10.02,10.02,10.02,57602,0
VACH.US,D,20241107,000000,10.02,10.02,10.02,10.02,22219,0
VACH.US,D,20241108,000000,10.04,10.04,10.02,10.02,1309,0
VACH.US,D,20241111,000000,10.03,10.03,10.02,10.03,11641,0
VACH.US,D,20241112,000000,10.02,10.0301,10.02,10.03,127464,0
VACH.US,D,20241114,000000,10.03,10.03,10.02,10.03,8695,0
VACH.US,D,20241115,000000,10.02,10.03,10.02,10.03,123917,0
VACH.US,D,20241118,000000,10.02,10.03,10.01,10.02,1196860,0
VACH.US,D,20241119,000000,10.03,10.03,10.01,10.01,85127,0
VACH.US,D,20241120,000000,10.02,10.02,10.015,10.015,12891,0
VACH.US,D,20241121,000000,10.015,10.02,10.01,10.02,8991,0
VACH.US,D,20241122,000000,10.02,10.02,10.01,10.0179,16851,0
VACH.US,D,20241125,000000,10.02,10.02,10.02,10.02,27668,0
VACH.US,D,20241126,000000,10.02,10.02,10.02,10.02,5774,0
VACH.US,D,20241127,000000,10.02,10.02,10.02,10.02,82194,0
VACH.US,D,20241129,000000,10.0305,10.0351,10.02,10.02,5305,0
VACH.US,D,20241202,000000,10.02,10.0275,10.02,10.02,20381,0
VACH.US,D,20241203,000000,10.03,10.03,10.02,10.02,34015,0
VACH.US,D,20241204,000000,10.01,10.02,10.01,10.02,1209,0
VACH.US,D,20241205,000000,10.03,10.03,10.03,10.03,4002,0
VACH.US,D,20241206,000000,10.02,10.02,10.02,10.02,33704,0
VACH.US,D,20241209,000000,10.0319,10.0319,10.01,10.01,9548,0
VACH.US,D,20241210,000000,10.05,10.05,10.02,10.02,1772,0
VACH.US,D,20241211,000000,10.03,10.04,10.025,10.04,55730,0
VACH.US,D,20241212,000000,10.03,10.0401,10.03,10.0301,1874,0
VACH.US,D,20241213,000000,10.0396,10.0396,10.0396,10.0396,9000,0
VACH.US,D,20241216,000000,10.03,10.03,10.03,10.03,334938,0
VACH.US,D,20241217,000000,10.03,10.03,10.02,10.02,25226,0
VACH.US,D,20241218,000000,10.02,10.03,10.02,10.03,704531,0
VACH.US,D,20241219,000000,10.025,10.025,10.025,10.025,585,0
VACH.US,D,20241220,000000,10.02,10.02,10.02,10.02,28979,0
VACH.US,D,20241223,000000,10.03,10.03,10.02,10.02,446467,0
VACH.US,D,20241224,000000,10.02,10.02,10.02,10.02,293387,0
VACH.US,D,20241226,000000,10.02,10.03,10.02,10.025,2639,0
VACH.US,D,20241230,000000,10.02,10.02,10.02,10.02,198,0
VACH.US,D,20250102,000000,10.03,10.05,10.03,10.03,435153,0
VACH.US,D,20250103,000000,10.04,10.05,10.04,10.05,102209,0
VACH.US,D,20250106,000000,10.06,10.1,10.05,10.1,25692,0
VACH.US,D,20250107,000000,10.12,10.12,10.12,10.12,5984,0
VACH.US,D,20250108,000000,10.12,10.12,10.116,10.116,4303,0
VACH.US,D,20250110,000000,10.12,10.12,10.0699,10.0807,12705,0
VACH.US,D,20250113,000000,10.11,10.12,10.11,10.11,393,0
VACH.US,D,20250114,000000,10.11,10.11,10.07,10.07,11862,0
VACH.US,D,20250115,000000,10.11,10.11,10.07,10.0701,36653,0
VACH.US,D,20250116,000000,10.1,10.1,10.1,10.1,262,0
VACH.US,D,20250117,000000,10.07,10.11,10.07,10.11,100120,0
VACH.US,D,20250121,000000,10.07,10.078,10.07,10.07,11429,0
VACH.US,D,20250122,000000,10.07,10.11,10.07,10.11,1735,0
VACH.US,D,20250123,000000,10.07,10.07,10.07,10.07,127,0
VACH.US,D,20250124,000000,10.07,10.08,10.07,10.08,7011,0
VACH.US,D,20250127,000000,10.07,10.08,10.06,10.07,1782,0
VACH.US,D,20250128,000000,10.08,10.08,10.08,10.08,18001,0
VACH.US,D,20250130,000000,10.085,10.09,10.07,10.07,1700,0
VACH.US,D,20250131,000000,10.07,10.07,10.07,10.07,253,0
VACH.US,D,20250203,000000,10.08,10.0901,10.08,10.0901,905,0
VACH.US,D,20250204,000000,10.08,10.08,10.08,10.08,255,0
VACH.US,D,20250205,000000,10.09,10.09,10.08,10.08,257,0
VACH.US,D,20250206,000000,10.095,10.095,10.095,10.095,341,0
VACH.US,D,20250207,000000,10.08,10.09,10.08,10.0882,6302,0
VACH.US,D,20250210,000000,10.09,10.11,10.09,10.105,112468,0
VACH.US,D,20250211,000000,10.14,10.15,10.1,10.11,2577,0
VACH.US,D,20250212,000000,10.11,10.11,10.11,10.11,50114,0
VACH.US,D,20250213,000000,10.1189,10.1302,10.105,10.11,405345,0
VACH.US,D,20250214,000000,10.14,10.14,10.14,10.14,197,0
VACH.US,D,20250218,000000,10.12,10.12,10.12,10.12,243,0
VACH.US,D,20250219,000000,10.115,10.115,10.11,10.11,200440,0
VACH.US,D,20250220,000000,10.11,10.13,10.11,10.13,124674,0
VACH.US,D,20250221,000000,10.12,10.12,10.12,10.12,295957,0
VACH.US,D,20250224,000000,10.13,10.13,10.12,10.12,2959,0
VACH.US,D,20250226,000000,10.14,10.17,10.12,10.12,800,0
VACH.US,D,20250228,000000,10.17,10.17,10.16,10.16,3830,0
VACH.US,D,20250303,000000,10.13,10.14,10.13,10.14,184080,0
VACH.US,D,20250304,000000,10.17,10.17,10.13,10.13,914,0
VACH.US,D,20250305,000000,10.17,10.18,10.16,10.18,864,0
VACH.US,D,20250306,000000,10.1428,10.1428,10.1428,10.1428,618,0
VACH.US,D,20250307,000000,10.1425,10.18,10.1425,10.18,8817,0
VACH.US,D,20250310,000000,10.18,10.18,10.16,10.16,457,0
VACH.US,D,20250311,000000,10.15,10.15,10.15,10.15,893,0
VACH.US,D,20250312,000000,10.19,10.19,10.19,10.19,189,0
VACH.US,D,20250313,000000,10.16,10.16,10.16,10.16,763,0
VACH.US,D,20250317,000000,10.16,10.19,10.16,10.16,2798,0
VACH.US,D,20250318,000000,10.19,10.19,10.16,10.16,6219,0
VACH.US,D,20250319,000000,10.19,10.2,10.18,10.2,10808,0
VACH.US,D,20250325,000000,10.19,10.19,10.17,10.17,2732,0
VACH.US,D,20250327,000000,10.22,10.22,10.2,10.21,1506,0
VACH.US,D,20250331,000000,10.17,10.21,10.17,10.18,1177,0
VACH.US,D,20250401,000000,10.2,10.2,10.1998,10.2,29570,0
VACH.US,D,20250407,000000,10.2,10.22,10.2,10.22,1362,0
VACH.US,D,20250408,000000,10.1909,10.23,10.19,10.23,2170,0
VACH.US,D,20250409,000000,10.2,10.2,10.2,10.2,89200,0
VACH.US,D,20250410,000000,10.23,10.25,10.2198,10.24,22590,0
VACH.US,D,20250411,000000,10.25,10.2793,10.25,10.25,6600,0
VACH.US,D,20250414,000000,10.2395,10.2454,10.21,10.21,1025,0
VACH.US,D,20250422,000000,10.21,10.21,10.21,10.21,1687,0
VACH.US,D,20250423,000000,10.27,10.27,10.25,10.2589,2039686,0
VACH.US,D,20250424,000000,10.24,10.2559,10.2384,10.25,141679,0
VACH.US,D,20250428,000000,10.26,10.26,10.25,10.25,9181,0
VACH.US,D,20250429,000000,10.26,10.28,10.26,10.26,802471,0
VACH.US,D,20250430,000000,10.26,10.2752,10.26,10.2752,52303,0
VACH.US,D,20250501,000000,10.28,10.28,10.2745,10.28,130663,0
VACH.US,D,20250502,000000,10.3,10.3,10.28,10.29,14987,0
VACH.US,D,20250505,000000,10.2965,10.2965,10.2965,10.2965,1024,0
VACH.US,D,20250506,000000,10.3,10.3,10.29,10.29,255872,0
VACH.US,D,20250507,000000,10.3,10.3,10.275,10.275,61876,0
VACH.US,D,20250508,000000,10.3,10.3,10.29,10.29,2906,0
VACH.US,D,20250509,000000,10.3,10.3,10.29,10.29,907,0
VACH.US,D,20250512,000000,10.3117,10.3299,10.295,10.295,1131,0
VACH.US,D,20250513,000000,10.29,10.29,10.29,10.29,12866,0
VACH.US,D,20250514,000000,10.31,10.31,10.31,10.31,728,0
VACH.US,D,20250519,000000,10.32,10.32,10.29,10.29,247900,0
VACH.US,D,20250520,000000,10.3223,10.33,10.32,10.32,19859,0
VACH.US,D,20250521,000000,10.31,10.31,10.31,10.31,117,0
VACH.US,D,20250523,000000,10.31,10.31,10.31,10.31,105,0
VACH.US,D,20250529,000000,10.3121,10.3121,10.31,10.31,1863,0
VACH.US,D,20250530,000000,10.31,10.31,10.31,10.31,25018,0
VACH.US,D,20250602,000000,10.33,10.33,10.33,10.33,207,0
VACH.US,D,20250603,000000,10.32,10.33,10.31,10.33,9391,0
VACH.US,D,20250605,000000,10.39,10.39,10.3822,10.3822,1299,0
VACH.US,D,20250606,000000,10.36,10.36,10.36,10.36,25110,0
VACH.US,D,20250610,000000,10.38,10.38,10.36,10.37,13779,0
VACH.US,D,20250611,000000,10.3939,10.3939,10.365,10.365,613234,0
VACH.US,D,20250612,000000,10.36,10.38,10.36,10.38,392410,0
VACH.US,D,20250613,000000,10.38,10.38,10.375,10.375,408667,0
VACH.US,D,20250616,000000,10.38,10.38,10.38,10.38,112239,0
VACH.US,D,20250617,000000,10.38,10.38,10.37,10.375,5172,0
VACH.US,D,20250618,000000,10.38,10.38,10.37,10.37,100516,0
VACH.US,D,20250620,000000,10.375,10.375,10.375,10.375,250,0
VACH.US,D,20250623,000000,10.385,10.385,10.37,10.38,185510,0
VACH.US,D,20250624,000000,10.38,10.39,10.38,10.39,261600,0
VACH.US,D,20250625,000000,10.38,10.39,10.38,10.39,4740,0
VACH.US,D,20250626,000000,10.39,10.39,10.39,10.39,8407,0
VACH.US,D,20250627,000000,10.4,10.4,10.4,10.4,7309,0
VACH.US,D,20250630,000000,10.39,10.39,10.3868,10.3868,20861,0
VACH.US,D,20250703,000000,10.42,10.42,10.41,10.41,6700,0
VACH.US,D,20250707,000000,10.41,10.41,10.41,10.41,3693,0
VACH.US,D,20250708,000000,10.4,10.4,10.4,10.4,1002,0
VACH.US,D,20250709,000000,10.4052,10.41,10.4,10.4,2504,0
VACH.US,D,20250710,000000,10.41,10.41,10.41,10.41,6963,0
VACH.US,D,20250714,000000,10.3704,10.41,10.3704,10.41,5138,0
VACH.US,D,20250715,000000,10.41,10.41,10.41,10.41,160,0
VACH.US,D,20250716,000000,10.3748,10.41,10.3748,10.41,4685,0
VACH.US,D,20250717,000000,10.39,10.41,10.39,10.41,7900,0
VACH.US,D,20250718,000000,10.39,10.4,10.37,10.4,9048,0
VACH.US,D,20250721,000000,10.375,10.41,10.37,10.39,7309,0
VACH.US,D,20250722,000000,10.38,10.39,10.38,10.39,6286,0
VACH.US,D,20250723,000000,10.38,10.4,10.38,10.39,18699,0
VACH.US,D,20250724,000000,10.38,10.39,10.38,10.39,7641,0
VACH.US,D,20250725,000000,10.38,10.39,10.38,10.39,7935,0
VACH.US,D,20250728,000000,10.41,10.41,10.38,10.4,10607,0
VACH.US,D,20250729,000000,10.4,10.4,10.4,10.4,4998,0
VACH.US,D,20250730,000000,10.4,10.4,10.39,10.39,4286,0
VACH.US,D,20250731,000000,10.38,10.39,10.38,10.38,3974,0
VACH.US,D,20250801,000000,10.38,10.39,10.38,10.3854,3859,0
VACH.US,D,20250804,000000,10.4,10.4001,10.39,10.4,12163,0
VACH.US,D,20250805,000000,10.39,10.4,10.39,10.4,5739,0
VACH.US,D,20250806,000000,10.4,10.4,10.4,10.4,3361,0
VACH.US,D,20250807,000000,10.4,10.4,10.4,10.4,2923,0
VACH.US,D,20250808,000000,10.4,10.4,10.4,10.4,2700,0
VACH.US,D,20250811,000000,10.4,10.4017,10.4,10.4017,2801,0
VACH.US,D,20250812,000000,10.4,10.4,10.4,10.4,20102,0
VACH.US,D,20250813,000000,10.4,10.4,10.4,10.4,17686,0
VACH.US,D,20250814,000000,10.45,10.45,10.4,10.41,4989,0
VACH.US,D,20250815,000000,10.4,10.4179,10.4,10.4179,4685,0
VACH.US,D,20250818,000000,10.4,10.4179,10.4,10.4179,3752,0
VACH.US,D,20250819,000000,10.41,10.41,10.4,10.4,2528,0
VACH.US,D,20250820,000000,10.41,10.42,10.4,10.4127,5407,0
VACH.US,D,20250821,000000,10.42,10.42,10.41,10.415,5917,0
VACH.US,D,20250822,000000,10.42,10.42,10.415,10.42,8910,0
VACH.US,D,20250825,000000,10.41,10.4206,10.41,10.4206,2781,0
VACH.US,D,20250826,000000,10.42,10.42,10.42,10.42,1893,0
VACH.US,D,20250827,000000,10.43,10.43,10.42,10.42,36750,0
VACH.US,D,20250828,000000,10.45,10.45,10.42,10.42,2665,0
VACH.US,D,20250829,000000,10.45,10.45,10.42,10.42,2666,0
VACH.US,D,20250902,000000,10.45,10.45,10.42,10.43,3433,0
VACH.US,D,20250903,000000,10.42,10.45,10.42,10.45,2293,0
VACH.US,D,20250904,000000,10.42,10.42,10.42,10.42,40010,0
VACH.US,D,20250905,000000,10.42,10.42,10.42,10.42,2697,0
VACH.US,D,20250908,000000,10.42,10.42,10.42,10.42,2492,0
VACH.US,D,20250909,000000,10.42,10.42,10.42,10.42,2303,0
VACH.US,D,20250910,000000,10.43,10.43,10.43,10.43,2127,0
VACH.US,D,20250911,000000,10.43,10.43,10.42,10.42,1965,0
VACH.US,D,20250912,000000,10.43,10.43,10.42,10.42,1816,0
VACH.US,D,20250915,000000,10.43,10.46,10.43,10.46,1878,0
VACH.US,D,20250916,000000,10.43,10.44,10.43,10.44,5558,0
VACH.US,D,20250917,000000,10.44,10.44,10.44,10.44,1540,0
VACH.US,D,20250918,000000,10.43,10.45,10.42,10.45,3722,0
VACH.US,D,20250919,000000,10.43,10.43,10.43,10.43,1396,0
VACH.US,D,20250922,000000,10.45,10.45,10.45,10.45,1272,0
VACH.US,D,20250923,000000,10.45,10.99,10.45,10.5,2306,0
VACH.US,D,20250924,000000,10.48,10.5,10.45,10.4556,2962,0
VACH.US,D,20250925,000000,10.45,10.45,10.45,10.45,1480,0
VACH.US,D,20250926,000000,10.46,10.46,10.46,10.46,1088,0
VACH.US,D,20250929,000000,10.45,10.45,10.45,10.45,1040,0
VACH.US,D,20250930,000000,10.45,10.4955,10.45,10.4955,1973,0
VACH.US,D,20251001,000000,10.46,10.46,10.45,10.45,826,0
VACH.US,D,20251002,000000,10.46,10.46,10.46,10.46,764,0
VACH.US,D,20251003,000000,10.46,10.5,10.46,10.47,104184,0
VACH.US,D,20251006,000000,10.48,10.48,10.47,10.47,3316,0
VACH.US,D,20251007,000000,10.46,10.46,10.46,10.46,3026,0
VACH.US,D,20251008,000000,10.49,10.49,10.46,10.46,2911,0
VACH.US,D,20251009,000000,10.47,10.47,10.47,10.47,3561,0
VACH.US,D,20251010,000000,10.47,10.47,10.47,10.47,2420,0
VACH.US,D,20251013,000000,10.47,10.47,10.47,10.47,2239,0
VACH.US,D,20251014,000000,10.47,10.47,10.47,10.47,2111,0
VACH.US,D,20251015,000000,10.48,10.48,10.48,10.48,1906,0
VACH.US,D,20251016,000000,10.48,10.4884,10.48,10.4884,1860,0
VACH.US,D,20251017,000000,10.48,10.5,10.48,10.5,2956,0
VACH.US,D,20251020,000000,10.47,10.51,10.47,10.5,17988,0
VACH.US,D,20251021,000000,10.48,10.55,10.48,10.55,3864,0
VACH.US,D,20251022,000000,10.48,10.48,10.48,10.48,1809,0
VACH.US,D,20251023,000000,10.48,10.48,10.48,10.48,1667,0
VACH.US,D,20251024,000000,10.48,10.48,10.48,10.48,1544,0
VACH.US,D,20251027,000000,10.49,10.49,10.49,10.49,1405,0
VACH.US,D,20251028,000000,10.5,10.5,10.5,10.5,1282,0
VACH.US,D,20251029,000000,10.49,10.51,10.48,10.51,26196,0
VACH.US,D,20251030,000000,10.5,10.5022,10.5,10.5022,2164,0
VACH.US,D,20251031,000000,10.49,10.52,10.49,10.52,45737,0
VACH.US,D,20251103,000000,10.5,10.5,10.49,10.49,2660,0
VACH.US,D,20251104,000000,10.5,10.5191,10.5,10.5191,2734,0
VACH.US,D,20251105,000000,10.52,10.52,10.515,10.52,30738,0
VACH.US,D,20251106,000000,10.5,10.5101,10.5,10.5101,3267,0
VACH.US,D,20251107,000000,10.51,10.51,10.5,10.5,2597,0
VACH.US,D,20251110,000000,10.51,10.51,10.51,10.51,10725,0
VACH.US,D,20251111,000000,10.51,10.51,10.5,10.51,11558,0
VACH.US,D,20251112,000000,10.51,10.51,10.5,10.5,3235,0
VACH.US,D,20251113,000000,10.5,10.5,10.5,10.5,2312,0
VACH.US,D,20251114,000000,10.47,10.51,10.46,10.51,3013,0
VACH.US,D,20251117,000000,10.51,10.52,10.51,10.52,9995,0
VACH.US,D,20251118,000000,10.51,10.51,10.51,10.51,202039,0
VACH.US,D,20251119,000000,10.51,10.51,10.51,10.51,6967,0
VACH.US,D,20251120,000000,10.51,10.51,10.51,10.51,6415,0
VACH.US,D,20251121,000000,10.52,10.52,10.51,10.51,9084,0
VACH.US,D,20251124,000000,10.51,10.54,10.51,10.5298,9659,0
VACH.US,D,20251125,000000,10.5,10.5343,10.5,10.5343,7791,0
VACH.US,D,20251126,000000,10.51,10.51,10.51,10.51,4918,0
VACH.US,D,20251128,000000,10.52,10.52,10.51,10.51,4636,0
VACH.US,D,20251201,000000,10.52,10.54,10.52,10.53,36362,0
VACH.US,D,20251202,000000,10.53,10.55,10.53,10.55,5347,0
VACH.US,D,20251203,000000,10.57,10.57,10.53,10.55,5694,0
VACH.US,D,20251204,000000,10.56,10.56,10.54,10.55,4770,0
VACH.US,D,20251205,000000,10.54,10.58,10.54,10.567,6548,0
VACH.US,D,20251208,000000,10.55,10.57,10.55,10.57,3785,0
VACH.US,D,20251209,000000,10.55,10.57,10.55,10.57,3432,0
VACH.US,D,20251210,000000,10.55,10.57,10.55,10.56,1658652,0
VACH.US,D,20251211,000000,10.56,10.57,10.55,10.56,349244,0
VACH.US,D,20251212,000000,10.56,10.575,10.56,10.575,57072,0
VACH.US,D,20251215,000000,10.56,10.57,10.56,10.57,248674,0
VACH.US,D,20251216,000000,10.565,10.57,10.56,10.57,61378,0
VACH.US,D,20251217,000000,10.57,10.57,10.57,10.57,43977,0
VACH.US,D,20251218,000000,10.56,10.57,10.56,10.565,57825,0
VACH.US,D,20251219,000000,10.583,10.62,10.57,10.57,61824,0
VACH.US,D,20251222,000000,10.57,10.5749,10.57,10.57,9343,0
VACH.US,D,20251223,000000,10.6,10.6,10.57,10.57,4885,0
VACH.US,D,20251224,000000,10.58,10.58,10.57,10.57,119045,0
VACH.US,D,20251226,000000,10.67,10.67,10.58,10.59,3305,0
VACH.US,D,20251229,000000,10.59,10.61,10.57,10.61,979,0
VACH.US,D,20251230,000000,10.66,10.66,10.57,10.63,27771,0
VACH.US,D,20251231,000000,10.62,10.67,10.62,10.67,2644,0
VACH.US,D,20260102,000000,10.61,10.66,10.58,10.66,3161,0
VACH.US,D,20260105,000000,10.61,10.66,10.6,10.6,7882,0
VACH.US,D,20260106,000000,10.64,10.64,10.64,10.64,567,0
VACH.US,D,20260107,000000,10.64,10.64,10.64,10.64,248,0
VACH.US,D,20260108,000000,10.64,10.64,10.64,10.64,389,0
VACH.US,D,20260109,000000,10.64,10.64,10.64,10.64,210,0
VACH.US,D,20260112,000000,10.64,10.64,10.64,10.64,4985,0
VACH.US,D,20260113,000000,10.64,10.64,10.64,10.64,7043,0
VACH.US,D,20260114,000000,10.5945,10.64,10.5945,10.64,1401,0
VACH.US,D,20260115,000000,10.64,10.64,10.64,10.64,2424,0
VACH.US,D,20260116,000000,10.64,10.64,10.64,10.64,281,0
VACH.US,D,20260120,000000,10.64,10.64,10.64,10.64,302,0
VACH.US,D,20260121,000000,10.63,10.63,10.63,10.63,202,0
VACH.US,D,20260122,000000,10.64,10.64,10.62,10.62,2317,0
VACH.US,D,20260123,000000,10.64,10.66,10.63,10.65,1556915,0
VACH.US,D,20260126,000000,10.66,10.66,10.66,10.66,125330,0
VACH.US,D,20260127,000000,10.66,10.66,10.66,10.66,546047,0
VACH.US,D,20260128,000000,10.66,10.67,10.66,10.67,1706,0
VACH.US,D,20260129,000000,10.67,10.67,10.67,10.67,85309,0
VACH.US,D,20260130,000000,10.67,10.67,10.67,10.67,192,0
VACH.US,D,20260202,000000,10.67,10.67,10.67,10.67,1484,0
VACH.US,D,20260203,000000,10.67,10.67,10.67,10.67,2715,0
VACH.US,D,20260204,000000,10.67,10.67,10.67,10.67,647063,0
VACH.US,D,20260205,000000,10.67,10.68,10.67,10.68,1754468,0
VACH.US,D,20260209,000000,10.68,10.69,10.68,10.69,559270,0
VACH.US,D,20260210,000000,10.69,10.7,10.67,10.69,1309390,0
VACH.US,D,20260211,000000,10.69,10.69,10.69,10.69,274,0
VACH.US,D,20260213,000000,10.66,10.67,10.65,10.67,1460,0
VACH.US,D,20260217,000000,10.69,10.69,10.65,10.65,344,0
VACH.US,D,20260219,000000,10.66,10.66,10.66,10.66,4337,0
VACH.US,D,20260220,000000,10.69,10.7,10.69,10.7,301155,0
VACH.US,D,20260225,000000,10.69,10.69,10.69,10.69,50141,0
VACH.US,D,20260226,000000,10.66,10.66,10.66,10.66,1551,0
VACH.US,D,20260302,000000,10.69,10.7,10.69,10.69,30230,0
VACH.US,D,20260303,000000,10.69,10.69,10.66,10.67,21522,0
VACH.US,D,20260304,000000,10.68,10.68,10.6747,10.68,15411,0
VACH.US,D,20260305,000000,10.68,10.69,10.68,10.69,13201,0
VACH.US,D,20260306,000000,10.69,10.72,10.69,10.69,2403,0
VACH.US,D,20260309,000000,10.65,10.65,10.65,10.65,658,0
VACH.US,D,20260310,000000,10.78,10.78,10.63,10.63,371,0
VACH.US,D,20260311,000000,11.98,14.08,10.9201,12.19,191418,0
VACH.US,D,20260312,000000,11.64,12.315,9.24,11,64111,0
VACH.US,D,20260313,000000,11.05,11.06,10.49,10.74,23436,0
VACH.US,D,20260316,000000,11.03,11.03,10.39,10.55,15954,0
VACH.US,D,20260317,000000,10.975,11.91,10.92,11.67,16192,0
VACH.US,D,20260318,000000,11.68,13.2,11.55,12.48,59273,0
VACH.US,D,20260319,000000,12.06,12.75,11,11.61,29304,0
VACH.US,D,20260320,000000,12.02,12.02,10.5,10.5,13538,0
VACH.US,D,20260323,000000,10.26,11.5,10,10.1,34739,0
VACH.US,D,20260324,000000,10.12,11.3,10.12,10.99,11168,0
VACH.US,D,20260325,000000,11.05,12.222,11.05,11.6,8659,0
VACH.US,D,20260326,000000,11.98,15.68,10.8,12.21,33913,0
VACH.US,D,20260327,000000,12.79,14.4,11.97,12.9,24182,0
VACH.US,D,20260330,000000,13.19,13.7,10.78,12.25,14680,0
VACH.US,D,20260331,000000,12.1,12.62,11.5308,12.01,4617,0
VACH.US,D,20260401,000000,11.55,11.97,11.55,11.63,4169,0
VACH.US,D,20260402,000000,12.33,13.31,11.75,12.33,15449,0
VACH.US,D,20260406,000000,12.28,14.2,12.19,12.71,7980,0
VACH.US,D,20260407,000000,12.34,14.43,12.34,12.7,14703,0
VACH.US,D,20260408,000000,13.3,14.55,12.11,12.5,29051,0
VACH.US,D,20260409,000000,13.2,13.51,12.76,12.76,7669,0
VACH.US,D,20260410,000000,13.91,14.89,11.7,12.12,20156,0
VACH.US,D,20260413,000000,12.8,12.94,12.22,12.25,10037,0
VACH.US,D,20260414,000000,13.48,13.69,12.35,12.51,20131,0
VACH.US,D,20260415,000000,12.7,13.0989,12.7,13.0989,1020,0
VACH.US,D,20260416,000000,12.75,13.48,12.53,13.05,6032,0
VACH.US,D,20260417,000000,13.5,14.5,12.88,12.88,8840,0
VACH.US,D,20260420,000000,12.79,13,8.8126,10,30207,0
VACH.US,D,20260421,000000,10.76,13.2,10.1,11.0001,57735,0
VACH.US,D,20260422,000000,12,13.25,11.2674,12.79,57940,0
VACH.US,D,20260423,000000,13.75,13.75,12.38,12.44,5279,0
VACH.US,D,20260424,000000,12.6,13.92,12.6,13,31554,0
VACH.US,D,20260427,000000,12.94,13.55,12.89,13.15,4810,0
VACH.US,D,20260428,000000,12.95,13.14,12.8,12.84,5139,0
VACH.US,D,20260429,000000,12.5,12.7994,12.01,12.25,10328,0
VACH.US,D,20260430,000000,11.15,13.1,10.5,12.8,16631,0
VACH.US,D,20260501,000000,13.25,14.2,12.72,12.72,5460,0
VACH.US,D,20260504,000000,13,14.45,13,13,7719,0
VACH.US,D,20260505,000000,13.96,13.96,13.08,13.08,2222,0
VACH.US,D,20260506,000000,13.56,13.56,13.08,13.08,1840,0
VACH.US,D,20260507,000000,12.84,13.16,12.725,13,7096,0
VACH.US,D,20260508,000000,13.435,13.4775,12.61,12.61,6210,0
VACH.US,D,20260511,000000,12.05,13.11,10.68,10.91,29510,0
VACH.US,D,20260512,000000,10.3,12.3,8.4,12.25,11976,0
VACH.US,D,20260513,000000,9.56,11.18,9.5,10.63,4379,0
VACH.US,D,20260514,000000,9.1,11.71,9.1,10.14,3191,0
VACH.US,D,20260515,000000,10.39,10.39,9.95,10.36,1862,0
VACH.US,D,20260518,000000,10.3,10.4,9.525,9.53,4414,0
VACH.US,D,20260519,000000,9.8,12.3,9.8,10.53,9707,0
VACH.US,D,20260520,000000,11.45,12.3,10.36,11.01,9079,0
VACH.US,D,20260521,000000,11.02,12.65,10.44,10.52,18167,0
VACH.US,D,20260522,000000,10.95,11.75,9.6,9.6,4329,0
VACH.US,D,20260526,000000,10.3,11.79,10.3,10.71,12463,0
VACH.US,D,20260527,000000,10.99,12.5,10.01,10.01,13807,0
VACH.US,D,20260528,000000,10.5,10.5,9.9548,9.9548,841,0
VACH.US,D,20260529,000000,9.09,10.2,9,9.61,4885,0
VACH.US,D,20260602,000000,9.36,11.1,9.36,10.6,18306,0
VACH.US,D,20260603,000000,10.7,11.2,9.45,9.76,9076,0
VACH.US,D,20260604,000000,10.25,10.6,10.25,10.6,5826,0
VACH.US,D,20260605,000000,10.6,10.6,10.6,10.6,6278,0
VACH.US,D,20260608,000000,10.6,12.99,10.5,12.9,25196,0
VACH.US,D,20260609,000000,14,18.16,11.68,17.3,53445,0
VACH.US,D,20260610,000000,14.63,17.4199,13.17,17.1147,12442,0
