<TICKER>,<PER>,<DATE>,<TIME>,<OPEN>,<HIGH>,<LOW>,<CLOSE>,<VOL>,<OPENINT>
VIVK.US,D,20220214,000000,754.352,899.42,665.378,899.42,5532.93,0
VIVK.US,D,20220215,000000,777.562,874.274,744.68,764.024,3900.505,0
VIVK.US,D,20220216,000000,744.68,744.68,506.77,551.258,2651.825,0
VIVK.US,D,20220217,000000,551.258,572.534,444.874,468.086,1680.635,0
VIVK.US,D,20220218,000000,431.334,521.026,431.334,489.362,233.4255,0
VIVK.US,D,20220222,000000,483.558,493.966,450.676,471.954,160.425,0
VIVK.US,D,20220223,000000,483.558,541.566,448.742,502.902,371.707,0
VIVK.US,D,20220224,000000,524.178,605.416,483.558,541.586,3061.92,0
VIVK.US,D,20220225,000000,551.258,551.258,466.15,493.23,654.315,0
VIVK.US,D,20220228,000000,462.282,512.766,444.874,510.638,336.872,0
VIVK.US,D,20220301,000000,491.296,508.704,450.676,464.216,216.8605,0
VIVK.US,D,20220302,000000,483.558,500.968,411.992,473.888,251.944,0
VIVK.US,D,20220303,000000,510.638,572.534,466.15,510.638,1460.21,0
VIVK.US,D,20220304,000000,543.52,651.838,483.578,609.284,4526.095,0
VIVK.US,D,20220307,000000,665.378,800.774,581.006,638.298,7197.165,0
VIVK.US,D,20220308,000000,727.272,812.38,533.85,593.81,6999.67,0
VIVK.US,D,20220309,000000,522.244,572.534,475.822,506.77,1016.05,0
VIVK.US,D,20220310,000000,553.192,587.988,493.23,541.586,3241.17,0
VIVK.US,D,20220311,000000,512.572,525.048,462.282,500.968,496.113,0
VIVK.US,D,20220314,000000,468.086,483.558,446.808,456.48,361.4395,0
VIVK.US,D,20220315,000000,499.032,499.032,433.268,444.874,259.7405,0
VIVK.US,D,20220316,000000,442.94,469.052,425.532,444.198,281.1545,0
VIVK.US,D,20220317,000000,433.268,483.558,433.268,483.558,448.7455,0
VIVK.US,D,20220318,000000,479.69,497.098,464.236,489.362,136.803,0
VIVK.US,D,20220321,000000,481.624,500.968,462.282,495.164,439.455,0
VIVK.US,D,20220322,000000,555.126,568.666,491.296,519.148,2454.875,0
VIVK.US,D,20220323,000000,504.836,528.046,487.446,497.098,417.069,0
VIVK.US,D,20220324,000000,499.032,522.244,468.26,473.888,348.644,0
VIVK.US,D,20220325,000000,485.494,541.566,441.006,481.624,1044.645,0
VIVK.US,D,20220328,000000,499.032,499.032,408.124,431.334,531.295,0
VIVK.US,D,20220329,000000,433.85,439.072,421.664,431.334,140.8615,0
VIVK.US,D,20220330,000000,440.986,452.612,421.664,428.144,314.429,0
VIVK.US,D,20220331,000000,456.48,456.48,410.058,427.466,279.407,0
VIVK.US,D,20220401,000000,421.664,421.664,395.32,410.058,174.2235,0
VIVK.US,D,20220404,000000,413.926,413.926,396.518,406.19,242.1575,0
VIVK.US,D,20220405,000000,413.908,413.908,357.834,392.496,308.142,0
VIVK.US,D,20220406,000000,390.716,390.716,352.03,365.57,187.976,0
VIVK.US,D,20220407,000000,375.242,375.242,350.116,359.748,99.574,0
VIVK.US,D,20220408,000000,369.44,371.374,355.9,370.194,253.423,0
VIVK.US,D,20220411,000000,355.686,377.06,355.686,364.604,45.87855,0
VIVK.US,D,20220412,000000,367.504,404.256,353.966,369.44,598.26,0
VIVK.US,D,20220413,000000,363.636,393.326,361.702,383.946,69.7225,0
VIVK.US,D,20220414,000000,381.044,421.664,371.374,398.452,1355.35,0
VIVK.US,D,20220418,000000,390.716,413.926,353.966,367.504,1188.12,0
VIVK.US,D,20220419,000000,390.716,396.518,326.886,369.44,433.5455,0
VIVK.US,D,20220420,000000,411.992,411.992,353.966,377.176,560.525,0
VIVK.US,D,20220421,000000,380.078,411.644,338.492,379.11,306.643,0
VIVK.US,D,20220422,000000,377.176,386.848,377.176,383.946,91.793,0
VIVK.US,D,20220425,000000,386.828,386.828,348.162,353.966,394.7915,0
VIVK.US,D,20220426,000000,350.096,369.4,330.754,330.754,283.6,0
VIVK.US,D,20220427,000000,588.008,870.406,570.618,705.996,416215.125,0
VIVK.US,D,20220428,000000,595.744,723.404,564.796,651.838,16985.985,0
VIVK.US,D,20220429,000000,584.14,686.654,464.216,499.032,9356.105,0
VIVK.US,D,20220502,000000,470.02,508.704,394.564,417.794,3596.49,0
VIVK.US,D,20220503,000000,400.386,462.282,392.65,415.86,2734.715,0
VIVK.US,D,20220504,000000,419.73,443.152,377.176,388.782,2429.095,0
VIVK.US,D,20220505,000000,392.65,393.056,348.162,363.636,2576.265,0
VIVK.US,D,20220506,000000,373.308,379.11,345.262,353.966,1653.21,0
VIVK.US,D,20220509,000000,344.294,363.636,330.754,342.36,1793,0
VIVK.US,D,20220510,000000,338.492,338.51,268.858,276.596,1535.895,0
VIVK.US,D,20220511,000000,297.872,303.676,276.596,278.53,759.86,0
VIVK.US,D,20220512,000000,278.53,286.248,276.596,276.596,332.586,0
VIVK.US,D,20220513,000000,282.398,319.148,280.464,292.07,1165.755,0
VIVK.US,D,20220516,000000,286.266,315.628,284.332,295.938,902.52,0
VIVK.US,D,20220517,000000,296.228,301.74,284.68,297.872,481.3525,0
VIVK.US,D,20220518,000000,297.872,302.708,290.136,290.136,261.886,0
VIVK.US,D,20220519,000000,292.07,319.148,284.332,303.676,852.79,0
VIVK.US,D,20220520,000000,321.064,338.472,297.872,311.412,379.943,0
VIVK.US,D,20220523,000000,314.894,323.018,303.676,321.084,151.15,0
VIVK.US,D,20220524,000000,321.084,321.084,305.61,311.412,136.0225,0
VIVK.US,D,20220525,000000,301.74,313.346,290.136,301.74,135.65,0
VIVK.US,D,20220526,000000,307.544,336.558,289.632,334.622,350.598,0
VIVK.US,D,20220527,000000,344.294,349.362,313.346,336.558,491.6565,0
VIVK.US,D,20220531,000000,344.622,357.138,319.148,330.754,740.82,0
VIVK.US,D,20220601,000000,328.82,336.558,324.952,324.952,193.1715,0
VIVK.US,D,20220602,000000,323.018,334.622,319.188,328.82,123.568,0
VIVK.US,D,20220603,000000,326.886,336.538,321.084,328.82,445.147,0
VIVK.US,D,20220606,000000,334.622,351.74,311.412,317.214,156.5885,0
VIVK.US,D,20220607,000000,330.754,363.636,323.018,357.834,1370.48,0
VIVK.US,D,20220608,000000,346.228,377.176,332.688,344.294,756.335,0
VIVK.US,D,20220609,000000,334.622,355.9,330.774,348.162,340.7545,0
VIVK.US,D,20220610,000000,332.688,360.89,328.82,342.36,280.8185,0
VIVK.US,D,20220613,000000,332.688,336.558,321.084,330.754,120.9465,0
VIVK.US,D,20220614,000000,317.214,350.154,317.214,319.148,86.8455,0
VIVK.US,D,20220615,000000,332.688,353.966,330.754,342.36,86.5815,0
VIVK.US,D,20220616,000000,429.4,704.062,415.86,481.624,167284.315,0
VIVK.US,D,20220617,000000,471.954,516.442,417.814,431.334,10811.325,0
VIVK.US,D,20220621,000000,429.4,444.778,389.98,406.19,2731.145,0
VIVK.US,D,20220622,000000,382.978,529.98,382.978,450.676,9018.33,0
VIVK.US,D,20220623,000000,458.414,479.69,421.664,450.676,2398.61,0
VIVK.US,D,20220624,000000,456.48,468.086,434.024,456.48,1613.24,0
VIVK.US,D,20220627,000000,442.94,493.23,435.204,454.546,2175.69,0
VIVK.US,D,20220628,000000,441.006,487.428,437.156,448.742,847.595,0
VIVK.US,D,20220629,000000,441.006,464.216,402.322,406.19,934.25,0
VIVK.US,D,20220630,000000,402.322,464.216,402.322,425.532,415.947,0
VIVK.US,D,20220701,000000,425.532,454.546,386.848,388.782,429.2545,0
VIVK.US,D,20220705,000000,386.848,387.098,303.676,309.478,1723,0
VIVK.US,D,20220706,000000,309.478,322.998,309.478,311.412,181.389,0
VIVK.US,D,20220707,000000,313.346,321.084,309.478,309.478,278.0215,0
VIVK.US,D,20220708,000000,309.478,326.886,309.478,313.346,146.073,0
VIVK.US,D,20220711,000000,315.28,320.948,274.662,295.938,597.025,0
VIVK.US,D,20220712,000000,290.136,311.392,290.136,292.07,250.5225,0
VIVK.US,D,20220713,000000,292.07,292.088,268.858,274.662,200.4665,0
VIVK.US,D,20220714,000000,268.858,272.688,253.384,261.122,538.445,0
VIVK.US,D,20220715,000000,253.404,284.314,236.364,272.728,731.04,0
VIVK.US,D,20220718,000000,272.728,280.464,263.366,266.924,339.2085,0
VIVK.US,D,20220719,000000,259.188,297.852,259.188,276.596,669.455,0
VIVK.US,D,20220720,000000,276.596,290.136,261.122,264.99,362.458,0
VIVK.US,D,20220721,000000,272.728,278.53,255.338,272.728,258.9855,0
VIVK.US,D,20220722,000000,275.9,275.9,261.122,269.826,90.2885,0
VIVK.US,D,20220725,000000,268.858,271.664,239.846,247.582,314.4755,0
VIVK.US,D,20220726,000000,264.024,264.024,241.78,249.516,199.4995,0
VIVK.US,D,20220727,000000,249.516,288.202,242.67,284.332,465.8425,0
VIVK.US,D,20220728,000000,290.136,307.524,252.92,299.806,654.39,0
VIVK.US,D,20220729,000000,299.806,309.478,284.332,309.478,201.521,0
VIVK.US,D,20220801,000000,300.386,342.36,299.806,330.754,485.3595,0
VIVK.US,D,20220802,000000,344.294,344.294,309.478,313.346,261.2915,0
VIVK.US,D,20220803,000000,330.754,330.754,294.004,299.806,325.57,0
VIVK.US,D,20220804,000000,290.136,309.478,284.332,309.478,101.218,0
VIVK.US,D,20220805,000000,313.346,313.346,292.088,299.806,88.9805,0
VIVK.US,D,20220808,000000,297.872,336.558,297.872,311.412,139.543,0
VIVK.US,D,20220809,000000,334.622,334.622,299.806,307.544,141.415,0
VIVK.US,D,20220810,000000,324.952,324.952,306.576,313.346,107.8255,0
VIVK.US,D,20220811,000000,321.722,328.8,311.412,311.412,61.507,0
VIVK.US,D,20220812,000000,309.478,321.064,309.478,313.346,38.31485,0
VIVK.US,D,20220815,000000,321.084,321.084,276.596,280.464,349.166,0
VIVK.US,D,20220816,000000,280.464,290.116,270.794,275.628,95.35,0
VIVK.US,D,20220817,000000,274.68,278.53,257.254,278.53,225.21,0
VIVK.US,D,20220818,000000,277.562,294.004,268.858,277.562,281.9715,0
VIVK.US,D,20220819,000000,270.794,294.97,263.056,290.136,106.3,0
VIVK.US,D,20220822,000000,288.202,317.214,276.596,295.938,305.924,0
VIVK.US,D,20220823,000000,295.938,454.546,295.938,379.11,19034.555,0
VIVK.US,D,20220824,000000,361.702,367.504,324.952,338.492,1449.78,0
VIVK.US,D,20220825,000000,328.82,580.27,272.728,481.624,14620.525,0
VIVK.US,D,20220826,000000,417.794,442.94,375.242,404.256,1489.85,0
VIVK.US,D,20220829,000000,437.138,464.216,410.058,421.664,647.555,0
VIVK.US,D,20220830,000000,410.058,427.486,381.044,394.584,252.43,0
VIVK.US,D,20220831,000000,386.848,400.386,369.44,388.782,189.9455,0
VIVK.US,D,20220901,000000,365.57,388.782,324.952,340.426,275.24,0
VIVK.US,D,20220902,000000,344.314,351.064,328.84,336.558,86.0335,0
VIVK.US,D,20220906,000000,363.636,386.848,336.558,355.9,279.702,0
VIVK.US,D,20220907,000000,344.294,365.57,314.314,317.214,410.0945,0
VIVK.US,D,20220908,000000,334.622,334.622,305.61,326.886,411.3045,0
VIVK.US,D,20220909,000000,332.688,332.688,301.74,307.544,594.035,0
VIVK.US,D,20220912,000000,317.214,320.096,299.806,305.61,203.253,0
VIVK.US,D,20220913,000000,313.346,348.162,294.004,313.346,215.935,0
VIVK.US,D,20220914,000000,317.214,324.952,301.74,307.544,136.2085,0
VIVK.US,D,20220915,000000,307.544,315.28,276.596,294.004,692.435,0
VIVK.US,D,20220916,000000,284.894,286.266,264.99,264.99,236.7135,0
VIVK.US,D,20220919,000000,263.056,269.574,253.384,257.254,99.1035,0
VIVK.US,D,20220920,000000,251.45,251.45,239.846,245.648,201.1595,0
VIVK.US,D,20220921,000000,241.78,256.382,220.502,220.502,559.375,0
VIVK.US,D,20220922,000000,241.78,241.78,220.502,220.502,146.0885,0
VIVK.US,D,20220923,000000,220.502,221.026,193.424,204.062,250.574,0
VIVK.US,D,20220926,000000,208.898,210.832,187.544,193.54,130.4335,0
VIVK.US,D,20220927,000000,218.568,218.568,189.555,193.424,240.389,0
VIVK.US,D,20220928,000000,191.103,201.16,183.752,187.621,641.61,0
VIVK.US,D,20220929,000000,220.502,220.502,193.424,218.568,513.725,0
VIVK.US,D,20220930,000000,232.108,232.108,205.03,216.634,177.3255,0
VIVK.US,D,20221003,000000,226.306,226.306,203.094,218.568,341.199,0
VIVK.US,D,20221004,000000,226.306,226.306,201.16,222.438,218.546,0
VIVK.US,D,20221005,000000,232.088,246.228,201.16,213.308,523.87,0
VIVK.US,D,20221006,000000,205.03,222.438,205.03,205.048,127.1715,0
VIVK.US,D,20221007,000000,216.634,247.582,208.916,228.24,1103.61,0
VIVK.US,D,20221010,000000,220.502,220.502,203.094,206.964,209.669,0
VIVK.US,D,20221011,000000,205.03,214.7,199.226,199.226,152.1475,0
VIVK.US,D,20221012,000000,228.24,247.582,197.292,208.898,136.6635,0
VIVK.US,D,20221013,000000,195.358,212.766,193.424,203.094,101.0785,0
VIVK.US,D,20221014,000000,199.226,225.164,189.555,195.358,181.3425,0
VIVK.US,D,20221017,000000,193.424,206.48,192.65,193.424,103.2035,0
VIVK.US,D,20221018,000000,195.358,220.484,193.424,201.16,85.191,0
VIVK.US,D,20221019,000000,206.964,216.634,197.292,205.03,144.734,0
VIVK.US,D,20221020,000000,203.094,218.568,191.489,203.094,96.41,0
VIVK.US,D,20221021,000000,193.424,216.634,189.555,214.7,293.9245,0
VIVK.US,D,20221024,000000,189.478,214.7,189.478,202.572,82.673,0
VIVK.US,D,20221025,000000,201.16,203.094,193.424,199.226,45.60455,0
VIVK.US,D,20221026,000000,199.226,220.502,197.292,218.568,82.4095,0
VIVK.US,D,20221027,000000,218.568,241.78,218.55,228.24,106.0315,0
VIVK.US,D,20221028,000000,222.438,228.24,212.766,216.634,78.3305,0
VIVK.US,D,20221031,000000,222.438,241.76,218.568,232.108,206.438,0
VIVK.US,D,20221101,000000,230.174,234.024,210.832,210.832,133.365,0
VIVK.US,D,20221102,000000,206.964,220.502,205.03,210.852,27.3441,0
VIVK.US,D,20221103,000000,210.832,225.338,210.832,213.734,24.23175,0
VIVK.US,D,20221104,000000,218.568,220.502,206.964,214.7,125.5325,0
VIVK.US,D,20221107,000000,212.766,231.084,212.766,224.372,19.7442,0
VIVK.US,D,20221108,000000,224.372,234.796,219.632,232.108,120.6675,0
VIVK.US,D,20221109,000000,232.108,234.042,212.766,224.372,34.30295,0
VIVK.US,D,20221110,000000,226.306,235.976,219.226,230.174,16.1252,0
VIVK.US,D,20221111,000000,230.174,235.976,220.502,234.042,24.1439,0
VIVK.US,D,20221114,000000,239.846,241.78,222.438,228.24,76.6965,0
VIVK.US,D,20221115,000000,218.568,222.438,212.766,215.668,258.0345,0
VIVK.US,D,20221116,000000,218.568,218.568,208.898,210.832,40.46555,0
VIVK.US,D,20221117,000000,204.372,212.766,189.555,203.094,253.8935,0
VIVK.US,D,20221118,000000,210.832,210.832,184.023,190.213,39.354,0
VIVK.US,D,20221121,000000,191.489,191.489,163.254,176.654,162.0585,0
VIVK.US,D,20221122,000000,168.279,181.799,162.592,179.865,215.542,0
VIVK.US,D,20221123,000000,174.081,177.95,156.867,175.145,265.743,0
VIVK.US,D,20221125,000000,176.015,203.076,176.015,197.292,467.2955,0
VIVK.US,D,20221128,000000,203.094,203.094,189.555,194.391,409.9705,0
VIVK.US,D,20221129,000000,220.502,278.53,206.964,235.976,29117.595,0
VIVK.US,D,20221130,000000,251.45,264.99,224.372,257.254,2559.855,0
VIVK.US,D,20221201,000000,218.568,369.44,218.568,353.984,3911.185,0
VIVK.US,D,20221202,000000,357.834,500.968,357.834,402.322,7118.425,0
VIVK.US,D,20221205,000000,402.322,402.322,319.148,319.148,844.72,0
VIVK.US,D,20221206,000000,328.82,357.834,245.648,263.056,824.065,0
VIVK.US,D,20221207,000000,255.32,266.924,234.042,247.582,391.131,0
VIVK.US,D,20221208,000000,245.648,251.45,228.782,235.01,237.1475,0
VIVK.US,D,20221209,000000,257.254,257.254,205.03,218.568,561.86,0
VIVK.US,D,20221212,000000,212.766,245.648,206.964,237.912,759.41,0
VIVK.US,D,20221213,000000,232.108,237.912,214.72,222.438,325.503,0
VIVK.US,D,20221214,000000,221.47,237.912,210.832,222.438,140.3655,0
VIVK.US,D,20221215,000000,218.936,235.958,208.916,212.766,196.2735,0
VIVK.US,D,20221216,000000,216.634,241.78,212.766,234.042,152.7525,0
VIVK.US,D,20221219,000000,245.648,245.648,222.438,230.174,165.44,0
VIVK.US,D,20221220,000000,222.438,235.958,210.852,232.088,48.00345,0
VIVK.US,D,20221221,000000,259.188,259.188,214.7,220.502,208.242,0
VIVK.US,D,20221222,000000,229.788,239.962,208.898,212.766,210.6825,0
VIVK.US,D,20221223,000000,212.766,224.39,199.226,199.226,95.2775,0
VIVK.US,D,20221227,000000,203.094,237.892,195.377,212.244,290.6725,0
VIVK.US,D,20221228,000000,201.16,212.766,195.358,195.358,149.387,0
VIVK.US,D,20221229,000000,201.16,204.506,195.358,199.42,119.282,0
VIVK.US,D,20221230,000000,195.358,199.226,193.424,198.704,116.847,0
VIVK.US,D,20230103,000000,195.358,205.28,193.733,197.292,103.048,0
VIVK.US,D,20230104,000000,227.118,227.118,180.986,189.555,89.6425,0
VIVK.US,D,20230105,000000,197.292,203.094,189.555,197.292,49.04775,0
VIVK.US,D,20230106,000000,200.194,206.944,189.555,206.944,66.1445,0
VIVK.US,D,20230109,000000,212.766,226.306,191.489,204.062,294.359,0
VIVK.US,D,20230110,000000,198.221,210.832,193.424,208.898,80.3055,0
VIVK.US,D,20230111,000000,203.076,205.03,191.489,202.612,204.4835,0
VIVK.US,D,20230112,000000,197.292,197.389,189.4,193.424,181.0065,0
VIVK.US,D,20230113,000000,193.424,205.88,191.489,195.377,197.4835,0
VIVK.US,D,20230117,000000,203.094,203.094,192.476,201.142,90.702,0
VIVK.US,D,20230118,000000,201.16,203.094,191.509,191.509,211.365,0
VIVK.US,D,20230119,000000,191.489,199.226,191.489,195.358,116.035,0
VIVK.US,D,20230120,000000,193.946,201.16,191.489,191.489,126.0805,0
VIVK.US,D,20230123,000000,193.424,216.634,192.012,212.766,273.5395,0
VIVK.US,D,20230124,000000,206.964,230.174,203.094,218.046,199.624,0
VIVK.US,D,20230125,000000,208.898,214.7,197.292,203.094,132.4605,0
VIVK.US,D,20230126,000000,203.094,212.766,201.16,210.812,215.62,0
VIVK.US,D,20230127,000000,220.502,221.624,201.856,216.634,122.0065,0
VIVK.US,D,20230130,000000,222.438,261.122,206.964,261.122,825.735,0
VIVK.US,D,20230131,000000,264.99,315.28,237.912,257.254,284.2155,0
VIVK.US,D,20230201,000000,268.858,292.07,257.254,287.176,435.805,0
VIVK.US,D,20230202,000000,294.004,309.478,276.596,276.596,187.035,0
VIVK.US,D,20230203,000000,276.596,292.07,276.596,278.53,91.607,0
VIVK.US,D,20230206,000000,278.53,290.116,261.122,288.202,76.2575,0
VIVK.US,D,20230207,000000,290.136,295.938,264.99,295.938,151.279,0
VIVK.US,D,20230208,000000,277.562,294.004,208.898,230.174,465.517,0
VIVK.US,D,20230209,000000,237.912,247.582,195.358,199.226,314.46,0
VIVK.US,D,20230210,000000,203.094,224.372,193.424,222.438,164.5505,0
VIVK.US,D,20230213,000000,212.766,222.438,212.766,212.766,50.759,0
VIVK.US,D,20230214,000000,212.766,226.266,212.708,220.502,64.0765,0
VIVK.US,D,20230215,000000,230.174,234.042,226.828,232.244,8.1634,0
VIVK.US,D,20230216,000000,231.664,276.596,220.502,276.596,283.0105,0
VIVK.US,D,20230217,000000,270.794,273.926,247.582,261.102,116.697,0
VIVK.US,D,20230221,000000,255.32,257.254,235.454,237.912,54.3315,0
VIVK.US,D,20230222,000000,237.912,247.582,223.694,247.582,105.499,0
VIVK.US,D,20230223,000000,250.618,251.432,212.766,230.174,151.238,0
VIVK.US,D,20230224,000000,214.7,234.082,212.766,220.502,89.022,0
VIVK.US,D,20230227,000000,220.502,230.174,220.502,224.372,92.2325,0
VIVK.US,D,20230228,000000,226.306,239.846,220.502,220.502,218.639,0
VIVK.US,D,20230301,000000,219.4,219.4,208.898,210.832,84.7255,0
VIVK.US,D,20230302,000000,210.832,232.108,205.996,232.108,112.83,0
VIVK.US,D,20230303,000000,243.714,243.714,222.438,226.306,62.6395,0
VIVK.US,D,20230306,000000,235.976,235.976,226.944,234.042,83.309,0
VIVK.US,D,20230307,000000,243.714,243.714,224.372,243.714,89.901,0
VIVK.US,D,20230308,000000,243.714,251.45,237.912,251.45,112.3025,0
VIVK.US,D,20230309,000000,255.32,264.99,232.108,243.714,156.356,0
VIVK.US,D,20230310,000000,216.654,243.694,216.654,239.846,32.87085,0
VIVK.US,D,20230313,000000,205.03,235.01,203.094,232.108,159.122,0
VIVK.US,D,20230314,000000,232.108,232.108,205.03,210.832,121.1175,0
VIVK.US,D,20230315,000000,207.93,211.856,206.964,206.964,43.3711,0
VIVK.US,D,20230316,000000,212.766,212.766,205.03,208.898,14.781,0
VIVK.US,D,20230317,000000,216.634,216.634,210.832,214.7,10.7639,0
VIVK.US,D,20230320,000000,208.898,235.88,208.898,209.42,152.0235,0
VIVK.US,D,20230321,000000,228.24,230.096,219.536,219.536,12.08225,0
VIVK.US,D,20230322,000000,220.502,228.24,218.568,220.502,20.97465,0
VIVK.US,D,20230323,000000,224.004,224.372,214.7,214.72,19.59945,0
VIVK.US,D,20230324,000000,230.154,230.174,214.7,214.7,20.39045,0
VIVK.US,D,20230327,000000,214.7,218.568,212.728,218.568,37.36355,0
VIVK.US,D,20230328,000000,221.47,221.47,208.898,216.654,64.5265,0
VIVK.US,D,20230329,000000,212.766,224.372,208.898,224.372,90.4335,0
VIVK.US,D,20230330,000000,220.502,224.372,218.568,224.372,11.61695,0
VIVK.US,D,20230331,000000,217.602,224.372,208.898,222.438,179.29,0
VIVK.US,D,20230403,000000,220.502,255.32,220.502,237.93,369.112,0
VIVK.US,D,20230404,000000,230.174,237.912,212.766,212.766,212.683,0
VIVK.US,D,20230405,000000,214.7,243.694,197.292,220.502,233.048,0
VIVK.US,D,20230406,000000,199.226,226.306,199.226,216.634,59.972,0
VIVK.US,D,20230410,000000,216.634,224.506,212.766,224.372,64.6815,0
VIVK.US,D,20230411,000000,226.092,230.968,216.634,222.438,70.751,0
VIVK.US,D,20230412,000000,217.254,220.502,214.7,214.7,22.37575,0
VIVK.US,D,20230413,000000,216.634,222.438,210.832,216.634,39.93305,0
VIVK.US,D,20230414,000000,208.898,222.902,206.982,220.502,76.743,0
VIVK.US,D,20230417,000000,208.898,243.714,205.03,214.7,145.9385,0
VIVK.US,D,20230418,000000,216.634,226.306,206.964,209.73,149.609,0
VIVK.US,D,20230419,000000,210.832,226.306,205.03,208.898,118.2325,0
VIVK.US,D,20230420,000000,208.878,212.766,205.03,205.03,48.10685,0
VIVK.US,D,20230421,000000,212.766,220.502,205.03,218.568,48.8203,0
VIVK.US,D,20230424,000000,210.832,212.786,205.03,210.774,60.8145,0
VIVK.US,D,20230425,000000,205.03,218.568,205.03,214.7,109.5315,0
VIVK.US,D,20230426,000000,206.964,228.22,206.964,222.438,27.22005,0
VIVK.US,D,20230427,000000,214.7,216.054,199.226,209.478,97.847,0
VIVK.US,D,20230428,000000,210.832,230.174,210.832,225.454,112.504,0
VIVK.US,D,20230501,000000,218.568,243.714,214.7,230.194,210.1395,0
VIVK.US,D,20230502,000000,228.298,228.55,205.03,214.7,283.967,0
VIVK.US,D,20230503,000000,214.7,224.758,214.7,214.7,61.1765,0
VIVK.US,D,20230504,000000,214.7,218.568,208.898,218.568,37.51865,0
VIVK.US,D,20230505,000000,222.438,222.438,211.16,220.502,6.13675,0
VIVK.US,D,20230508,000000,226.306,226.306,214.7,216.634,14.1244,0
VIVK.US,D,20230509,000000,222.438,222.438,210.832,218.568,25.72075,0
VIVK.US,D,20230510,000000,222.438,222.438,210.832,214.7,22.92895,0
VIVK.US,D,20230511,000000,210.832,220.502,208.898,210.832,21.63645,0
VIVK.US,D,20230512,000000,220.464,220.464,206.964,214.7,11.55495,0
VIVK.US,D,20230515,000000,222.438,243.714,218.568,232.128,567.155,0
VIVK.US,D,20230516,000000,235.976,237.912,232.108,234.042,74.546,0
VIVK.US,D,20230517,000000,234.042,234.042,232.108,232.108,102.0505,0
VIVK.US,D,20230518,000000,234.604,241.78,234.604,237.912,19.951,0
VIVK.US,D,20230519,000000,235.976,239.846,232.108,239.846,40.05715,0
VIVK.US,D,20230522,000000,234.042,235.976,232.108,234.042,91.607,0
VIVK.US,D,20230523,000000,234.042,241.78,234.042,237.912,31.63005,0
VIVK.US,D,20230524,000000,234.042,234.042,232.108,232.108,131.173,0
VIVK.US,D,20230525,000000,234.042,247.582,232.108,237.912,365.4825,0
VIVK.US,D,20230526,000000,235.976,235.976,232.108,234.024,177.5945,0
VIVK.US,D,20230530,000000,234.042,239.846,232.108,235.976,77.6995,0
VIVK.US,D,20230531,000000,243.714,243.714,214.7,228.104,48.4015,0
VIVK.US,D,20230601,000000,216.848,220.696,205.03,210.832,63.358,0
VIVK.US,D,20230602,000000,212.766,222.108,210.832,220.502,59.217,0
VIVK.US,D,20230605,000000,216.654,222.438,206.964,206.964,61.4245,0
VIVK.US,D,20230606,000000,208.898,235.958,208.898,228.24,48.3343,0
VIVK.US,D,20230607,000000,222.438,224.372,212.766,212.766,26.7754,0
VIVK.US,D,20230608,000000,212.94,224.352,212.94,222.418,18.33795,0
VIVK.US,D,20230609,000000,216.634,228.22,216.634,222.438,14.58455,0
VIVK.US,D,20230612,000000,218.568,223.752,210.832,212.766,144.7855,0
VIVK.US,D,20230613,000000,212.766,222.418,206.964,208.898,82.9265,0
VIVK.US,D,20230614,000000,208.898,228.24,208.898,218.568,67.1735,0
VIVK.US,D,20230615,000000,223.094,223.094,208.916,216.634,54.2225,0
VIVK.US,D,20230616,000000,220.502,220.502,206.964,212.766,75.456,0
VIVK.US,D,20230620,000000,212.766,212.766,205.03,207.93,79.7985,0
VIVK.US,D,20230621,000000,224.372,224.372,208.898,212.766,21.2435,0
VIVK.US,D,20230622,000000,206.964,206.964,203.094,203.094,65.3845,0
VIVK.US,D,20230623,000000,203.114,212.766,203.094,212.766,76.0195,0
VIVK.US,D,20230626,000000,210.832,226.306,203.094,226.306,33.32065,0
VIVK.US,D,20230627,000000,220.502,223.21,212.708,222.438,49.4252,0
VIVK.US,D,20230629,000000,216.982,216.982,212.766,214.7,19.6098,0
VIVK.US,D,20230630,000000,224.372,224.372,206.964,218.55,79.84,0
VIVK.US,D,20230703,000000,218.568,220.502,214.7,220.502,10.1435,0
VIVK.US,D,20230705,000000,210.832,218.202,206.964,208.898,47.5226,0
VIVK.US,D,20230706,000000,206.964,210.832,197.292,197.311,69.96,0
VIVK.US,D,20230707,000000,199.226,203.094,199.226,203.094,16.22345,0
VIVK.US,D,20230710,000000,199.226,211.78,199.226,211.78,23.0582,0
VIVK.US,D,20230711,000000,214.68,276.596,208.51,276.596,2978.815,0
VIVK.US,D,20230712,000000,247.582,272.708,214.7,235.976,1787.85,0
VIVK.US,D,20230713,000000,245.648,245.648,220.502,224.372,421.0135,0
VIVK.US,D,20230714,000000,235.976,251.432,216.634,237.912,563.635,0
VIVK.US,D,20230717,000000,245.648,245.648,222.438,225.726,686.795,0
VIVK.US,D,20230718,000000,241.78,251.45,213.734,249.516,1250.395,0
VIVK.US,D,20230719,000000,241.78,251.45,234.042,237.912,219.399,0
VIVK.US,D,20230720,000000,235.396,235.976,228.24,228.24,104.563,0
VIVK.US,D,20230721,000000,234.042,234.042,222.438,222.438,78.7335,0
VIVK.US,D,20230724,000000,224.372,228.22,212.766,216.634,77.2035,0
VIVK.US,D,20230725,000000,216.634,216.634,208.898,211.798,44.53955,0
VIVK.US,D,20230726,000000,210.832,232.108,209.09,222.438,191.352,0
VIVK.US,D,20230727,000000,222.438,222.438,218.568,220.502,18.0381,0
VIVK.US,D,20230728,000000,214.7,228.24,212.186,224.372,97.2735,0
VIVK.US,D,20230731,000000,216.634,230.174,216.634,226.306,85.367,0
VIVK.US,D,20230801,000000,216.634,230.174,216.634,228.24,40.4811,0
VIVK.US,D,20230802,000000,224.39,226.944,222.438,222.63,59.243,0
VIVK.US,D,20230803,000000,223.094,223.094,216.654,220.502,55.598,0
VIVK.US,D,20230804,000000,220.754,228.24,218.568,222.438,24.66605,0
VIVK.US,D,20230807,000000,216.634,224.372,216.634,218.568,16.51815,0
VIVK.US,D,20230808,000000,220.27,220.27,212.786,217.312,74.7685,0
VIVK.US,D,20230809,000000,208.898,210.832,202.128,202.128,106.5225,0
VIVK.US,D,20230810,000000,203.114,210.484,203.114,205.03,36.81555,0
VIVK.US,D,20230811,000000,207.93,212.766,206.964,210.832,24.54195,0
VIVK.US,D,20230814,000000,218.568,218.568,205.106,210.832,14.51735,0
VIVK.US,D,20230815,000000,207.93,208.878,203.094,203.094,122.1255,0
VIVK.US,D,20230816,000000,208.898,208.898,203.094,206.964,21.42965,0
VIVK.US,D,20230817,000000,205.996,208.898,184.836,208.898,200.7095,0
VIVK.US,D,20230818,000000,193.424,203.094,187.64,196.074,32.83465,0
VIVK.US,D,20230821,000000,195.358,203.056,192.805,199.226,76.578,0
VIVK.US,D,20230822,000000,193.424,193.424,193.424,193.424,21.0574,0
VIVK.US,D,20230823,000000,195.358,195.358,190.522,190.522,45.4443,0
VIVK.US,D,20230824,000000,190.909,203.094,185.397,185.397,54.1555,0
VIVK.US,D,20230825,000000,194.971,224.372,194.971,224.372,588.81,0
VIVK.US,D,20230828,000000,218.568,228.24,218.568,222.438,102.743,0
VIVK.US,D,20230829,000000,213.734,230.174,206.964,222.438,50.645,0
VIVK.US,D,20230830,000000,239.846,239.846,220.502,228.24,98.6175,0
VIVK.US,D,20230831,000000,222.438,224.372,222.438,222.438,23.8285,0
VIVK.US,D,20230901,000000,222.438,222.438,205.03,205.03,256.044,0
VIVK.US,D,20230905,000000,212.766,218.568,201.16,203.094,142.764,0
VIVK.US,D,20230906,000000,220.502,220.502,203.094,203.094,106.0725,0
VIVK.US,D,20230907,000000,201.16,203.094,197.292,203.094,34.0289,0
VIVK.US,D,20230908,000000,199.226,222.438,199.226,222.438,190.013,0
VIVK.US,D,20230911,000000,218.568,226.306,212.862,221.47,34.2047,0
VIVK.US,D,20230912,000000,212.766,228.24,212.766,226.306,80.998,0
VIVK.US,D,20230913,000000,218.568,230.174,210.852,218.568,90.1905,0
VIVK.US,D,20230914,000000,226.306,226.306,212.766,218.568,57.278,0
VIVK.US,D,20230915,000000,216.634,241.78,210.852,235.976,556.97,0
VIVK.US,D,20230918,000000,221.47,228.24,210.832,210.832,40.07265,0
VIVK.US,D,20230919,000000,215.668,215.668,204.062,204.062,44.0639,0
VIVK.US,D,20230920,000000,206.964,214.7,206.964,210.832,7.4758,0
VIVK.US,D,20230921,000000,203.094,210.832,203.094,208.898,26.8478,0
VIVK.US,D,20230922,000000,208.898,208.898,203.288,203.288,11.436,0
VIVK.US,D,20230925,000000,203.482,210.832,203.482,206.964,20.5352,0
VIVK.US,D,20230926,000000,207.234,210.812,205.03,205.03,52.2635,0
VIVK.US,D,20230927,000000,210.832,210.832,203.094,203.094,76.9395,0
VIVK.US,D,20230928,000000,206.964,214.7,203.094,203.094,85.6925,0
VIVK.US,D,20230929,000000,207.93,207.93,197.292,197.292,65.612,0
VIVK.US,D,20231002,000000,205.03,205.03,201.16,203.094,11.58595,0
VIVK.US,D,20231003,000000,197.292,203.094,195.358,195.358,21.7657,0
VIVK.US,D,20231004,000000,195.358,203.094,193.424,195.358,53.5455,0
VIVK.US,D,20231005,000000,193.443,208.878,185.687,192.418,230.0025,0
VIVK.US,D,20231006,000000,191.489,191.509,150.87,160.542,375.502,0
VIVK.US,D,20231009,000000,174.081,185.687,174.081,175.629,128.2415,0
VIVK.US,D,20231010,000000,174.101,189.555,174.101,182.495,67.954,0
VIVK.US,D,20231011,000000,175.88,182.998,166.344,166.344,171.1165,0
VIVK.US,D,20231012,000000,174.081,192.437,167.311,167.311,38.57335,0
VIVK.US,D,20231013,000000,189.555,189.555,120.077,149.884,171.0025,0
VIVK.US,D,20231016,000000,149.13,180.174,145.087,145.087,284.7735,0
VIVK.US,D,20231017,000000,152.34,174.081,151.064,159.188,36.7018,0
VIVK.US,D,20231018,000000,159.188,172.147,154.159,154.739,39.09035,0
VIVK.US,D,20231019,000000,156.692,165.377,154.739,154.739,14.8379,0
VIVK.US,D,20231020,000000,159.574,174.081,145.068,145.068,130.997,0
VIVK.US,D,20231023,000000,145.068,145.068,125.919,125.919,93.649,0
VIVK.US,D,20231024,000000,131.528,135.397,120.406,128.24,24.5058,0
VIVK.US,D,20231025,000000,123.211,138.598,117.988,120.116,45.24265,0
VIVK.US,D,20231026,000000,135.377,135.377,102.611,104.894,80.3,0
VIVK.US,D,20231027,000000,100.948,137.137,92.8434,92.8434,212.652,0
VIVK.US,D,20231030,000000,104.371,108.317,84.7002,105.977,76.4125,0
VIVK.US,D,20231031,000000,100.561,108.337,100.561,103.089,16.79215,0
VIVK.US,D,20231101,000000,108.24,108.24,102.515,102.515,6.80885,0
VIVK.US,D,20231102,000000,111.025,122.805,102.515,112.186,53.1215,0
VIVK.US,D,20231103,000000,119.555,167.93,116.712,154.816,464.8915,0
VIVK.US,D,20231106,000000,165.861,185.687,164.41,164.797,155.5855,0
VIVK.US,D,20231107,000000,159.13,180.851,147.002,156.673,41.0601,0
VIVK.US,D,20231108,000000,145.087,153.772,145.087,153.772,5.55775,0
VIVK.US,D,20231109,000000,149.903,154.739,145.068,145.068,8.303,0
VIVK.US,D,20231110,000000,152.804,172.147,135.416,154.739,62.624,0
VIVK.US,D,20231113,000000,158.607,174.081,121.876,147.776,201.976,0
VIVK.US,D,20231114,000000,146.983,168.279,135.397,145.068,74.856,0
VIVK.US,D,20231115,000000,138.704,168.279,138.704,148.936,150.2195,0
VIVK.US,D,20231116,000000,154.739,157.64,147.002,147.002,6.0075,0
VIVK.US,D,20231117,000000,160.174,162.282,112.282,150.87,231.3675,0
VIVK.US,D,20231120,000000,164.41,164.41,135.397,160.542,379.1105,0
VIVK.US,D,20231121,000000,163.424,183.733,154.739,174.081,185.7165,0
VIVK.US,D,20231122,000000,177.93,214.7,170.213,202.456,361.3105,0
VIVK.US,D,20231124,000000,205.03,205.03,189.072,191.257,42.58525,0
VIVK.US,D,20231127,000000,193.424,193.424,172.147,183.83,104.1595,0
VIVK.US,D,20231128,000000,193.404,201.16,172.147,172.147,80.8585,0
VIVK.US,D,20231129,000000,185.687,193.424,176.015,176.015,41.6857,0
VIVK.US,D,20231130,000000,176.015,193.424,176.015,183.694,69.045,0
VIVK.US,D,20231201,000000,193.424,193.424,180.851,191.296,48.6652,0
VIVK.US,D,20231204,000000,188.588,195.338,174.081,193.211,93.0235,0
VIVK.US,D,20231205,000000,181.818,181.818,166.538,181.799,145.168,0
VIVK.US,D,20231206,000000,181.818,201.142,169.091,185.493,133.846,0
VIVK.US,D,20231207,000000,183.752,183.752,164.41,170.232,74.541,0
VIVK.US,D,20231208,000000,158.607,177.95,158.607,177.95,107.4735,0
VIVK.US,D,20231211,000000,166.344,174.081,166.344,172.147,56.063,0
VIVK.US,D,20231212,000000,179.884,179.884,164.41,164.41,105.3645,0
VIVK.US,D,20231213,000000,166.344,179.749,166.344,172.147,61.533,0
VIVK.US,D,20231214,000000,177.95,214.7,174.081,191.489,310.474,0
VIVK.US,D,20231215,000000,191.489,191.489,179.903,183.752,42.8076,0
VIVK.US,D,20231218,000000,175.338,193.424,175.338,189.555,36.00905,0
VIVK.US,D,20231219,000000,182.36,212.746,182.36,212.746,40.9257,0
VIVK.US,D,20231220,000000,199.226,210.832,192.456,193.424,117.395,0
VIVK.US,D,20231221,000000,185.687,212.766,185.687,189.555,74.644,0
VIVK.US,D,20231222,000000,206.964,206.964,190.522,199.226,53.163,0
VIVK.US,D,20231226,000000,198.259,205.996,189.555,193.424,54.0625,0
VIVK.US,D,20231227,000000,206.964,212.766,191.509,203.094,165.1555,0
VIVK.US,D,20231228,000000,199.226,203.094,191.489,199.226,29.257,0
VIVK.US,D,20231229,000000,191.489,208.898,191.489,202.302,30.7615,0
VIVK.US,D,20240102,000000,206.964,206.964,191.489,195.358,122.6115,0
VIVK.US,D,20240103,000000,191.489,203.094,191.489,197.292,56.394,0
VIVK.US,D,20240104,000000,193.424,203.094,193.424,201.16,16.6939,0
VIVK.US,D,20240105,000000,193.462,203.094,193.462,197.331,14.29505,0
VIVK.US,D,20240108,000000,199.226,199.226,199.226,199.226,5.0149,0
VIVK.US,D,20240109,000000,193.424,201.16,193.424,201.16,18.30695,0
VIVK.US,D,20240110,000000,197.292,201.16,183.772,193.424,60.5715,0
VIVK.US,D,20240111,000000,203.076,203.094,176.209,199.226,24.45925,0
VIVK.US,D,20240112,000000,177.95,203.076,177.95,199.033,14.1761,0
VIVK.US,D,20240116,000000,189.555,201.142,189.555,201.142,2.43507,0
VIVK.US,D,20240117,000000,183.714,193.424,181.818,181.818,22.1896,0
VIVK.US,D,20240118,000000,193.424,193.424,181.818,191.489,75.911,0
VIVK.US,D,20240119,000000,180.899,191.489,180.899,191.489,24.23695,0
VIVK.US,D,20240122,000000,192.843,193.424,181.818,185.744,33.7601,0
VIVK.US,D,20240123,000000,192.843,193.424,191.103,193.404,9.2646,0
VIVK.US,D,20240124,000000,184.855,193.424,182.785,182.785,23.0685,0
VIVK.US,D,20240125,000000,183.752,199.226,183.752,199.226,26.8995,0
VIVK.US,D,20240126,000000,189.652,197.292,182.785,197.292,21.32625,0
VIVK.US,D,20240129,000000,197.292,201.16,183.752,193.424,33.57395,0
VIVK.US,D,20240130,000000,192.573,197.292,192.573,197.292,1.74229,0
VIVK.US,D,20240131,000000,189.555,197.273,185.687,185.687,6.5607,0
VIVK.US,D,20240201,000000,191.489,197.292,181.818,181.818,78.6095,0
VIVK.US,D,20240202,000000,181.818,193.404,181.818,189.497,19.66665,0
VIVK.US,D,20240205,000000,181.818,185.687,181.818,183.946,8.6804,0
VIVK.US,D,20240206,000000,181.818,189.555,164.603,179.884,142.056,0
VIVK.US,D,20240207,000000,174.081,177.95,166.344,170.097,82.239,0
VIVK.US,D,20240208,000000,166.344,172.147,164.507,164.507,31.98675,0
VIVK.US,D,20240209,000000,158.607,177.95,158.607,172.224,37.9995,0
VIVK.US,D,20240212,000000,180.832,180.832,166.344,170.213,8.65975,0
VIVK.US,D,20240213,000000,170.213,174.081,170.213,170.213,53.923,0
VIVK.US,D,20240214,000000,170.213,174.081,170.213,174.081,9.9574,0
VIVK.US,D,20240215,000000,174.081,174.081,170.213,174.081,31.61455,0
VIVK.US,D,20240216,000000,174.081,174.081,172.147,172.166,15.60305,0
VIVK.US,D,20240220,000000,168.279,170.213,164.41,170.213,43.5262,0
VIVK.US,D,20240221,000000,164.41,174.062,164.41,172.128,143.0795,0
VIVK.US,D,20240222,000000,164.41,174.081,164.41,174.081,38.4441,0
VIVK.US,D,20240223,000000,168.955,173.501,164.41,173.501,25.04865,0
VIVK.US,D,20240226,000000,168.279,174.081,164.99,169.961,13.22485,0
VIVK.US,D,20240227,000000,169.246,173.017,164.603,168.279,32.09535,0
VIVK.US,D,20240228,000000,167.311,172.534,167.311,167.311,8.577,0
VIVK.US,D,20240229,000000,175.667,175.667,160.542,166.75,365.224,0
VIVK.US,D,20240301,000000,158.607,164.391,129.594,159.574,112.7885,0
VIVK.US,D,20240304,000000,164.526,286.266,156.673,205.03,16047.925,0
VIVK.US,D,20240305,000000,173.617,218.568,166.344,193.424,1176.49,0
VIVK.US,D,20240306,000000,187.621,191.103,172.147,185.687,329.7525,0
VIVK.US,D,20240307,000000,205.03,205.03,174.101,189.555,162.9425,0
VIVK.US,D,20240308,000000,189.555,191.489,168.066,176.035,229.1495,0
VIVK.US,D,20240311,000000,186.845,186.845,174.081,183.656,152.8145,0
VIVK.US,D,20240312,000000,181.818,183.752,168.375,170.213,71.873,0
VIVK.US,D,20240313,000000,181.818,183.752,152.65,164.41,221.8185,0
VIVK.US,D,20240314,000000,166.441,181.818,155.126,181.818,156.3145,0
VIVK.US,D,20240315,000000,179.884,181.799,162.631,162.631,647.445,0
VIVK.US,D,20240318,000000,177.95,177.95,164.41,164.41,38.4286,0
VIVK.US,D,20240319,000000,177.756,179.884,164.41,172.689,64.1235,0
VIVK.US,D,20240320,000000,168.279,172.263,154.739,165.957,171.8245,0
VIVK.US,D,20240321,000000,164.41,177.95,158.859,174.081,344.451,0
VIVK.US,D,20240322,000000,174.081,177.95,158.859,172.147,70.074,0
VIVK.US,D,20240325,000000,166.015,166.344,131.528,160.522,14845.91,0
VIVK.US,D,20240326,000000,147.002,163.578,145.455,150.406,656.835,0
VIVK.US,D,20240327,000000,147.969,160.174,145.068,154.449,551.565,0
VIVK.US,D,20240328,000000,145.261,170.019,145.261,152.843,440.758,0
VIVK.US,D,20240401,000000,152.843,158.607,149.923,150.29,93.856,0
VIVK.US,D,20240402,000000,157.93,158.027,149.903,154.739,168.1645,0
VIVK.US,D,20240403,000000,154.739,158.607,145.261,151.567,44.29655,0
VIVK.US,D,20240404,000000,147.195,156.364,147.195,156.364,126.763,0
VIVK.US,D,20240405,000000,152.805,158.607,148.221,156.518,82.5545,0
VIVK.US,D,20240408,000000,155.977,158.607,148.936,156.76,198.0055,0
VIVK.US,D,20240409,000000,149.033,156.673,147.002,154.739,70.5135,0
VIVK.US,D,20240410,000000,154.72,156.286,145.551,156.286,73.202,0
VIVK.US,D,20240411,000000,151.064,156.673,147.002,156.673,69.2465,0
VIVK.US,D,20240412,000000,156.673,203.094,153.772,174.081,3793.39,0
VIVK.US,D,20240415,000000,176.402,182.012,155.706,174.004,334.1315,0
VIVK.US,D,20240416,000000,174.081,174.081,155.725,155.996,144.832,0
VIVK.US,D,20240417,000000,164.41,174.062,145.513,167.66,119.8715,0
VIVK.US,D,20240418,000000,171.992,199.226,154.778,189.555,581.99,0
VIVK.US,D,20240419,000000,190.522,222.438,185.803,210.832,1796.44,0
VIVK.US,D,20240422,000000,193.424,290.136,191.489,276.596,2770.945,0
VIVK.US,D,20240423,000000,247.582,290.136,247.582,286.266,1159.525,0
VIVK.US,D,20240424,000000,305.61,355.9,270.794,290.136,1943.925,0
VIVK.US,D,20240425,000000,282.398,296.112,251.45,251.45,342.905,0
VIVK.US,D,20240426,000000,253.384,278.53,249.516,261.122,404.242,0
VIVK.US,D,20240429,000000,266.924,278.53,205.03,230.174,4536.33,0
VIVK.US,D,20240430,000000,218.568,243.714,212.96,222.728,646.295,0
VIVK.US,D,20240501,000000,228.24,247.582,212.766,241.78,393.1785,0
VIVK.US,D,20240502,000000,251.45,251.45,230.174,237.912,172.9465,0
VIVK.US,D,20240503,000000,241.78,259.168,232.108,245.648,294.4935,0
VIVK.US,D,20240506,000000,253.384,253.384,232.108,232.108,88.1845,0
VIVK.US,D,20240507,000000,232.978,247.582,218.568,222.438,286.392,0
VIVK.US,D,20240508,000000,222.438,232.108,218.568,227.272,101.373,0
VIVK.US,D,20240509,000000,235.976,235.976,212.766,216.634,115.7665,0
VIVK.US,D,20240510,000000,224.372,233.076,205.164,220.502,216.106,0
VIVK.US,D,20240513,000000,212.766,238.878,201.16,238.878,137.4285,0
VIVK.US,D,20240514,000000,239.846,257.254,239.846,251.45,156.3355,0
VIVK.US,D,20240515,000000,261.644,263.056,241.78,251.45,140.9805,0
VIVK.US,D,20240516,000000,243.714,256.422,228.24,247.582,60.1525,0
VIVK.US,D,20240517,000000,240.812,253.384,240.812,247.582,38.80085,0
VIVK.US,D,20240520,000000,253.384,259.188,245.648,257.254,80.021,0
VIVK.US,D,20240521,000000,253.384,257.254,245.648,249.516,100.1735,0
VIVK.US,D,20240522,000000,251.45,251.45,241.78,241.78,14.8999,0
VIVK.US,D,20240523,000000,235.976,261.122,235.976,245.648,221.4465,0
VIVK.US,D,20240524,000000,226.324,253.384,226.324,245.648,275.2505,0
VIVK.US,D,20240528,000000,247.582,272.728,239.846,257.254,306.948,0
VIVK.US,D,20240529,000000,249.516,270.794,230.174,265.048,301.4315,0
VIVK.US,D,20240530,000000,272.728,307.544,264.99,295.938,403.084,0
VIVK.US,D,20240531,000000,306.886,306.886,284.352,299.806,151.517,0
VIVK.US,D,20240603,000000,307.544,319.148,294.024,305.61,209.695,0
VIVK.US,D,20240604,000000,305.61,328.8,305.61,319.148,119.225,0
VIVK.US,D,20240605,000000,326.886,338.492,307.544,326.866,204.7265,0
VIVK.US,D,20240606,000000,324.952,334.622,319.148,329.806,133.5565,0
VIVK.US,D,20240607,000000,334.622,367.504,297.872,329.788,259.999,0
VIVK.US,D,20240610,000000,317.214,328.82,301.856,323.018,89.901,0
VIVK.US,D,20240611,000000,319.148,357.834,319.148,357.834,282.323,0
VIVK.US,D,20240612,000000,357.834,369.44,342.36,369.44,150.214,0
VIVK.US,D,20240613,000000,369.44,369.44,340.444,355.822,96.7925,0
VIVK.US,D,20240614,000000,338.492,355.88,338.492,355.88,58.002,0
VIVK.US,D,20240617,000000,348.162,357.118,323.018,350.096,87.135,0
VIVK.US,D,20240618,000000,348.162,363.636,331.722,334.622,352.718,0
VIVK.US,D,20240620,000000,319.148,352.03,319.148,330.754,256.954,0
VIVK.US,D,20240621,000000,323.018,361.702,323.018,344.294,233.0995,0
VIVK.US,D,20240624,000000,350.096,369.44,346.228,355.9,91.1985,0
VIVK.US,D,20240625,000000,367.504,381.76,352.03,359.768,138.3955,0
VIVK.US,D,20240626,000000,350.096,386.848,350.096,367.504,140.391,0
VIVK.US,D,20240627,000000,373.308,452.612,373.308,444.874,697.335,0
VIVK.US,D,20240628,000000,415.86,435.204,355.9,386.848,788.94,0
VIVK.US,D,20240701,000000,446.808,481.624,411.992,481.624,514.645,0
VIVK.US,D,20240702,000000,522.244,667.312,497.098,653.772,3762.025,0
VIVK.US,D,20240703,000000,659.574,660.542,431.334,446.808,1906.115,0
VIVK.US,D,20240705,000000,441.006,452.612,404.274,448.742,740.725,0
VIVK.US,D,20240708,000000,427.466,427.466,381.044,423.598,465.8995,0
VIVK.US,D,20240709,000000,406.19,444.874,386.848,433.268,417.5135,0
VIVK.US,D,20240710,000000,427.466,499.032,425.532,497.098,511.895,0
VIVK.US,D,20240711,000000,499.032,502.902,450.676,489.362,521.685,0
VIVK.US,D,20240712,000000,475.822,495.164,450.676,495.164,377.534,0
VIVK.US,D,20240715,000000,483.558,483.558,446.808,458.414,220.9605,0
VIVK.US,D,20240716,000000,477.756,499.032,448.742,466.15,719.205,0
VIVK.US,D,20240717,000000,458.414,535.802,458.414,500.968,574.32,0
VIVK.US,D,20240718,000000,485.494,520.31,473.888,473.888,216.685,0
VIVK.US,D,20240719,000000,470.02,499.032,452.63,479.69,180.2775,0
VIVK.US,D,20240722,000000,466.15,471.954,425.532,448.742,279.454,0
VIVK.US,D,20240723,000000,437.138,437.138,408.124,429.4,118.6515,0
VIVK.US,D,20240724,000000,425.532,437.118,406.19,433.268,114.169,0
VIVK.US,D,20240725,000000,435.204,460.348,427.466,442.94,211.68,0
VIVK.US,D,20240726,000000,433.268,462.282,425.532,456.46,97.361,0
VIVK.US,D,20240729,000000,471.954,471.954,427.466,429.4,225.5255,0
VIVK.US,D,20240730,000000,433.268,435.184,421.664,421.664,139.083,0
VIVK.US,D,20240731,000000,410.058,435.184,398.626,419.73,121.557,0
VIVK.US,D,20240801,000000,419.73,433.25,386.848,408.124,327.24,0
VIVK.US,D,20240802,000000,398.452,442.94,365.57,408.124,306.2755,0
VIVK.US,D,20240805,000000,386.848,435.204,359.768,396.518,365.891,0
VIVK.US,D,20240806,000000,415.86,424.082,346.228,365.686,298.5725,0
VIVK.US,D,20240807,000000,379.11,394.584,365.57,381.044,1002.25,0
VIVK.US,D,20240808,000000,386.848,392.65,363.636,379.11,500.065,0
VIVK.US,D,20240809,000000,386.848,392.65,367.504,369.44,397.5005,0
VIVK.US,D,20240812,000000,413.926,413.926,367.504,382.978,1321.355,0
VIVK.US,D,20240813,000000,386.848,396.518,369.44,382.978,531.01,0
VIVK.US,D,20240814,000000,386.828,392.65,380.368,384.912,446.7035,0
VIVK.US,D,20240815,000000,379.11,393.868,379.11,382.978,205.585,0
VIVK.US,D,20240816,000000,377.176,387.814,377.176,386.848,111.6615,0
VIVK.US,D,20240819,000000,384.912,387.814,378.898,384.912,80.0935,0
VIVK.US,D,20240820,000000,377.254,384.912,375.242,384.894,82.425,0
VIVK.US,D,20240821,000000,376.48,396.518,363.81,371.374,367.013,0
VIVK.US,D,20240822,000000,384.912,384.912,365.57,365.57,152.923,0
VIVK.US,D,20240823,000000,365.57,373.21,353.966,364.604,92.853,0
VIVK.US,D,20240826,000000,357.834,386.848,348.162,365.57,197.4835,0
VIVK.US,D,20240827,000000,361.702,379.11,353.966,379.11,134.7145,0
VIVK.US,D,20240828,000000,377.176,384.912,367.504,379.11,75.337,0
VIVK.US,D,20240829,000000,348.162,394.584,348.162,379.11,168.7125,0
VIVK.US,D,20240830,000000,384.912,389.748,367.504,386.848,160.2855,0
VIVK.US,D,20240903,000000,386.848,386.848,363.636,373.308,389.094,0
VIVK.US,D,20240904,000000,373.308,373.308,344.294,346.228,186.0215,0
VIVK.US,D,20240905,000000,348.162,364.604,342.36,352.998,285.932,0
VIVK.US,D,20240906,000000,353.966,384.912,348.162,371.374,204.1165,0
VIVK.US,D,20240909,000000,361.702,361.702,319.168,355.9,882.155,0
VIVK.US,D,20240910,000000,357.794,359.768,334.642,338.492,242.266,0
VIVK.US,D,20240911,000000,334.622,338.472,305.61,323.018,486.7295,0
VIVK.US,D,20240912,000000,338.492,346.228,315.28,321.084,115.394,0
VIVK.US,D,20240913,000000,315.28,328.82,274.662,276.596,679.535,0
VIVK.US,D,20240916,000000,280.464,291.992,276.596,282.398,271.9885,0
VIVK.US,D,20240917,000000,282.398,306.054,270.794,278.53,363.058,0
VIVK.US,D,20240918,000000,272.728,295.938,270.794,276.596,378.056,0
VIVK.US,D,20240919,000000,286.266,323.018,274.662,309.478,478.111,0
VIVK.US,D,20240920,000000,311.412,352.03,294.004,352.03,1202.97,0
VIVK.US,D,20240923,000000,338.492,338.492,307.64,323.018,566.215,0
VIVK.US,D,20240924,000000,326.886,377.176,309.478,317.214,991.085,0
VIVK.US,D,20240925,000000,305.61,357.834,305.61,311.412,231.9,0
VIVK.US,D,20240926,000000,321.084,361.114,292.07,315.28,611.51,0
VIVK.US,D,20240927,000000,334.622,344.274,309.478,313.346,104.4855,0
VIVK.US,D,20240930,000000,309.478,309.478,292.07,297.872,198.502,0
VIVK.US,D,20241001,000000,290.136,309.458,288.202,299.806,522.445,0
VIVK.US,D,20241002,000000,295.938,311.258,272.746,278.53,380.9255,0
VIVK.US,D,20241003,000000,278.53,303.81,266.924,280.464,491.7235,0
VIVK.US,D,20241004,000000,294.894,295.938,276.596,286.266,371.8725,0
VIVK.US,D,20241007,000000,292.07,326.886,283.326,301.74,583.375,0
VIVK.US,D,20241008,000000,305.61,305.61,276.596,280.464,308.3955,0
VIVK.US,D,20241009,000000,290.136,294.004,277.738,288.202,96.384,0
VIVK.US,D,20241010,000000,303.676,306.19,292.07,294.97,113.3055,0
VIVK.US,D,20241011,000000,294.004,299.806,286.266,286.266,186.5125,0
VIVK.US,D,20241014,000000,284.332,292.07,280.464,290.136,90.299,0
VIVK.US,D,20241015,000000,290.136,291.102,283.52,290.116,8.9441,0
VIVK.US,D,20241016,000000,294.004,303.676,282.476,301.74,198.812,0
VIVK.US,D,20241017,000000,309.478,313.692,301.74,301.74,61.2955,0
VIVK.US,D,20241018,000000,294.004,303.676,286.266,299.806,127.1195,0
VIVK.US,D,20241021,000000,309.478,309.478,292.07,295.938,37.9943,0
VIVK.US,D,20241022,000000,303.676,303.676,269.826,278.53,181.141,0
VIVK.US,D,20241023,000000,270.812,291.102,263.192,274.662,82.663,0
VIVK.US,D,20241024,000000,268.858,270.794,259.188,270.794,48.89785,0
VIVK.US,D,20241025,000000,265.958,285.822,261.122,280.464,44.7308,0
VIVK.US,D,20241028,000000,266.924,297.872,266.924,290.136,592.75,0
VIVK.US,D,20241029,000000,282.398,297.872,276.17,282.398,137.93,0
VIVK.US,D,20241030,000000,282.398,321.084,279.73,305.61,568.175,0
VIVK.US,D,20241031,000000,294.004,316.248,282.398,309.478,92.2685,0
VIVK.US,D,20241101,000000,309.478,319.71,294.004,317.214,141.968,0
VIVK.US,D,20241104,000000,323.018,323.018,299.806,307.544,184.3,0
VIVK.US,D,20241105,000000,307.544,317.214,299.806,303.676,128.8825,0
VIVK.US,D,20241106,000000,303.676,328.82,290.136,315.28,254.1725,0
VIVK.US,D,20241107,000000,317.214,324.952,303.676,324.952,117.338,0
VIVK.US,D,20241108,000000,309.478,330.754,309.478,330.754,118.0825,0
VIVK.US,D,20241111,000000,324.952,336.558,307.544,324.952,118.098,0
VIVK.US,D,20241112,000000,319.148,332.108,307.544,317.214,90.3455,0
VIVK.US,D,20241113,000000,319.98,330.774,309.478,311.412,112.5455,0
VIVK.US,D,20241114,000000,311.412,326.886,295.938,311.412,100.8095,0
VIVK.US,D,20241115,000000,306.576,321.044,299.806,303.676,88.257,0
VIVK.US,D,20241118,000000,294.004,328.8,284.332,284.332,111.289,0
VIVK.US,D,20241119,000000,268.858,308.53,267.602,294.004,79.6075,0
VIVK.US,D,20241120,000000,312.708,312.708,287.098,305.61,95.293,0
VIVK.US,D,20241121,000000,292.07,327.852,290.136,324.952,151.0205,0
VIVK.US,D,20241122,000000,324.952,330.754,301.74,324.952,166.1275,0
VIVK.US,D,20241125,000000,319.148,323.018,290.136,292.07,172.0625,0
VIVK.US,D,20241126,000000,299.806,316.054,292.07,305.61,176.55,0
VIVK.US,D,20241127,000000,309.478,315.28,290.136,295.938,84.0535,0
VIVK.US,D,20241129,000000,290.136,315.262,290.136,299.806,35.7195,0
VIVK.US,D,20241202,000000,311.412,311.412,282.398,290.136,165.5585,0
VIVK.US,D,20241203,000000,288.202,295.668,284.332,294.004,71.258,0
VIVK.US,D,20241204,000000,295.938,299.806,280.464,280.464,115.1665,0
VIVK.US,D,20241205,000000,280.464,290.464,270.794,272.728,122.622,0
VIVK.US,D,20241206,000000,280.464,291.644,264.99,278.53,96.8905,0
VIVK.US,D,20241209,000000,290.136,290.136,276.596,284.332,34.99055,0
VIVK.US,D,20241210,000000,280.464,290.116,278.53,284.332,98.0125,0
VIVK.US,D,20241211,000000,276.596,290.136,249.516,270.794,119.7215,0
VIVK.US,D,20241212,000000,276.596,286.266,247.582,259.188,98.509,0
VIVK.US,D,20241213,000000,255.32,266.924,248.55,266.906,53.478,0
VIVK.US,D,20241216,000000,263.056,266.558,245.648,251.45,167.8285,0
VIVK.US,D,20241217,000000,261.122,261.122,222.438,235.976,95.645,0
VIVK.US,D,20241218,000000,235.976,261.122,226.306,230.174,138.039,0
VIVK.US,D,20241219,000000,220.502,247.582,206.964,208.898,115.6115,0
VIVK.US,D,20241220,000000,205.03,249.498,205.03,235.976,123.9815,0
VIVK.US,D,20241223,000000,223.404,253.384,213.868,235.976,62.681,0
VIVK.US,D,20241224,000000,241.78,261.122,234.042,237.62,27.42165,0
VIVK.US,D,20241226,000000,257.776,257.776,232.496,257.254,75.182,0
VIVK.US,D,20241227,000000,251.45,259.922,230.174,249.516,18.53445,0
VIVK.US,D,20241230,000000,245.648,245.648,214.7,230.194,117.116,0
VIVK.US,D,20241231,000000,224.372,237.08,218.568,235.976,39.1369,0
VIVK.US,D,20250102,000000,220.502,235.976,210.986,221.276,188.5805,0
VIVK.US,D,20250103,000000,215.88,248.472,215.88,226.306,148.146,0
VIVK.US,D,20250106,000000,234.042,245.648,195.358,208.878,292.7405,0
VIVK.US,D,20250107,000000,206.964,221.084,193.424,214.7,167.601,0
VIVK.US,D,20250108,000000,214.7,222.438,206.964,218.202,142.185,0
VIVK.US,D,20250110,000000,220.502,229.206,212.766,217.602,143.369,0
VIVK.US,D,20250113,000000,222.438,288.202,172.147,183.752,1355.95,0
VIVK.US,D,20250114,000000,177.95,228.24,174.081,210.832,718.7,0
VIVK.US,D,20250115,000000,206.964,227.736,193.424,208.336,451.1135,0
VIVK.US,D,20250116,000000,208.898,209.014,192.698,197.292,68.0265,0
VIVK.US,D,20250117,000000,193.81,211.412,193.424,198.337,64.3505,0
VIVK.US,D,20250121,000000,224.372,241.76,203.114,212.766,1051.575,0
VIVK.US,D,20250122,000000,222.438,222.438,203.094,203.094,263.6335,0
VIVK.US,D,20250123,000000,203.094,214.836,198.259,206.964,411.837,0
VIVK.US,D,20250124,000000,205.03,214.7,201.16,210.832,159.5355,0
VIVK.US,D,20250127,000000,203.094,213.656,201.16,203.094,50.3245,0
VIVK.US,D,20250128,000000,196.847,205.03,196.847,203.288,83.123,0
VIVK.US,D,20250129,000000,199.226,206.964,195.687,197.292,73.512,0
VIVK.US,D,20250130,000000,199.226,203.094,193.424,199.226,271.6265,0
VIVK.US,D,20250131,000000,199.226,199.226,179.884,189.555,257.688,0
VIVK.US,D,20250203,000000,195.358,195.358,183.752,188.588,95.4225,0
VIVK.US,D,20250204,000000,195.358,199.226,191.489,193.424,94.5795,0
VIVK.US,D,20250205,000000,199.226,201.16,183.752,196.209,428.391,0
VIVK.US,D,20250206,000000,199.226,199.226,189.555,195.338,240.922,0
VIVK.US,D,20250207,000000,189.594,193.424,184.236,191.489,178.065,0
VIVK.US,D,20250210,000000,183.752,183.752,164.41,168.24,353.0745,0
VIVK.US,D,20250211,000000,159.826,174.081,159.574,163.443,220.0555,0
VIVK.US,D,20250212,000000,174.062,174.081,150.87,161.509,305.009,0
VIVK.US,D,20250213,000000,162.282,164.371,152.824,161.257,264.3625,0
VIVK.US,D,20250214,000000,160.039,171.76,150.89,162.592,93.2975,0
VIVK.US,D,20250218,000000,162.476,174.081,162.476,166.344,31.2268,0
VIVK.US,D,20250219,000000,164.816,166.344,162.476,162.476,10.37615,0
VIVK.US,D,20250220,000000,197.292,197.292,151.354,166.925,275.385,0
VIVK.US,D,20250221,000000,172.147,172.147,164.159,169.826,75.8745,0
VIVK.US,D,20250224,000000,168.279,179.691,154.739,158.607,54.838,0
VIVK.US,D,20250225,000000,158.801,162.456,150.87,158.414,28.4298,0
VIVK.US,D,20250226,000000,160.542,193.424,151.838,164.797,698.385,0
VIVK.US,D,20250227,000000,150.87,174.062,150.87,152.805,73.9205,0
VIVK.US,D,20250228,000000,161.973,161.973,152.805,158.607,27.7215,0
VIVK.US,D,20250303,000000,154.739,164.391,152.805,152.805,102.2365,0
VIVK.US,D,20250304,000000,152.805,164.507,152.805,162.302,221.5445,0
VIVK.US,D,20250305,000000,156.673,156.673,149.323,149.323,295.0415,0
VIVK.US,D,20250306,000000,143.907,160.368,135.397,158.646,119.282,0
VIVK.US,D,20250307,000000,147.002,160.522,138.027,138.104,158.8015,0
VIVK.US,D,20250310,000000,143.133,145.068,127.756,128.124,220.3605,0
VIVK.US,D,20250311,000000,128.617,129.033,106.46,124.468,354.724,0
VIVK.US,D,20250312,000000,125.648,160.561,119.923,144.739,78.956,0
VIVK.US,D,20250313,000000,169.246,169.246,139.265,169.246,288.1135,0
VIVK.US,D,20250314,000000,164.41,174.081,158.607,174.081,132.243,0
VIVK.US,D,20250317,000000,164.603,174.081,164.41,169.652,75.549,0
VIVK.US,D,20250318,000000,174.062,193.424,164.429,187.427,172.6725,0
VIVK.US,D,20250319,000000,189.691,205.048,182.94,182.94,459.7935,0
VIVK.US,D,20250320,000000,181.818,199.207,181.818,181.818,166.8875,0
VIVK.US,D,20250321,000000,185.687,196.828,168.917,176.015,278.2025,0
VIVK.US,D,20250324,000000,191.103,195.358,176.422,179.323,263.3855,0
VIVK.US,D,20250325,000000,177.969,177.969,162.476,164.217,128.681,0
VIVK.US,D,20250326,000000,169.632,187.64,159.014,186.634,53.773,0
VIVK.US,D,20250327,000000,186.654,194.391,176.402,182.437,90.7075,0
VIVK.US,D,20250328,000000,176.712,193.23,147.215,149.13,123.8885,0
VIVK.US,D,20250331,000000,145.261,162.737,132.06,145.068,152.184,0
VIVK.US,D,20250401,000000,158.607,166.325,139.265,162.263,112.256,0
VIVK.US,D,20250402,000000,162.263,164.41,154.739,154.739,125.5585,0
VIVK.US,D,20250403,000000,156.673,162.476,147.002,147.002,106.512,0
VIVK.US,D,20250404,000000,140.716,162.456,140.716,141.412,472.8325,0
VIVK.US,D,20250407,000000,152.805,195.358,133.462,142.36,885.655,0
VIVK.US,D,20250408,000000,153.675,174.565,136.209,162.476,216.7365,0
VIVK.US,D,20250409,000000,153.772,159.768,143.752,158.259,332.41,0
VIVK.US,D,20250410,000000,160.348,187.621,147.389,154.739,184.874,0
VIVK.US,D,20250411,000000,154.739,158.607,138.008,154.72,107.2515,0
VIVK.US,D,20250414,000000,150.832,164.023,146.344,164.023,135.03,0
VIVK.US,D,20250415,000000,162.785,167.292,139.265,150.251,176.819,0
VIVK.US,D,20250416,000000,154.739,193.424,145.087,187.273,1035.745,0
VIVK.US,D,20250417,000000,185.687,216.634,166.731,185.37,998.735,0
VIVK.US,D,20250421,000000,174.081,193.424,167.331,173.936,227.2525,0
VIVK.US,D,20250422,000000,177.95,186.654,168.279,186.054,248.842,0
VIVK.US,D,20250423,000000,210.812,210.812,181.044,199.226,220.2935,0
VIVK.US,D,20250424,000000,201.16,214.7,183.752,191.528,340.1805,0
VIVK.US,D,20250425,000000,203.094,218.568,183.752,216.634,99.755,0
VIVK.US,D,20250428,000000,201.16,218.568,190.638,209.748,146.171,0
VIVK.US,D,20250429,000000,205.03,206.944,193.443,206.074,83.552,0
VIVK.US,D,20250430,000000,201.16,208.724,172.147,174.081,300.206,0
VIVK.US,D,20250501,000000,183.752,185.667,155.222,156.673,271.456,0
VIVK.US,D,20250502,000000,158.607,158.607,154.739,158.607,248.232,0
VIVK.US,D,20250505,000000,156.867,158.569,147.118,151.257,91.2555,0
VIVK.US,D,20250506,000000,158.588,158.607,145.068,158.143,349.1815,0
VIVK.US,D,20250507,000000,158.607,158.607,139.168,145.068,150.2915,0
VIVK.US,D,20250508,000000,152.05,157.95,143.54,152.785,133.458,0
VIVK.US,D,20250509,000000,151.838,158.221,148.917,150.87,182.697,0
VIVK.US,D,20250512,000000,150.87,158.607,145.068,158.607,274.5215,0
VIVK.US,D,20250513,000000,154.739,158.008,145.164,156.673,189.082,0
VIVK.US,D,20250514,000000,147.002,157.06,145.145,148.24,244.7785,0
VIVK.US,D,20250515,000000,152.805,156.48,145.068,156.48,90.268,0
VIVK.US,D,20250516,000000,154.545,157.447,147.021,150.484,119.137,0
VIVK.US,D,20250519,000000,152.611,157.157,145.609,151.876,48.77375,0
VIVK.US,D,20250520,000000,148.549,157.427,148.549,148.549,77.126,0
VIVK.US,D,20250521,000000,154.739,156.48,150.87,150.87,79.406,0
VIVK.US,D,20250522,000000,149.903,154.739,137.35,152.031,40.8895,0
VIVK.US,D,20250523,000000,145.068,145.068,139.265,145.048,344.2545,0
VIVK.US,D,20250527,000000,143.133,143.133,136.615,136.75,36.3089,0
VIVK.US,D,20250528,000000,140.213,154.739,137.331,141.567,259.151,0
VIVK.US,D,20250529,000000,170.213,172.147,139.613,164.371,21218.165,0
VIVK.US,D,20250530,000000,208.898,245.648,187.911,220.502,146151.93,0
VIVK.US,D,20250602,000000,199.226,230.174,193.424,206.964,6095.33,0
VIVK.US,D,20250603,000000,199.226,206.964,158.839,162.476,3068.48,0
VIVK.US,D,20250604,000000,159.536,185.667,152.824,164.217,1811.105,0
VIVK.US,D,20250605,000000,162.128,164.333,150.87,150.909,1166.965,0
VIVK.US,D,20250606,000000,164.429,164.429,145.319,154.72,960.765,0
VIVK.US,D,20250609,000000,154.739,155.803,148.936,150.774,505.38,0
VIVK.US,D,20250610,000000,147.002,154.623,141.741,154.526,539.33,0
VIVK.US,D,20250611,000000,147.195,166.325,147.195,165.532,1234.815,0
VIVK.US,D,20250612,000000,161.161,183.752,155.222,165.958,2258.285,0
VIVK.US,D,20250613,000000,187.621,195.358,160.561,165.435,4954.725,0
VIVK.US,D,20250616,000000,168.279,168.279,145.068,150.87,3250.985,0
VIVK.US,D,20250617,000000,150.484,160.542,145.07,150.638,1767.43,0
VIVK.US,D,20250618,000000,144.874,150.849,137.331,141.122,790.26,0
VIVK.US,D,20250620,000000,139.265,195.358,129.313,188.337,6084.41,0
VIVK.US,D,20250623,000000,177.969,179.884,141.973,165.068,1451.965,0
VIVK.US,D,20250624,000000,164.12,174.081,157.64,168.279,558.96,0
VIVK.US,D,20250625,000000,162.437,174.081,157.234,171.857,411.7125,0
VIVK.US,D,20250626,000000,166.973,174.081,161.141,168.279,490.726,0
VIVK.US,D,20250627,000000,169.632,169.632,157.06,157.06,208.992,0
VIVK.US,D,20250630,000000,156.306,164.391,154.12,154.739,286.94,0
VIVK.US,D,20250701,000000,158.607,158.607,151.064,151.064,168.7125,0
VIVK.US,D,20250702,000000,150.29,157.292,147.021,151.857,167.7195,0
VIVK.US,D,20250703,000000,150.87,156.673,147.853,149.787,93.3285,0
VIVK.US,D,20250707,000000,145.068,151.838,145.068,147.195,222.32,0
VIVK.US,D,20250708,000000,150.677,162.476,143.133,152.205,347.098,0
VIVK.US,D,20250709,000000,154.739,156.673,148.085,149.671,89.265,0
VIVK.US,D,20250710,000000,150.87,154.739,147.408,153.965,125.2895,0
VIVK.US,D,20250711,000000,156.673,156.673,147.195,151.354,276.8845,0
VIVK.US,D,20250714,000000,148.549,153.733,141.199,147.621,227.8675,0
VIVK.US,D,20250715,000000,142.166,152.031,142.166,150.735,478.168,0
VIVK.US,D,20250716,000000,145.996,157.292,145.106,149.13,123.2885,0
VIVK.US,D,20250717,000000,156.654,162.476,150.87,161.122,898.495,0
VIVK.US,D,20250718,000000,153.037,169.246,150.29,165.996,540.355,0
VIVK.US,D,20250721,000000,164.41,172.147,164.41,170.213,375.4505,0
VIVK.US,D,20250722,000000,165.106,168.279,158.723,159.149,196.3255,0
VIVK.US,D,20250723,000000,168.162,168.259,154.449,165.938,687.875,0
VIVK.US,D,20250724,000000,160.967,166.151,154.797,155.706,135.619,0
VIVK.US,D,20250725,000000,162.805,193.424,156.692,177.95,2027.065,0
VIVK.US,D,20250728,000000,177.95,187.621,177.834,179.091,312.5625,0
VIVK.US,D,20250729,000000,185.687,222.438,179.091,220.502,4586.545,0
VIVK.US,D,20250730,000000,237.912,251.45,182.805,201.16,9320.78,0
VIVK.US,D,20250731,000000,191.47,234.042,191.47,212.766,4746.825,0
VIVK.US,D,20250801,000000,218.568,247.582,195.358,214.7,5849.425,0
VIVK.US,D,20250804,000000,206.964,206.964,185.687,185.687,1673.34,0
VIVK.US,D,20250805,000000,195.358,201.16,186.615,197.292,846.7,0
VIVK.US,D,20250806,000000,199.226,206.906,189.594,192.263,710.375,0
VIVK.US,D,20250807,000000,201.16,201.16,183.752,183.868,554.445,0
VIVK.US,D,20250808,000000,183.868,195.358,181.818,186.886,568.235,0
VIVK.US,D,20250811,000000,185.687,193.424,181.818,184.468,608.52,0
VIVK.US,D,20250812,000000,185.068,187.427,164.797,176.905,661.92,0
VIVK.US,D,20250813,000000,174.081,180.464,160.542,164.41,972.78,0
VIVK.US,D,20250814,000000,166.344,172.166,156.867,166.344,519.095,0
VIVK.US,D,20250815,000000,166.344,170.213,158.607,160.484,728.34,0
VIVK.US,D,20250818,000000,160.754,170.135,160.542,162.882,476.043,0
VIVK.US,D,20250819,000000,166.925,166.925,157.292,161.489,615.465,0
VIVK.US,D,20250820,000000,164.41,164.41,158.607,162.476,235.8605,0
VIVK.US,D,20250821,000000,158.801,162.476,157.311,161.509,281.5375,0
VIVK.US,D,20250822,000000,160.542,162.108,155.164,158.337,783.96,0
VIVK.US,D,20250825,000000,158.607,158.607,150.871,151.838,507.405,0
VIVK.US,D,20250826,000000,150.87,152.805,139.342,144.159,1389.73,0
VIVK.US,D,20250827,000000,143.133,147.002,134.487,135.01,1269.355,0
VIVK.US,D,20250828,000000,135.783,148.936,135.783,144.023,373.884,0
VIVK.US,D,20250829,000000,141.644,148.936,135.977,141.644,161.0505,0
VIVK.US,D,20250902,000000,136.364,155.106,135.977,154.739,413.6775,0
VIVK.US,D,20250903,000000,154.739,176.015,139.284,143.133,2791.725,0
VIVK.US,D,20250904,000000,144.874,164.41,143.133,148.356,3533.93,0
VIVK.US,D,20250905,000000,154,154,134.8,140.4,1767.62,0
VIVK.US,D,20250908,000000,138.2,144,136.3,136.6,486.715,0
VIVK.US,D,20250909,000000,136.2,140.5,122,128.42,1164.405,0
VIVK.US,D,20250910,000000,134,135,122.52,122.72,2899.725,0
VIVK.US,D,20250911,000000,122.02,122.02,110.42,116,888.255,0
VIVK.US,D,20250912,000000,118,125.062,116.02,121.02,907.095,0
VIVK.US,D,20250915,000000,124,128,101.92,110.4,1823.855,0
VIVK.US,D,20250916,000000,113.8,114.86,104,110.5,2368.015,0
VIVK.US,D,20250917,000000,112,117.86,108.02,111.1,868.565,0
VIVK.US,D,20250918,000000,115.6,118,110.6,116.98,819.005,0
VIVK.US,D,20250919,000000,117.3,124,110.58,110.58,1203.215,0
VIVK.US,D,20250922,000000,110,118.58,98.32,102.555,1623.72,0
VIVK.US,D,20250923,000000,104,104.02,92.48,94.24,2345.25,0
VIVK.US,D,20250924,000000,94,99.9998,80.02,86.8,2113.36,0
VIVK.US,D,20250925,000000,86,98,58,73.8,13379.505,0
VIVK.US,D,20250926,000000,82,82,66,69.8,4154.06,0
VIVK.US,D,20250929,000000,70,73.36,50.38,53.48,186472.165,0
VIVK.US,D,20250930,000000,75.53,97.4,59.92,84.02,389862.055,0
VIVK.US,D,20251001,000000,70.72,72.12,54.62,56.68,70049.77,0
VIVK.US,D,20251002,000000,59.62,66,56.76,60,31801.59,0
VIVK.US,D,20251003,000000,60.24,60.24,51.9,57.2,51509.75,0
VIVK.US,D,20251006,000000,56,59,54,55.92,14183.15,0
VIVK.US,D,20251007,000000,54,59,47.2,49.2,28764.865,0
VIVK.US,D,20251008,000000,49.5,50.6,38.8,42.12,44991.995,0
VIVK.US,D,20251009,000000,43.32,47.2,42.64,43.1,18032.465,0
VIVK.US,D,20251010,000000,42.68,45,39,39.82,35382.01,0
VIVK.US,D,20251013,000000,43.96,49.58,35,36.88,62741.195,0
VIVK.US,D,20251014,000000,36.5,40,35,37.56,20043.735,0
VIVK.US,D,20251015,000000,50,73.86,40.8,59.02,1751922.86,0
VIVK.US,D,20251016,000000,95.8,119.2,46.58,58,2044237.19,0
VIVK.US,D,20251017,000000,52.64,55.94,40.02,41.08,178607.34,0
VIVK.US,D,20251020,000000,52.66,53.2,44,45.34,229728.625,0
VIVK.US,D,20251021,000000,45.1,47.76,40.42,45.68,82242.05,0
VIVK.US,D,20251022,000000,43.26,58.4,42.39,49.24,151054.43,0
VIVK.US,D,20251023,000000,55.96,58.58,50.18,52.04,423142.515,0
VIVK.US,D,20251024,000000,76,95.76,55.04,58.24,2184448.035,0
VIVK.US,D,20251027,000000,60.54,63,56,57.78,185117.565,0
VIVK.US,D,20251028,000000,54,55.4,50.22,53.56,109019.525,0
VIVK.US,D,20251029,000000,52,55.2,50.4,51.38,48593.395,0
VIVK.US,D,20251030,000000,62.26,71.54,40,45.74,678693.87,0
VIVK.US,D,20251031,000000,48.3,49.88,42.5,46.26,111901.805,0
VIVK.US,D,20251103,000000,46,46.8,42.48,43.18,71031.485,0
VIVK.US,D,20251104,000000,42,42.16,38.84,40.2,63201.08,0
VIVK.US,D,20251105,000000,39.42,39.6,34.8,35.98,88862.195,0
VIVK.US,D,20251106,000000,37,37,29.22,29.36,107456.105,0
VIVK.US,D,20251107,000000,30.2,34.88,28.79,32.84,188603.165,0
VIVK.US,D,20251110,000000,44.6,45.28,32.84,34,692347.795,0
VIVK.US,D,20251111,000000,32,33.8398,31.82,33.18,72514.325,0
VIVK.US,D,20251112,000000,33,33.76,31.02,32.46,60611.08,0
VIVK.US,D,20251113,000000,32,34.3,30.64,33.7,72668.94,0
VIVK.US,D,20251114,000000,32.4,33,30.26,31.42,49693.925,0
VIVK.US,D,20251117,000000,31.3,32.22,22,25.47,82552.265,0
VIVK.US,D,20251118,000000,25.3,27,24.44,27,41986.055,0
VIVK.US,D,20251119,000000,26.68,29,25.66,25.66,78077.145,0
VIVK.US,D,20251120,000000,26.51,28.16,22.78,23.2,414963.3,0
VIVK.US,D,20251121,000000,23.86,27.42,23.04,26.04,139764.685,0
VIVK.US,D,20251124,000000,27.4,31,25.14,28.68,147821.38,0
VIVK.US,D,20251125,000000,28.52,29.32,26.52,27.56,63078.215,0
VIVK.US,D,20251126,000000,28,28.7,25.5,25.9,69634.075,0
VIVK.US,D,20251128,000000,25.8,26.2,24.02,24.52,69383.025,0
VIVK.US,D,20251201,000000,23,24.6,22,23.28,65630.035,0
VIVK.US,D,20251202,000000,22.98,25.818,21.24,21.88,69249.42,0
VIVK.US,D,20251203,000000,21.52,21.7,17.8,18.96,100357.565,0
VIVK.US,D,20251204,000000,18.74,22.46,18.58,21.08,113227.865,0
VIVK.US,D,20251205,000000,20.66,21.42,19.51,20,65808.085,0
VIVK.US,D,20251208,000000,19.44,19.8,17,17.68,114524.65,0
VIVK.US,D,20251209,000000,17.68,17.7,14.6,15.92,125716.395,0
VIVK.US,D,20251210,000000,14.42,15.18,12,12.92,108583.18,0
VIVK.US,D,20251211,000000,13.1,14.92,12.9598,14.8,423349.135,0
VIVK.US,D,20251212,000000,16.36,17.4,13.62,14.54,266094.37,0
VIVK.US,D,20251215,000000,14.34,14.36,12.18,12.26,120634.25,0
VIVK.US,D,20251216,000000,12.18,13.18,10,11.94,108722.705,0
VIVK.US,D,20251217,000000,11.4,11.94,10,10.2,285813.315,0
VIVK.US,D,20251218,000000,10.8,16,10.7,15.02,1169988.235,0
VIVK.US,D,20251219,000000,15.16,15.16,12,14.9,366902.65,0
VIVK.US,D,20251222,000000,14,14.46,11,12.3,263851.745,0
VIVK.US,D,20251223,000000,16,18.74,9,9.32,2579193.15,0
VIVK.US,D,20251224,000000,10.02,10.02,6.46,6.96,2278489.4,0
VIVK.US,D,20251226,000000,4.14,4.16,2.02,2.44,612620,0
VIVK.US,D,20251229,000000,2.54,4.36,2.4,2.44,396491,0
VIVK.US,D,20251230,000000,2.48,2.48,2.02,2.16,186114,0
VIVK.US,D,20251231,000000,2.1,2.16,1.9,1.98,149391,0
VIVK.US,D,20260102,000000,2,2.16,1.9,2,55798,0
VIVK.US,D,20260105,000000,2.06,2.9,2,2.32,181437,0
VIVK.US,D,20260106,000000,2.34,2.34,1.9,2.18,168718,0
VIVK.US,D,20260107,000000,2.16,2.16,1.9,1.986,81295,0
VIVK.US,D,20260108,000000,1.94,2,1.5,1.68,124262,0
VIVK.US,D,20260109,000000,1.64,1.7,1.58,1.58,62740,0
VIVK.US,D,20260112,000000,1.52,1.54,1.038,1.26,118034,0
VIVK.US,D,20260113,000000,1.36,1.97,1.18,1.78,81397,0
VIVK.US,D,20260114,000000,1.86,2.16,1.58,1.92,72121,0
VIVK.US,D,20260115,000000,1.96,2.1,1.62,2.02,35565,0
VIVK.US,D,20260116,000000,2.2,2.32,1.82,1.9,36436,0
VIVK.US,D,20260120,000000,1.9,2,1.6,1.68,50896,0
VIVK.US,D,20260121,000000,1.94,2.1,1.66,1.81,49898,0
VIVK.US,D,20260122,000000,2,2,1.4,1.42,95859,0
VIVK.US,D,20260123,000000,1.44,1.56,1.02,1.26,104145,0
VIVK.US,D,20260126,000000,1.34,1.48,1.1,1.26,62023,0
VIVK.US,D,20260127,000000,1.26,1.36,1.06,1.16,65739,0
VIVK.US,D,20260128,000000,1.2,1.3,1.08,1.16,25611,0
VIVK.US,D,20260129,000000,1.22,1.46,1.12,1.16,39739,0
VIVK.US,D,20260130,000000,1.21,1.56,1.18,1.4,38100,0
VIVK.US,D,20260202,000000,1.4,1.42,1.22,1.28,25392,0
VIVK.US,D,20260203,000000,1.28,1.33,1.16,1.16,22112,0
VIVK.US,D,20260204,000000,1.16,1.42,1.12,1.34,17705,0
VIVK.US,D,20260205,000000,1.38,1.6,1.3,1.52,81607,0
VIVK.US,D,20260206,000000,1.42,1.94,1.42,1.776,25719,0
VIVK.US,D,20260209,000000,1.88,2.72,1.72,2.56,102133,0
VIVK.US,D,20260210,000000,2.62,3.98,2.52,3.9,272090,0
VIVK.US,D,20260211,000000,4.46,4.8,2.64,2.84,183737,0
VIVK.US,D,20260212,000000,2.02,3.38,2,3.2,50133,0
VIVK.US,D,20260213,000000,3.33,3.68,2.84,3.64,58225,0
VIVK.US,D,20260217,000000,3.64,3.9,3.36,3.7,33463,0
VIVK.US,D,20260218,000000,3.54,3.8,3.4,3.5,25567,0
VIVK.US,D,20260219,000000,3.48,3.48,2.84,3.16,37349,0
VIVK.US,D,20260220,000000,2.7,3,2.54,2.74,39512,0
VIVK.US,D,20260223,000000,3.06,3.06,2.42,2.56,9518,0
VIVK.US,D,20260224,000000,2.7,2.98,2.4,2.74,5275,0
VIVK.US,D,20260225,000000,2.8,2.98,1.74,2,120954,0
VIVK.US,D,20260226,000000,2,2.5,1.82,2.5,37196,0
VIVK.US,D,20260227,000000,2.52,2.88,2.02,2.72,45002,0
VIVK.US,D,20260302,000000,2.76,2.76,2.42,2.58,13725,0
VIVK.US,D,20260303,000000,2.6,2.68,2.26,2.376,17215,0
VIVK.US,D,20260304,000000,2.4,2.4,2.06,2.278,24492,0
VIVK.US,D,20260305,000000,2.3,2.4,2.02,2.02,15363,0
VIVK.US,D,20260306,000000,2.1,2.36,1.98,2.18,34395,0
VIVK.US,D,20260309,000000,2.12,2.36,1.98,2.08,16132,0
VIVK.US,D,20260310,000000,2.1,2.18,2.02,2.1,39832,0
VIVK.US,D,20260311,000000,2.14,2.31,1.98,2.18,24843,0
VIVK.US,D,20260312,000000,2.2,2.38,2.02,2.32,12576,0
VIVK.US,D,20260313,000000,2.34,2.38,2.08,2.24,16337,0
VIVK.US,D,20260316,000000,2.06,3.18,2.06,2.88,72175,0
VIVK.US,D,20260317,000000,3.04,3.08,2.302,2.764,11876,0
VIVK.US,D,20260318,000000,2.7,2.92,2.5,2.6,14684,0
VIVK.US,D,20260319,000000,2.6,2.88,2.42,2.708,16795,0
VIVK.US,D,20260320,000000,2.6,3.22,2.6,3.02,42287,0
VIVK.US,D,20260323,000000,3,3.4,2.82,3.18,19210,0
VIVK.US,D,20260324,000000,1.17,2,1.17,1.4646,41900,0
VIVK.US,D,20260325,000000,1.39,2.01,1.06,1.75,57600,0
VIVK.US,D,20260326,000000,1.72,2.35,1.62,2.08,39901,0
VIVK.US,D,20260327,000000,2.01,2.034,1.58,2,59900,0
VIVK.US,D,20260330,000000,1.926,2.4,1.85,2.22,29400,0
VIVK.US,D,20260331,000000,2.22,3.1324,1.7707,2.89,63700,0
VIVK.US,D,20260401,000000,2.73,3.0356,2.49,2.75,22500,0
VIVK.US,D,20260402,000000,2.79,2.91,2.6,2.78,25805,0
VIVK.US,D,20260406,000000,2.8,2.83,2.4248,2.8,18201,0
VIVK.US,D,20260407,000000,2.64,2.767,2.6,2.76,16301,0
VIVK.US,D,20260408,000000,2.8,2.83,2.72,2.82,7000,0
VIVK.US,D,20260409,000000,2.81,2.81,2.26,2.45,12012,0
VIVK.US,D,20260410,000000,2.59,2.6,2.32,2.595,9200,0
VIVK.US,D,20260413,000000,2.59,2.59,2.3,2.5,8200,0
VIVK.US,D,20260414,000000,2.57,2.57,2.05,2.2025,13300,0
VIVK.US,D,20260415,000000,2.0706,2.15,1.35,1.74,27600,0
VIVK.US,D,20260416,000000,1.79,2.365,1.6,1.98,23700,0
VIVK.US,D,20260417,000000,1.89,2.2994,1.81,1.98,5400,0
VIVK.US,D,20260420,000000,1.888,1.99,1.75,1.96,14400,0
VIVK.US,D,20260421,000000,1.9384,2.32,1.66,2.265,19400,0
VIVK.US,D,20260422,000000,2.0103,2.35,2,2.3,22300,0
VIVK.US,D,20260423,000000,2.275,2.275,2.11,2.25,7247,0
VIVK.US,D,20260424,000000,2.07,2.27,2.06,2.2129,5800,0
VIVK.US,D,20260427,000000,3,3.13,2.18,3.13,9655786,0
VIVK.US,D,20260428,000000,2.79,2.79,2.28,2.57,358269,0
VIVK.US,D,20260429,000000,2.39,2.39,1.8801,2.29,250599,0
VIVK.US,D,20260430,000000,2.37,2.6,2.03,2.21,1419200,0
VIVK.US,D,20260501,000000,2.24,2.24,2.05,2.12,86200,0
VIVK.US,D,20260504,000000,2,2.02,1.8201,1.89,66200,0
VIVK.US,D,20260505,000000,1.9,2.06,1.8614,1.95,66800,0
VIVK.US,D,20260506,000000,1.91,1.91,1.7,1.74,208700,0
VIVK.US,D,20260507,000000,1.81,1.86,1.74,1.86,114700,0
VIVK.US,D,20260508,000000,1.97,1.97,1.69,1.83,316000,0
VIVK.US,D,20260511,000000,1.85,1.85,1.6,1.71,108200,0
VIVK.US,D,20260512,000000,1.7,1.71,1.52,1.61,66700,0
VIVK.US,D,20260513,000000,1.57,1.6,1.41,1.44,131900,0
VIVK.US,D,20260514,000000,1.45,1.45,1.33,1.45,46300,0
VIVK.US,D,20260515,000000,1.53,1.5583,1.3045,1.35,80300,0
VIVK.US,D,20260518,000000,1.4,1.5,1.32,1.42,75700,0
VIVK.US,D,20260519,000000,1.43,1.43,1.34,1.4,70400,0
VIVK.US,D,20260520,000000,1.4101,1.4101,1.17,1.28,128521,0
VIVK.US,D,20260521,000000,1.31,1.31,1.2,1.3,87300,0
VIVK.US,D,20260522,000000,1.3,1.38,1.2,1.38,53100,0
VIVK.US,D,20260526,000000,1.39,1.39,1.23,1.33,45700,0
VIVK.US,D,20260527,000000,1.3,1.32,1.22,1.29,17300,0
VIVK.US,D,20260528,000000,1.2424,1.35,1.24,1.35,26800,0
VIVK.US,D,20260529,000000,1.29,1.35,1.23,1.35,33900,0
VIVK.US,D,20260601,000000,1.35,1.36,1.2684,1.35,35800,0
VIVK.US,D,20260602,000000,1.27,1.34,1.27,1.32,23400,0
VIVK.US,D,20260603,000000,1.33,1.342,1.25,1.32,33900,0
VIVK.US,D,20260604,000000,0.86,1.14,0.711,0.8451,34842100,0
VIVK.US,D,20260605,000000,0.7592,0.7593,0.625,0.7,1659600,0
VIVK.US,D,20260608,000000,0.72,0.72,0.6,0.63,690700,0
VIVK.US,D,20260609,000000,0.615,0.9396,0.4501,0.5535,5409400,0
VIVK.US,D,20260610,000000,0.5653,0.6781,0.5155,0.64,7816000,0
VIVK.US,D,20260611,000000,0.64,0.7,0.52,0.672,1929600,0
VIVK.US,D,20260612,000000,0.6245,0.6292,0.5,0.5381,576800,0
VIVK.US,D,20260615,000000,0.5381,0.5381,0.4557,0.496,370700,0
VIVK.US,D,20260616,000000,0.4882,0.5294,0.47,0.529,231800,0
VIVK.US,D,20260617,000000,0.7046,0.7659,0.508,0.51,82465500,0
VIVK.US,D,20260618,000000,0.465,0.5086,0.45,0.489,3650500,0
VIVK.US,D,20260622,000000,0.4395,0.4592,0.4,0.4384,1467800,0
VIVK.US,D,20260623,000000,0.3849,0.45,0.3802,0.447,1012217,0
VIVK.US,D,20260624,000000,0.4338,0.4338,0.3903,0.4218,421542,0
