<TICKER>,<PER>,<DATE>,<TIME>,<OPEN>,<HIGH>,<LOW>,<CLOSE>,<VOL>,<OPENINT>
VRXA.US,D,20260611,000000,18.65,27.36,15.25,24.79,32875,0
VRXA.US,D,20260612,000000,20,26.01,17.12,20,24721,0
VRXA.US,D,20260615,000000,20.8,24.19,18.87,21.26,59877,0
VRXA.US,D,20260616,000000,21.57,21.57,7.82,9.46,562937,0
VRXA.US,D,20260617,000000,8.5,8.72,5.0201,5.86,877836,0
VRXA.US,D,20260618,000000,5.3,5.3,4.2,4.48,772288,0
VRXA.US,D,20260622,000000,4.25,4.5,3.9101,4.14,499362,0
VRXA.US,D,20260623,000000,3.9,3.9,2.8,2.91,817717,0
VRXA.US,D,20260624,000000,2.3,2.3,2.05,2.3,825610,0
