<TICKER>,<PER>,<DATE>,<TIME>,<OPEN>,<HIGH>,<LOW>,<CLOSE>,<VOL>,<OPENINT>
VRXAW.US,D,20260611,000000,0.3176,0.35,0.2,0.2509,397586,0
VRXAW.US,D,20260612,000000,0.3025,0.3062,0.25,0.2584,182341,0
VRXAW.US,D,20260615,000000,0.32,0.33,0.26,0.2863,109099,0
VRXAW.US,D,20260616,000000,0.25,0.25,0.17,0.1801,88290,0
VRXAW.US,D,20260617,000000,0.188,0.188,0.121,0.1351,357225,0
VRXAW.US,D,20260618,000000,0.17,0.17,0.14,0.1602,140738,0
VRXAW.US,D,20260622,000000,0.1602,0.17,0.1601,0.1638,18949,0
VRXAW.US,D,20260623,000000,0.16,0.19,0.16,0.162,68686,0
VRXAW.US,D,20260624,000000,0.161,0.161,0.11,0.1201,317450,0
