<TICKER>,<PER>,<DATE>,<TIME>,<OPEN>,<HIGH>,<LOW>,<CLOSE>,<VOL>,<OPENINT>
VSECU.US,D,20260205,000000,51,51.75,50.45,50.45,169963,0
VSECU.US,D,20260206,000000,51.5275,53.22,51.36,52.08,171822,0
VSECU.US,D,20260209,000000,51.05,53.81,51.05,53.46,686036,0
VSECU.US,D,20260210,000000,53.42,55.56,53,55,867727,0
VSECU.US,D,20260211,000000,54.5,54.52,53.66,53.82,238900,0
VSECU.US,D,20260212,000000,55.55,55.55,53.63,53.79,161180,0
VSECU.US,D,20260213,000000,53.95,54.1819,53.54,53.6,306719,0
VSECU.US,D,20260217,000000,55.122,56.0226,55.122,55.8699,254677,0
VSECU.US,D,20260218,000000,56.605,57.16,56.27,56.27,788050,0
VSECU.US,D,20260219,000000,56.73,58.21,56.73,58.04,171293,0
VSECU.US,D,20260223,000000,58.93,58.93,57.28,57.28,39300,0
VSECU.US,D,20260224,000000,57.93,57.93,55.93,57.8,21313,0
VSECU.US,D,20260225,000000,57.45,58.42,56.97,57.03,450900,0
VSECU.US,D,20260226,000000,56.09,58.92,56.09,58.54,118929,0
VSECU.US,D,20260227,000000,58.38,58.4,56.77,58.06,698616,0
VSECU.US,D,20260302,000000,58.35,58.35,56.74,56.74,146882,0
VSECU.US,D,20260303,000000,56.7,56.7,55.39,56.24,43319,0
VSECU.US,D,20260304,000000,58.06,58.06,56.17,57.235,227871,0
VSECU.US,D,20260305,000000,55.8364,55.8364,55.095,55.3,253580,0
VSECU.US,D,20260306,000000,54.719,54.84,54.57,54.57,1205,0
VSECU.US,D,20260309,000000,56.04,56.41,55.92,56.41,221031,0
VSECU.US,D,20260310,000000,56.79,57.23,55.63,55.63,9782,0
VSECU.US,D,20260312,000000,54.51,54.51,52.81,52.81,1097,0
VSECU.US,D,20260313,000000,52.05,52.05,52.05,52.05,243,0
VSECU.US,D,20260316,000000,52.87,52.87,50.93,50.93,38540,0
VSECU.US,D,20260317,000000,51,51,50.75,50.75,59326,0
VSECU.US,D,20260318,000000,50.52,50.52,49.45,49.45,1057,0
VSECU.US,D,20260319,000000,49.37,49.6,49.17,49.17,38973,0
VSECU.US,D,20260320,000000,47.96,48.7465,47.43,47.43,144948,0
VSECU.US,D,20260323,000000,48.4,48.4,46.9,46.9,55455,0
VSECU.US,D,20260324,000000,47.35,47.87,47.35,47.62,26705,0
VSECU.US,D,20260325,000000,48.42,49.17,47.86,47.86,17061,0
VSECU.US,D,20260326,000000,47.12,47.12,47.08,47.08,51475,0
VSECU.US,D,20260331,000000,46,51.07,45.92,50.3,693605,0
VSECU.US,D,20260401,000000,49.7,51.7765,49.65,51.07,256390,0
VSECU.US,D,20260402,000000,49.6,51.41,49.45,49.55,3534,0
VSECU.US,D,20260406,000000,51.2,51.31,51.075,51.18,419941,0
VSECU.US,D,20260407,000000,50,50.2,49.46,49.94,58756,0
VSECU.US,D,20260408,000000,54.44,56.01,54.43,55.78,694108,0
VSECU.US,D,20260409,000000,55.69,60.89,55.69,60.89,210478,0
VSECU.US,D,20260410,000000,58.97,64.77,55.91,56.04,47578,0
VSECU.US,D,20260413,000000,58.66,58.66,55.41,55.42,103015,0
VSECU.US,D,20260414,000000,57.8,58,57.4068,58,24396,0
VSECU.US,D,20260415,000000,56.99,58.6,56.2692,58.6,232233,0
VSECU.US,D,20260416,000000,59.65,59.67,56.0284,56.0284,126913,0
VSECU.US,D,20260417,000000,58.7177,58.7177,58.7177,58.7177,15538,0
VSECU.US,D,20260420,000000,63.95,65.93,58.12,58.51,2843,0
VSECU.US,D,20260421,000000,57.56,57.9,51.16,52.04,265179,0
VSECU.US,D,20260422,000000,52.09,52.09,48.575,48.575,355677,0
VSECU.US,D,20260423,000000,49.63,52.58,49.63,50.34,10182,0
VSECU.US,D,20260424,000000,55.35,55.35,48.79,48.9,16403,0
VSECU.US,D,20260427,000000,52.61,57.73,48.77,48.9514,70630,0
VSECU.US,D,20260428,000000,47.42,48.85,47.35,48.41,3825,0
VSECU.US,D,20260429,000000,46.13,46.31,43.8,45.15,198219,0
VSECU.US,D,20260430,000000,44.79,47.27,44.16,46.22,233134,0
VSECU.US,D,20260501,000000,46.13,47.29,46.03,46.18,182370,0
VSECU.US,D,20260504,000000,42.63,46.5,38.45,45.1,16285,0
VSECU.US,D,20260505,000000,45.11,48.87,45.11,47.21,57951,0
VSECU.US,D,20260506,000000,47.51,55.51,46.91,53.51,468324,0
VSECU.US,D,20260507,000000,53.8,58.66,51.93,52.58,49231,0
VSECU.US,D,20260508,000000,52.52,52.87,50.7,50.97,33905,0
VSECU.US,D,20260511,000000,55.19,55.19,49.92,49.92,26869,0
VSECU.US,D,20260512,000000,48.05,49.975,45.06,48.88,49643,0
VSECU.US,D,20260513,000000,47.91,48.28,46.86,48.21,12802,0
VSECU.US,D,20260514,000000,47.01,48.45,47.01,48.04,5243,0
VSECU.US,D,20260515,000000,46,46.2,45.95,45.95,5009,0
VSECU.US,D,20260518,000000,49.39,54.3,43.47,45.395,40918,0
VSECU.US,D,20260519,000000,45.3,45.3,42.91,42.985,3373,0
VSECU.US,D,20260520,000000,45.37,46.07,44.47,45.17,29122,0
VSECU.US,D,20260521,000000,44.83,46.685,44.57,46.02,19653,0
VSECU.US,D,20260522,000000,46.01,46.85,45.92,46.02,14461,0
VSECU.US,D,20260526,000000,47.85,47.85,46.11,46.69,21586,0
VSECU.US,D,20260527,000000,46.69,46.69,46.5,46.6,109030,0
VSECU.US,D,20260528,000000,48.2,48.2,46.14,47.055,2506,0
VSECU.US,D,20260529,000000,49.665,49.7375,48.06,48.57,68881,0
VSECU.US,D,20260601,000000,53.87,59.22,46.2201,47.96,53457,0
VSECU.US,D,20260602,000000,52.29,56.56,46.97,46.97,32218,0
VSECU.US,D,20260603,000000,53.99,54,47.03,47.325,7074,0
VSECU.US,D,20260604,000000,47.86,50,47.4,47.67,3482,0
VSECU.US,D,20260605,000000,47.6,48.112,47.34,47.34,3244,0
VSECU.US,D,20260608,000000,45.82,45.82,45.82,45.82,741,0
VSECU.US,D,20260609,000000,45.97,47.98,45.23,47.98,67939,0
VSECU.US,D,20260610,000000,46.74,46.74,45.91,45.91,156385,0
VSECU.US,D,20260611,000000,47.5,50.17,47.5,50.08,87467,0
VSECU.US,D,20260612,000000,50.7084,51.04,50.7084,51.04,44331,0
VSECU.US,D,20260615,000000,52.69,52.94,52.2,52.2,235616,0
VSECU.US,D,20260616,000000,50.96,52.32,50.96,52.14,1186,0
VSECU.US,D,20260617,000000,51.25,55.36,51.25,54.09,323995,0
VSECU.US,D,20260618,000000,53.77,56.59,53.77,56.59,127752,0
VSECU.US,D,20260622,000000,55.91,56.2,54.35,55.61,4415,0
VSECU.US,D,20260623,000000,54.57,60.82,54.57,55.31,90508,0
VSECU.US,D,20260624,000000,54.65,60.68,54.65,55.77,126053,0
