<TICKER>,<PER>,<DATE>,<TIME>,<OPEN>,<HIGH>,<LOW>,<CLOSE>,<VOL>,<OPENINT>
YYAI.US,D,20220615,000000,3680000,4672000,2864000,3152000,0.337,0
YYAI.US,D,20220616,000000,2960000,3120000,2544000,2672000,0.07237500000000001,0
YYAI.US,D,20220617,000000,2784000,3088000,2560000,2576000,0.05072625,0
YYAI.US,D,20220621,000000,2560000,2848000,2448000,2595200,0.010543125,0
YYAI.US,D,20220622,000000,2688000,3026560,2400000,2832000,0.0423855,0
YYAI.US,D,20220623,000000,3040000,3040000,2400000,2448000,0.02567425,0
YYAI.US,D,20220624,000000,2464000,2559840,2368160,2416000,0.014479375000000001,0
YYAI.US,D,20220627,000000,2608000,2608000,2240000,2256000,0.01570375,0
YYAI.US,D,20220628,000000,2320000,2544000,2240000,2491680,0.03259375,0
YYAI.US,D,20220629,000000,2656000,2656000,2432000,2479520,0.014438125,0
YYAI.US,D,20220630,000000,2448000,2512000,2336000,2368000,0.0029893750000000003,0
YYAI.US,D,20220701,000000,2336000,2400000,2240000,2300800,0.008775625,0
YYAI.US,D,20220705,000000,2496000,2496000,2240000,2288000,0.02430125,0
YYAI.US,D,20220706,000000,2240000,2240000,1888000,1984000,0.023589375000000003,0
YYAI.US,D,20220707,000000,1984000,2079840,1552000,1680000,0.15774300000000002,0
YYAI.US,D,20220708,000000,1632000,1919840,1552000,1823840,0.08945875,0
YYAI.US,D,20220711,000000,1747200,1760000,1408000,1472000,0.25232000000000004,0
YYAI.US,D,20220712,000000,1568000,1568000,1328000,1408000,0.07423375,0
YYAI.US,D,20220713,000000,1408000,1520000,1304960,1380800,0.07902375,0
YYAI.US,D,20220714,000000,1384000,1384000,1304000,1375680,0.042648000000000005,0
YYAI.US,D,20220715,000000,1411200,1584000,1399840,1535680,0.17389125000000002,0
YYAI.US,D,20220718,000000,1504000,1504000,1360320,1424000,0.035135,0
YYAI.US,D,20220719,000000,1488000,1488000,1364000,1424000,0.0382255,0
YYAI.US,D,20220720,000000,1504000,1504000,1424160,1462720,0.029001250000000003,0
YYAI.US,D,20220721,000000,1447840,1494400,1408000,1474720,0.12761175,0
YYAI.US,D,20220722,000000,1488000,1533600,1392000,1479840,0.06840375,0
YYAI.US,D,20220725,000000,1539360,1539360,1400000,1440000,0.013061875,0
YYAI.US,D,20220726,000000,1480000,1480000,1376160,1408000,0.014640624999999999,0
YYAI.US,D,20220727,000000,1408000,1440000,1248160,1429600,0.02900625,0
YYAI.US,D,20220728,000000,1289920,1420000,1232000,1375840,0.08205425,0
YYAI.US,D,20220729,000000,1248000,1520000,1248000,1440000,0.17355425000000002,0
YYAI.US,D,20220801,000000,1520000,1728000,1392000,1441600,0.34650500000000006,0
YYAI.US,D,20220802,000000,1520000,2048000,1441600,1728000,0.9441525000000001,0
YYAI.US,D,20220803,000000,1792000,3104000,1776000,2336000,1.4238300000000002,0
YYAI.US,D,20220804,000000,2096000,2208000,1648000,1728000,0.2322805,0
YYAI.US,D,20220805,000000,1680000,2000000,1648000,1760000,0.14802500000000002,0
YYAI.US,D,20220808,000000,1792000,1904000,1568000,1599520,0.124735,0
YYAI.US,D,20220809,000000,1598400,1691680,1424000,1472320,0.06879425,0
YYAI.US,D,20220810,000000,1435680,1528000,1435680,1464000,0.0334605,0
YYAI.US,D,20220811,000000,1488000,1488000,1376000,1409280,0.0387875,0
YYAI.US,D,20220812,000000,1437600,1521280,1416000,1489600,0.03263125,0
YYAI.US,D,20220815,000000,1489600,1519520,1437924,1516000,0.010406875000000001,0
YYAI.US,D,20220816,000000,1503840,1568000,1401600,1567840,0.0531875,0
YYAI.US,D,20220817,000000,1551680,1567680,1456000,1504000,0.018678125,0
YYAI.US,D,20220818,000000,1567840,1567840,1473760,1544160,0.02663925,0
YYAI.US,D,20220819,000000,1504016,1540000,1452640,1499680,0.042765500000000005,0
YYAI.US,D,20220822,000000,1458400,1520000,1441600,1505920,0.05323925000000001,0
YYAI.US,D,20220823,000000,1488000,1695840,1480160,1600000,0.059464249999999996,0
YYAI.US,D,20220824,000000,1520160,1631840,1520000,1596000,0.014332500000000001,0
YYAI.US,D,20220825,000000,1600160,1664000,1536000,1616000,0.094228,0
YYAI.US,D,20220826,000000,1593600,1632000,1488000,1542400,0.0660425,0
YYAI.US,D,20220829,000000,1520000,1559840,1472000,1473760,0.020653125,0
YYAI.US,D,20220830,000000,1473600,1473600,1224080,1360160,0.1385525,0
YYAI.US,D,20220831,000000,1296160,1440000,1296160,1396320,0.02860125,0
YYAI.US,D,20220901,000000,1422080,1456000,1322560,1438720,0.01564875,0
YYAI.US,D,20220902,000000,1503840,1504000,1410560,1480320,0.007631225,0
YYAI.US,D,20220906,000000,1560000,1560000,1408960,1528640,0.01821375,0
YYAI.US,D,20220907,000000,1568000,1568000,1248000,1292800,0.09806675000000001,0
YYAI.US,D,20220908,000000,1264160,1351360,1216000,1327840,0.03433375,0
YYAI.US,D,20220909,000000,1327840,1327840,1148000,1182400,0.0763105,0
YYAI.US,D,20220912,000000,1224000,1224000,1088000,1167680,0.04645925000000001,0
YYAI.US,D,20220913,000000,1168000,1168000,1061760,1151840,0.0388785,0
YYAI.US,D,20220914,000000,1094080,1119680,1040000,1118720,0.021895,0
YYAI.US,D,20220915,000000,1118720,1118720,1040480,1072480,0.03476375,0
YYAI.US,D,20220916,000000,1064320,1092320,992000,992000,0.04638175,0
YYAI.US,D,20220919,000000,936320,1176000,656000,744160,0.1842625,0
YYAI.US,D,20220920,000000,800000,832000,766400,766400,0.065233,0
YYAI.US,D,20220921,000000,768000,856160,752000,752000,0.014843124999999999,0
YYAI.US,D,20220922,000000,752000,912000,752000,777280,0.07577125000000001,0
YYAI.US,D,20220923,000000,848000,848000,672000,672000,0.030531750000000003,0
YYAI.US,D,20220926,000000,710056,714080,664000,664000,0.011963125,0
YYAI.US,D,20220927,000000,672000,689440,576160,624000,0.039330500000000004,0
YYAI.US,D,20220928,000000,580640,768000,580640,688000,0.046918,0
YYAI.US,D,20220929,000000,576000,840000,552000,592000,0.33028,0
YYAI.US,D,20220930,000000,656000,728080,534452,544000,0.11098250000000001,0
YYAI.US,D,20221003,000000,528000,572256,464160,464160,0.15569,0
YYAI.US,D,20221004,000000,876000,1280000,688800,752000,16.781000000000002,0
YYAI.US,D,20221005,000000,608000,808000,563200,624000,0.7312400000000001,0
YYAI.US,D,20221006,000000,718880,736000,580800,581280,0.27771,0
YYAI.US,D,20221007,000000,603200,624724,455840,512000,0.30670000000000003,0
YYAI.US,D,20221010,000000,499200,501920,433120,462400,0.1944925,0
YYAI.US,D,20221011,000000,517440,517440,400000,424000,0.2284355,0
YYAI.US,D,20221012,000000,416000,432000,336800,389920,0.15911875,0
YYAI.US,D,20221013,000000,400000,400160,353600,369600,0.25282,0
YYAI.US,D,20221014,000000,584160,608160,419280,432480,4.242075,0
YYAI.US,D,20221017,000000,446560,480000,400000,435040,0.4710825,0
YYAI.US,D,20221018,000000,422400,462240,376000,433120,0.24165675000000003,0
YYAI.US,D,20221019,000000,442720,462080,352000,385440,0.152308,0
YYAI.US,D,20221020,000000,381440,431840,369600,403200,0.21335674999999998,0
YYAI.US,D,20221021,000000,403200,423840,368480,400000,0.09689425000000002,0
YYAI.US,D,20221024,000000,388800,423840,380960,400000,0.06089750000000001,0
YYAI.US,D,20221025,000000,370880,415680,361760,383040,0.07870125,0
YYAI.US,D,20221026,000000,397760,407840,368802,398080,0.12868375,0
YYAI.US,D,20221027,000000,388640,431824,384960,423040,0.14930425,0
YYAI.US,D,20221028,000000,380800,426720,380000,412160,0.028782500000000003,0
YYAI.US,D,20221031,000000,400000,432000,369280,416160,0.11242125000000001,0
YYAI.US,D,20221101,000000,416000,433600,384160,424000,0.0513525,0
YYAI.US,D,20221102,000000,404000,424000,388000,408000,0.044358,0
YYAI.US,D,20221103,000000,400000,416000,368160,399680,0.03566375,0
YYAI.US,D,20221104,000000,376000,390240,361440,384000,0.04546175,0
YYAI.US,D,20221107,000000,368160,399840,347200,384000,0.156843,0
YYAI.US,D,20221108,000000,374400,383840,347200,347680,0.038255000000000004,0
YYAI.US,D,20221109,000000,347200,347520,292160,304000,0.13377175,0
YYAI.US,D,20221110,000000,304000,378080,304000,363840,0.03755,0
YYAI.US,D,20221111,000000,328160,351840,307200,336800,0.0456325,0
YYAI.US,D,20221114,000000,304000,350560,299200,331462,0.08643675,0
YYAI.US,D,20221115,000000,333120,360960,312000,336000,0.054311750000000006,0
YYAI.US,D,20221116,000000,351678,351678,296960,312160,0.0842355,0
YYAI.US,D,20221117,000000,316800,332320,299520,312800,0.04274875,0
YYAI.US,D,20221118,000000,308960,323040,307840,309280,0.016483750000000002,0
YYAI.US,D,20221121,000000,309280,326560,309280,309600,0.03258875,0
YYAI.US,D,20221122,000000,316800,335840,296160,307840,0.08300550000000001,0
YYAI.US,D,20221123,000000,317600,328640,288000,308320,0.22968125000000003,0
YYAI.US,D,20221125,000000,319200,367680,296160,360000,0.15578425,0
YYAI.US,D,20221128,000000,349120,415840,320000,399518,0.261545,0
YYAI.US,D,20221129,000000,448000,448000,369600,381000,0.8197925,0
YYAI.US,D,20221130,000000,367200,396160,339200,368000,0.16290875000000002,0
YYAI.US,D,20221201,000000,356960,395200,336000,375984,0.11215175,0
YYAI.US,D,20221202,000000,368000,376000,321280,345600,0.03681175,0
YYAI.US,D,20221205,000000,352000,361520,336000,355360,0.025500000000000002,0
YYAI.US,D,20221206,000000,368000,368960,304000,321760,0.07702875,0
YYAI.US,D,20221207,000000,321760,344000,288000,315840,0.13094550000000002,0
YYAI.US,D,20221208,000000,274720,320000,274720,289600,0.01637125,0
YYAI.US,D,20221209,000000,304000,304000,257600,259840,0.07106175,0
YYAI.US,D,20221212,000000,315520,904960,260000,408480,15.486675,0
YYAI.US,D,20221213,000000,321920,391840,283360,318400,2.1853100000000003,0
YYAI.US,D,20221214,000000,316800,448000,291040,381440,2.5504000000000002,0
YYAI.US,D,20221215,000000,361760,384000,304000,318400,0.4420075,0
YYAI.US,D,20221216,000000,320000,400000,320000,349280,0.3326825,0
YYAI.US,D,20221219,000000,338880,338880,300800,301120,0.161713,0
YYAI.US,D,20221220,000000,319200,324160,273600,296000,0.18332675,0
YYAI.US,D,20221221,000000,327520,352000,288000,332800,0.18176875,0
YYAI.US,D,20221222,000000,322880,456000,308800,414056,0.8657425000000001,0
YYAI.US,D,20221223,000000,376800,448000,352000,400000,0.41293749999999996,0
YYAI.US,D,20221227,000000,400000,608000,372160,400000,1.6090350000000002,0
YYAI.US,D,20221228,000000,391200,402400,352000,388800,0.14371175,0
YYAI.US,D,20221229,000000,400000,400000,353600,370720,0.0823525,0
YYAI.US,D,20221230,000000,353600,400000,353600,374400,0.13706925,0
YYAI.US,D,20230103,000000,400000,400000,352000,352800,0.09648875000000001,0
YYAI.US,D,20230104,000000,353760,448000,353760,400160,0.43816750000000004,0
YYAI.US,D,20230105,000000,398400,405600,376960,388160,0.0465375,0
YYAI.US,D,20230106,000000,378400,400640,337760,353600,0.11310125,0
YYAI.US,D,20230109,000000,368000,424000,353760,384000,0.27022,0
YYAI.US,D,20230110,000000,368640,448000,368640,408000,0.31600000000000006,0
YYAI.US,D,20230111,000000,395680,415840,355520,396640,0.14548425,0
YYAI.US,D,20230112,000000,384800,396000,369920,372160,0.07048675,0
YYAI.US,D,20230113,000000,400000,400000,356480,362240,0.08060300000000001,0
YYAI.US,D,20230117,000000,368000,398240,362400,368000,0.22188875000000002,0
YYAI.US,D,20230118,000000,370560,382400,360000,362400,0.12329000000000001,0
YYAI.US,D,20230119,000000,363200,482848,356640,446000,1.2164375,0
YYAI.US,D,20230120,000000,435200,448000,384000,416000,0.25892,0
YYAI.US,D,20230123,000000,421920,438240,392160,420800,0.11372925,0
YYAI.US,D,20230124,000000,400000,463840,400000,431840,0.139028,0
YYAI.US,D,20230125,000000,418880,480000,400000,462240,0.16052500000000003,0
YYAI.US,D,20230126,000000,456000,830240,448000,489600,7.798950000000001,0
YYAI.US,D,20230127,000000,455040,616000,432000,467360,0.6878850000000001,0
YYAI.US,D,20230130,000000,513280,513280,400000,452960,0.6950025000000001,0
YYAI.US,D,20230131,000000,439360,512000,426720,492800,0.327755,0
YYAI.US,D,20230201,000000,529440,641440,464000,520000,1.0532299999999999,0
YYAI.US,D,20230202,000000,496000,518720,464160,496000,0.22658550000000002,0
YYAI.US,D,20230203,000000,557760,558400,468800,486560,0.355225,0
YYAI.US,D,20230206,000000,488000,516800,479360,493600,0.13336925,0
YYAI.US,D,20230207,000000,478720,496000,464000,486400,0.15154375,0
YYAI.US,D,20230208,000000,466080,494400,464000,473440,0.05941925000000001,0
YYAI.US,D,20230209,000000,488000,528000,448160,480000,0.20430375,0
YYAI.US,D,20230210,000000,465600,465600,401760,427040,0.11758175,0
YYAI.US,D,20230213,000000,414240,424000,368000,372000,0.16811675,0
YYAI.US,D,20230214,000000,384000,398238,324480,336000,0.19683375000000003,0
YYAI.US,D,20230215,000000,335680,396000,335680,376000,0.15857100000000002,0
YYAI.US,D,20230216,000000,328000,392000,328000,381920,0.0902125,0
YYAI.US,D,20230217,000000,352000,392000,344000,386720,0.192338,0
YYAI.US,D,20230221,000000,375040,375040,328000,372638,0.3686425,0
YYAI.US,D,20230222,000000,351360,368000,260960,262240,1.09563,0
YYAI.US,D,20230223,000000,246880,260798,216000,224000,0.4402875,0
YYAI.US,D,20230224,000000,217280,544000,216162,334720,7.3905,0
YYAI.US,D,20230227,000000,289760,348800,256000,270400,0.5932975,0
YYAI.US,D,20230228,000000,279680,449600,256160,287520,1.9847650000000003,0
YYAI.US,D,20230301,000000,272000,366240,272000,303200,0.49596250000000003,0
YYAI.US,D,20230302,000000,304000,320000,276000,304000,0.20612625000000004,0
YYAI.US,D,20230303,000000,272000,302240,272000,299200,0.187635,0
YYAI.US,D,20230306,000000,290240,319840,288000,296640,0.055743,0
YYAI.US,D,20230307,000000,304000,304000,264160,275200,0.11199300000000001,0
YYAI.US,D,20230308,000000,272000,280000,270400,271840,0.053444250000000006,0
YYAI.US,D,20230309,000000,271840,275840,257600,257600,0.12605,0
YYAI.US,D,20230310,000000,256640,299040,256160,264800,0.05750625000000001,0
YYAI.US,D,20230313,000000,267200,271838,248000,260160,0.056696250000000004,0
YYAI.US,D,20230314,000000,272000,288000,257280,260800,0.02435625,0
YYAI.US,D,20230315,000000,260800,263040,227040,256000,0.07224875,0
YYAI.US,D,20230316,000000,256000,269120,243200,256000,0.018978750000000003,0
YYAI.US,D,20230317,000000,255840,267200,235040,267200,0.0187625,0
YYAI.US,D,20230320,000000,255840,300640,235040,288000,0.3979275,0
YYAI.US,D,20230321,000000,279360,300640,264160,276800,0.02841125,0
YYAI.US,D,20230322,000000,288000,288000,249600,279840,0.056358750000000006,0
YYAI.US,D,20230323,000000,261760,279680,252160,270560,0.028679250000000003,0
YYAI.US,D,20230324,000000,275040,275040,243200,270400,0.02593175,0
YYAI.US,D,20230327,000000,251040,267040,243200,246400,0.054809250000000004,0
YYAI.US,D,20230328,000000,240000,259200,240000,256000,0.021460000000000003,0
YYAI.US,D,20230329,000000,242560,256000,242560,248800,0.026660000000000003,0
YYAI.US,D,20230330,000000,243200,251200,235200,244800,0.03889175,0
YYAI.US,D,20230331,000000,244960,250080,227200,240800,0.025545,0
YYAI.US,D,20230403,000000,228960,244640,228960,232640,0.0231875,0
YYAI.US,D,20230404,000000,227200,243200,227200,232000,0.08542375,0
YYAI.US,D,20230405,000000,227200,266880,227200,256000,0.04875675,0
YYAI.US,D,20230406,000000,235200,477760,235040,256960,2.54835,0
YYAI.US,D,20230410,000000,228960,314320,227200,267520,0.5847125000000001,0
YYAI.US,D,20230411,000000,264000,264000,236800,240960,0.0853255,0
YYAI.US,D,20230412,000000,241120,255840,230560,232480,0.07369750000000001,0
YYAI.US,D,20230413,000000,230400,249440,230400,232960,0.079335,0
YYAI.US,D,20230414,000000,235200,256000,226080,256000,0.07837250000000001,0
YYAI.US,D,20230417,000000,254080,352000,240000,258080,0.3764775,0
YYAI.US,D,20230418,000000,266080,444800,258240,315200,1.190185,0
YYAI.US,D,20230419,000000,305760,351840,270720,281600,0.17520000000000002,0
YYAI.US,D,20230420,000000,283200,308800,281600,294400,0.060334250000000006,0
YYAI.US,D,20230421,000000,289920,320162,247200,303680,0.13929750000000002,0
YYAI.US,D,20230424,000000,273440,288000,265600,272160,0.133278,0
YYAI.US,D,20230425,000000,256000,268000,256000,257760,0.009237500000000001,0
YYAI.US,D,20230426,000000,260800,560000,248000,266880,8.81275,0
YYAI.US,D,20230427,000000,253600,270400,240320,251362,0.4850675,0
YYAI.US,D,20230428,000000,243840,304000,240960,273600,0.7785575,0
YYAI.US,D,20230501,000000,281440,281440,234400,238400,0.2677675,0
YYAI.US,D,20230502,000000,240000,270080,238080,270080,0.17093250000000001,0
YYAI.US,D,20230503,000000,267200,336000,259200,274960,0.3924025,0
YYAI.US,D,20230504,000000,266720,286080,260800,269600,0.11754675000000002,0
YYAI.US,D,20230505,000000,265600,317760,257280,298078,0.257965,0
YYAI.US,D,20230508,000000,259520,336000,241920,296000,1.1487925,0
YYAI.US,D,20230509,000000,287680,323200,272160,296160,0.37151,0
YYAI.US,D,20230510,000000,325920,460800,288480,333440,3.3156750000000006,0
YYAI.US,D,20230511,000000,304000,319840,291200,310720,0.18207925000000003,0
YYAI.US,D,20230512,000000,315200,315200,296000,303200,0.08979000000000001,0
YYAI.US,D,20230515,000000,296000,302400,274080,292800,0.08809375000000001,0
YYAI.US,D,20230516,000000,279200,311840,279200,292320,0.0603405,0
YYAI.US,D,20230517,000000,292960,343678,281760,320000,0.3025725,0
YYAI.US,D,20230518,000000,310400,331520,304800,315200,0.098493,0
YYAI.US,D,20230519,000000,300800,327840,291200,294400,0.062295500000000004,0
YYAI.US,D,20230522,000000,296000,332800,295200,327040,0.05717925000000001,0
YYAI.US,D,20230523,000000,326400,336800,322722,331840,0.056952499999999996,0
YYAI.US,D,20230524,000000,321440,383360,313208,367338,0.21416925,0
YYAI.US,D,20230525,000000,356960,367840,278400,323040,0.12193050000000001,0
YYAI.US,D,20230526,000000,312320,322720,296000,303200,0.047235,0
YYAI.US,D,20230530,000000,288000,344000,272000,302720,0.266985,0
YYAI.US,D,20230531,000000,297312,312480,249600,263680,0.2870725,0
YYAI.US,D,20230601,000000,256000,267040,224000,253280,0.188723,0
YYAI.US,D,20230602,000000,254400,264000,236960,249466,0.12818675,0
YYAI.US,D,20230605,000000,255680,265600,240960,265440,0.04512175,0
YYAI.US,D,20230606,000000,271678,271678,252640,252800,0.03218175,0
YYAI.US,D,20230607,000000,256000,438400,242560,264000,3.605325,0
YYAI.US,D,20230608,000000,256000,311520,241762,268160,0.29940500000000003,0
YYAI.US,D,20230609,000000,257120,296000,254400,267040,0.2142625,0
YYAI.US,D,20230612,000000,269760,271680,248480,257920,0.1811305,0
YYAI.US,D,20230613,000000,256000,269440,256000,265280,0.14308425,0
YYAI.US,D,20230614,000000,264000,287840,264000,265280,0.18100375000000002,0
YYAI.US,D,20230615,000000,268000,279680,256480,263680,0.121838,0
YYAI.US,D,20230616,000000,269760,352000,257280,288000,1.118705,0
YYAI.US,D,20230620,000000,292000,320000,280000,310400,0.2846175,0
YYAI.US,D,20230621,000000,301120,334400,272160,306720,0.16631425,0
YYAI.US,D,20230622,000000,318240,344000,288000,326000,0.2097155,0
YYAI.US,D,20230623,000000,313600,416000,291360,319680,1.4127150000000002,0
YYAI.US,D,20230626,000000,308482,335520,289760,334720,0.28548,0
YYAI.US,D,20230627,000000,324640,384000,300800,383038,0.33486750000000004,0
YYAI.US,D,20230628,000000,373120,382400,330080,336160,0.274355,0
YYAI.US,D,20230629,000000,337760,404800,320000,373120,0.3173475,0
YYAI.US,D,20230630,000000,375360,384000,352960,353600,0.1525105,0
YYAI.US,D,20230703,000000,355200,432000,344000,425600,0.9015650000000002,0
YYAI.US,D,20230705,000000,453280,453280,313600,335840,0.7050125,0
YYAI.US,D,20230706,000000,334400,335680,300800,305120,0.1087025,0
YYAI.US,D,20230707,000000,309600,318400,296000,304800,0.1223125,0
YYAI.US,D,20230710,000000,304000,328000,300800,315840,0.07620175000000001,0
YYAI.US,D,20230711,000000,315680,335838,299360,300800,0.11006800000000001,0
YYAI.US,D,20230712,000000,300800,319840,288000,304000,0.34321250000000003,0
YYAI.US,D,20230713,000000,264960,314880,256160,277760,0.9782000000000001,0
YYAI.US,D,20230714,000000,256480,284800,256480,272000,0.52502,0
YYAI.US,D,20230717,000000,271040,271040,251200,255200,0.2170505,0
YYAI.US,D,20230718,000000,262400,268480,233600,251200,0.1761575,0
YYAI.US,D,20230719,000000,259200,261440,248000,255360,0.11798125,0
YYAI.US,D,20230720,000000,249600,259040,220160,240000,1.0711575,0
YYAI.US,D,20230721,000000,241280,246720,229600,232000,0.2046925,0
YYAI.US,D,20230724,000000,236480,246400,225760,234560,0.14249625,0
YYAI.US,D,20230725,000000,228800,251200,194080,224800,0.42231500000000005,0
YYAI.US,D,20230726,000000,218080,234880,200000,216000,0.4931825,0
YYAI.US,D,20230727,000000,216160,223840,189920,201760,0.2564425,0
YYAI.US,D,20230728,000000,207680,235040,202560,208000,0.5951125,0
YYAI.US,D,20230731,000000,262880,267520,206400,212640,14.876650000000001,0
YYAI.US,D,20230801,000000,222400,222400,160000,168000,2.4554875000000003,0
YYAI.US,D,20230802,000000,168000,312000,160000,198400,14.24245,0
YYAI.US,D,20230803,000000,206400,238400,184320,190400,3.3733,0
YYAI.US,D,20230804,000000,188320,188480,180800,182560,0.5842425000000001,0
YYAI.US,D,20230807,000000,187200,192800,168000,184000,0.8138025000000001,0
YYAI.US,D,20230808,000000,176960,193600,164640,176000,0.72328,0
YYAI.US,D,20230809,000000,182400,197280,172640,197120,0.8472275,0
YYAI.US,D,20230810,000000,187200,208000,183840,202560,0.5550175,0
YYAI.US,D,20230811,000000,190400,201280,182560,198080,0.6119,0
YYAI.US,D,20230814,000000,203200,227680,192320,215360,1.8053975000000002,0
YYAI.US,D,20230815,000000,201600,222240,194240,201600,0.78334,0
YYAI.US,D,20230816,000000,204800,224000,168000,196800,4.6419,0
YYAI.US,D,20230817,000000,198880,215200,179200,200000,3.9840750000000003,0
YYAI.US,D,20230818,000000,192000,198400,177600,181120,0.5247499999999999,0
YYAI.US,D,20230821,000000,175680,181600,164800,174400,0.55423,0
YYAI.US,D,20230822,000000,174400,176000,100800,130080,2.4199975,0
YYAI.US,D,20230823,000000,133280,134400,112160,133440,1.057785,0
YYAI.US,D,20230824,000000,129440,147200,129440,140800,0.4109475,0
YYAI.US,D,20230825,000000,137600,148800,131200,139682,0.347395,0
YYAI.US,D,20230828,000000,136000,147040,119680,144638,0.5689475,0
YYAI.US,D,20230829,000000,153280,158400,138400,155680,0.46967749999999997,0
YYAI.US,D,20230830,000000,152000,164000,144960,152960,0.23082225,0
YYAI.US,D,20230831,000000,153120,158400,145762,156000,0.24694300000000002,0
YYAI.US,D,20230901,000000,144000,155680,139200,151840,0.31531750000000003,0
YYAI.US,D,20230905,000000,150400,151840,136000,150400,0.2547325,0
YYAI.US,D,20230906,000000,148320,150240,139200,142880,0.5219075000000001,0
YYAI.US,D,20230907,000000,139840,143840,139200,143520,0.12719925,0
YYAI.US,D,20230908,000000,152000,152000,137600,147200,0.330665,0
YYAI.US,D,20230911,000000,139680,151838,139360,150400,0.170688,0
YYAI.US,D,20230912,000000,152000,152000,140800,144000,0.321005,0
YYAI.US,D,20230913,000000,140480,187680,140480,156960,7.762050000000001,0
YYAI.US,D,20230914,000000,148320,167360,148320,161600,2.77965,0
YYAI.US,D,20230915,000000,189600,189600,128960,142400,14.600325000000002,0
YYAI.US,D,20230918,000000,130880,142240,117280,121120,7.568175,0
YYAI.US,D,20230919,000000,225600,428000,201600,315040,281.615,0
YYAI.US,D,20230920,000000,208000,228318,184000,213120,16.337825000000002,0
YYAI.US,D,20230921,000000,198400,343200,193600,250400,31.531750000000002,0
YYAI.US,D,20230922,000000,217760,294400,195200,211360,13.910400000000003,0
YYAI.US,D,20230925,000000,160000,197524,152000,153600,8.75165,0
YYAI.US,D,20230926,000000,156000,160000,124400,138880,8.2196,0
YYAI.US,D,20230927,000000,151600,178800,140000,143600,32.89725000000001,0
YYAI.US,D,20230928,000000,144400,163200,139600,142400,14.21445,0
YYAI.US,D,20230929,000000,131600,136800,120400,126000,4.010125,0
YYAI.US,D,20231002,000000,124400,139200,121600,125600,2.6126000000000005,0
YYAI.US,D,20231003,000000,124400,225600,124400,156400,273.745,0
YYAI.US,D,20231004,000000,144400,160000,126000,138000,9.48005,0
YYAI.US,D,20231005,000000,130800,139200,115276,117600,7.979825,0
YYAI.US,D,20231006,000000,111600,114000,86000,86800,14.343175,0
YYAI.US,D,20231009,000000,90000,91600,76800,79200,4.28,0
YYAI.US,D,20231010,000000,79600,86996,72000,77200,5.752375000000001,0
YYAI.US,D,20231011,000000,78800,84800,70000,75000,32.291500000000006,0
YYAI.US,D,20231012,000000,72400,83996,72000,73200,7.609350000000001,0
YYAI.US,D,20231013,000000,73600,81160,66000,71600,6.026050000000001,0
YYAI.US,D,20231016,000000,70400,72564,64000,65200,4.903875,0
YYAI.US,D,20231017,000000,74000,87600,66400,67600,79.08475,0
YYAI.US,D,20231018,000000,73200,83200,54040,57600,219.22199999999998,0
YYAI.US,D,20231019,000000,53600,56400,44000,49200,21.226300000000002,0
YYAI.US,D,20231020,000000,44800,60400,40400,57600,57.3785,0
YYAI.US,D,20231023,000000,53600,54400,48800,50800,23.17,0
YYAI.US,D,20231024,000000,50400,52400,45200,50800,13.20975,0
YYAI.US,D,20231025,000000,44800,49200,42800,44400,10.413125,0
YYAI.US,D,20231026,000000,44000,48800,42400,44800,14.1748,0
YYAI.US,D,20231027,000000,44800,44800,40800,42400,5.8745,0
YYAI.US,D,20231030,000000,41600,42400,36000,37852,7.7928,0
YYAI.US,D,20231031,000000,38000,38000,32800,34168,5.990175000000001,0
YYAI.US,D,20231101,000000,34256,35120,30124,32864,10.205425,0
YYAI.US,D,20231102,000000,33440,37600,30400,30800,16.523825,0
YYAI.US,D,20231103,000000,30480,31200,28120,28440,10.9486,0
YYAI.US,D,20231106,000000,28788,29820,25252,26736,8.58585,0
YYAI.US,D,20231107,000000,27656,32888,25560,25564,44.36600000000001,0
YYAI.US,D,20231108,000000,26000,28316,24120,24560,11.270275,0
YYAI.US,D,20231109,000000,25200,25240,20460,22760,9.72235,0
YYAI.US,D,20231110,000000,22076,22076,17208,20196,7.380400000000001,0
YYAI.US,D,20231113,000000,21012,21992,20232,20600,4.896975,0
YYAI.US,D,20231114,000000,20632,21772,19200,19596,5.39015,0
YYAI.US,D,20231115,000000,20216,20800,18012,19460,3.1581,0
YYAI.US,D,20231116,000000,19508,21600,18800.4,20200,5.036225000000001,0
YYAI.US,D,20231117,000000,19760,23600,19760,20400,13.1332,0
YYAI.US,D,20231120,000000,20360,21500,18020,18404,7.6811750000000005,0
YYAI.US,D,20231121,000000,18288,18403.7,16080,16888,6.045100000000001,0
YYAI.US,D,20231122,000000,16380,17600,16380,16600,2.9201750000000004,0
YYAI.US,D,20231124,000000,17544,17992,16080,16400,2.732375,0
YYAI.US,D,20231127,000000,17136,20400,14700,15620,71.97325,0
YYAI.US,D,20231128,000000,14000,15152,12800,14868,17.369575,0
YYAI.US,D,20231129,000000,14400,14796,13252,13760,113.86700000000002,0
YYAI.US,D,20231130,000000,16800,19960,14400,14800,383.15000000000003,0
YYAI.US,D,20231201,000000,12384,13600,11652,12612,30.647000000000006,0
YYAI.US,D,20231204,000000,12612,13800,11616,12560,20.390525,0
YYAI.US,D,20231205,000000,12184,12400,11160,12240,16.093725000000003,0
YYAI.US,D,20231206,000000,11504,12416,11200,11760,8.840200000000001,0
YYAI.US,D,20231207,000000,11200,11760,9016,10360,18.131625,0
YYAI.US,D,20231208,000000,10048,10524,9200,10120,9.11185,0
YYAI.US,D,20231211,000000,10200,10400,8720,9160,11.175725,0
YYAI.US,D,20231212,000000,8900,10000,8800,9372,12.693275,0
YYAI.US,D,20231213,000000,9708,9800,8560,8800,6.89815,0
YYAI.US,D,20231214,000000,10804,11600,7440,8640,371.345,0
YYAI.US,D,20231215,000000,7800,9600,7600,7860,36.92075,0
YYAI.US,D,20231218,000000,8000,8640,7828,7876,25.027500000000003,0
YYAI.US,D,20231219,000000,8000,8320,7552,7980,14.793425,0
YYAI.US,D,20231220,000000,8240,8984,7760,8944,36.2475,0
YYAI.US,D,20231221,000000,8720,10568,6743.96,6800,173.56025,0
YYAI.US,D,20231222,000000,7548,7548,6680,7000,62.190250000000006,0
YYAI.US,D,20231226,000000,9996,10400,7548,8440,585.0575,0
YYAI.US,D,20231227,000000,7520,8376,7520,7784,88.248,0
YYAI.US,D,20231228,000000,7580,8084,7448,7880,35.291250000000005,0
YYAI.US,D,20231229,000000,9200,10656,8064,8132,380.9275,0
YYAI.US,D,20240102,000000,8136,8400,7800,8160,30.9835,0
YYAI.US,D,20240103,000000,7984,8316,7640,8004.04,21.201525000000004,0
YYAI.US,D,20240104,000000,8104,8964,7644,8880,44.79925,0
YYAI.US,D,20240105,000000,8000,8600,7920,8400,142.14175,0
YYAI.US,D,20240108,000000,7740,8944,7692,8560,32.3735,0
YYAI.US,D,20240109,000000,8400,8560,8144,8456,13.733225,0
YYAI.US,D,20240110,000000,8040,9360,8040,8808,31.198750000000004,0
YYAI.US,D,20240111,000000,8760,10076,8400,9004,59.62100000000001,0
YYAI.US,D,20240112,000000,9292,9400,8664,8684,19.77525,0
YYAI.US,D,20240116,000000,8400,8660,7456,7960,21.575825000000002,0
YYAI.US,D,20240117,000000,7920,8200,7440,8004,31.732,0
YYAI.US,D,20240118,000000,7800,8072,7200,7408,13.975450000000002,0
YYAI.US,D,20240119,000000,7440,7920,7204,7480,8.6225,0
YYAI.US,D,20240122,000000,7520,7960,7032,7172,10.270850000000001,0
YYAI.US,D,20240123,000000,7480,7800,7080,7200,10.76045,0
YYAI.US,D,20240124,000000,7480,7480,6604,6800,16.340625,0
YYAI.US,D,20240125,000000,6800,6960,5780,6360,27.017250000000004,0
YYAI.US,D,20240126,000000,6480,6480,5804,6180,20.335400000000003,0
YYAI.US,D,20240129,000000,8800,12600,7200,8880,3098.7000000000003,0
YYAI.US,D,20240130,000000,7400,8712,7264,7952,180.64200000000002,0
YYAI.US,D,20240131,000000,15044,29400,13404,16000,5904.05,0
YYAI.US,D,20240201,000000,15580,18048,12660,16288,624.2825,0
YYAI.US,D,20240202,000000,16020,16280,13208,14392,120.0705,0
YYAI.US,D,20240205,000000,14360,14360,11200,11832,75.8925,0
YYAI.US,D,20240206,000000,12800,12800,10060,10512,54.0015,0
YYAI.US,D,20240207,000000,10000,11600,9336,11008,59.02725000000001,0
YYAI.US,D,20240208,000000,10364,10604,9660,10180,39.31025,0
YYAI.US,D,20240209,000000,9908,21200,9908,12932,1274.2825000000003,0
YYAI.US,D,20240212,000000,13952,15076,11200,12392,290.15500000000003,0
YYAI.US,D,20240213,000000,11244,12264,10848,12116,65.3515,0
YYAI.US,D,20240214,000000,11952,12480,11544,12400,46.487,0
YYAI.US,D,20240215,000000,11828,12360,11300,12120,37.86875,0
YYAI.US,D,20240216,000000,11844,13036,11748,12400,63.11775,0
YYAI.US,D,20240220,000000,12044,14200,12032,13312,77.34100000000001,0
YYAI.US,D,20240221,000000,13232,13540,12000,12716,35.763,0
YYAI.US,D,20240222,000000,11964,12400,9960,9964,69.83825,0
YYAI.US,D,20240223,000000,10000,10000,7724,8416,100.71325000000002,0
YYAI.US,D,20240226,000000,9128,9568,8316.04,9460,29.7315,0
YYAI.US,D,20240227,000000,9200,9716,8692,9400,41.51650000000001,0
YYAI.US,D,20240228,000000,9724,12316,9600,10148,330.07750000000004,0
YYAI.US,D,20240229,000000,10760,12196,10412,12008,88.40275000000001,0
YYAI.US,D,20240301,000000,11960,12000,10620,11596,36.97525,0
YYAI.US,D,20240304,000000,11196,11992,9840,10592,84.5275,0
YYAI.US,D,20240305,000000,10284,10592,9108,9304,51.10775,0
YYAI.US,D,20240306,000000,9024,9944,8640,9080,25.754000000000005,0
YYAI.US,D,20240307,000000,8800,10264,8800,9672,37.80975,0
YYAI.US,D,20240308,000000,9588,10120,8800,9600,21.699575,0
YYAI.US,D,20240311,000000,9600,10760,9068,9216,36.60275,0
YYAI.US,D,20240312,000000,9400,9800,8840,9348,25.29475,0
YYAI.US,D,20240313,000000,9600,9844,9004,9072,22.95805,0
YYAI.US,D,20240314,000000,9080,9540,8776,8860,20.564075000000003,0
YYAI.US,D,20240315,000000,8844,9476,8752,9116,39.636750000000006,0
YYAI.US,D,20240318,000000,9032,11600,8876,9720,46.90225,0
YYAI.US,D,20240319,000000,9956,10710,9600,9680,36.26075,0
YYAI.US,D,20240320,000000,9740,11040,9670,10596,22.942375000000002,0
YYAI.US,D,20240321,000000,11600,11756,9660,10400,122.30799999999999,0
YYAI.US,D,20240322,000000,9200,10336,9200,9872,32.1875,0
YYAI.US,D,20240325,000000,9576,10400,9576,10008,42.7825,0
YYAI.US,D,20240326,000000,9880,10400,8612,8940,67.46525000000001,0
YYAI.US,D,20240327,000000,9080,9600,8720,9040,27.1205,0
YYAI.US,D,20240328,000000,8912,9596,8812,9224,16.459575,0
YYAI.US,D,20240401,000000,9268,10000,8400,8708,35.236250000000005,0
YYAI.US,D,20240402,000000,8812,9280,7600,8956,37.2835,0
YYAI.US,D,20240403,000000,8276,9288,8276,9288,13.186150000000001,0
YYAI.US,D,20240404,000000,9256,11004,8900,10800,48.69375,0
YYAI.US,D,20240405,000000,10236,12000,10220,11992,44.837250000000004,0
YYAI.US,D,20240408,000000,12400,17600,12180,16136,253.3575,0
YYAI.US,D,20240409,000000,17200,25320,17120,23964,528.8375,0
YYAI.US,D,20240410,000000,26240,32000,22092,31520,293.1375,0
YYAI.US,D,20240411,000000,33860,52000,30568,43200,406.01500000000004,0
YYAI.US,D,20240412,000000,40800,62800,37776,60000,421.945,0
YYAI.US,D,20240415,000000,64400,90400,57200,89600,260.875,0
YYAI.US,D,20240416,000000,95600,106000,61600,84000,358.14750000000004,0
YYAI.US,D,20240417,000000,70000,86000,66800,79600,63.54625,0
YYAI.US,D,20240418,000000,86400,88800,80800,83600,53.391,0
YYAI.US,D,20240419,000000,92400,93600,33280,35780,332.1625,0
YYAI.US,D,20240422,000000,26000,34476,25620,27912,127.97375,0
YYAI.US,D,20240423,000000,28048,30400,24000,29276,85.8965,0
YYAI.US,D,20240424,000000,29780,43200,29604,35360,208.95175,0
YYAI.US,D,20240425,000000,36800,39600,32224,33604,47.29925,0
YYAI.US,D,20240426,000000,32532,32532,28004,28848,30.828500000000005,0
YYAI.US,D,20240429,000000,29424,35960,29424,31000,15.398625000000003,0
YYAI.US,D,20240430,000000,31760,33400,28800,29988,23.756,0
YYAI.US,D,20240501,000000,30396,31592,28120,31152,30.518250000000002,0
YYAI.US,D,20240502,000000,31036,31160,28400,30232,20.74615,0
YYAI.US,D,20240503,000000,29976,30156,26096,27480,19.96995,0
YYAI.US,D,20240506,000000,27600,33996,27444,33924,20.735825000000002,0
YYAI.US,D,20240507,000000,33284,40000,30400,31200,32.681000000000004,0
YYAI.US,D,20240508,000000,34184,34184,31600,31600,6.415975,0
YYAI.US,D,20240509,000000,31600,31600,28000,30840,8.828149999999999,0
YYAI.US,D,20240510,000000,32000,32000,29040,29400,8.270000000000001,0
YYAI.US,D,20240513,000000,28800,31652,28000,29724,15.152950000000002,0
YYAI.US,D,20240514,000000,28840,30604,28800,29040,8.454175,0
YYAI.US,D,20240515,000000,29040,30984,28744,29652,9.156925,0
YYAI.US,D,20240516,000000,29132,33528,29132,33200,7.866375,0
YYAI.US,D,20240517,000000,32000,34000,31600,32772,14.18155,0
YYAI.US,D,20240520,000000,32064,33600,31800,32284,8.8201,0
YYAI.US,D,20240521,000000,30600,32000,30400,31092,3.6393500000000003,0
YYAI.US,D,20240522,000000,31800,31836,29200,29988,3.362025,0
YYAI.US,D,20240523,000000,31200,31200,29304,29472,3.973025,0
YYAI.US,D,20240524,000000,29600,30800,28828,29440,4.245375,0
YYAI.US,D,20240528,000000,31560,31560,29240,30292,4.2842,0
YYAI.US,D,20240529,000000,29456,30748,28804,29204,5.148125,0
YYAI.US,D,20240530,000000,29600,32400,29600,31980,11.011425000000001,0
YYAI.US,D,20240531,000000,31200,33844,31180,31772,9.789925,0
YYAI.US,D,20240603,000000,30000,32400,30000,32400,2.233025,0
YYAI.US,D,20240604,000000,32400,32400,29744,30824,8.208499999999999,0
YYAI.US,D,20240605,000000,30800,30800,29640,29720,2.121875,0
YYAI.US,D,20240606,000000,30184,30200,29600,30012,1.545875,0
YYAI.US,D,20240607,000000,30000,30200,28080,29612,10.433900000000001,0
YYAI.US,D,20240610,000000,29208,32800,28808,31120,6.4014500000000005,0
YYAI.US,D,20240611,000000,32000,32400,29604,30040,2.111225,0
YYAI.US,D,20240612,000000,30000,32148,29604,32148,5.280850000000001,0
YYAI.US,D,20240613,000000,31600,31600,27604,28960,9.215875,0
YYAI.US,D,20240614,000000,28912,28912,26044,26760,6.03015,0
YYAI.US,D,20240617,000000,27200,27200,17644,21792,35.27575,0
YYAI.US,D,20240618,000000,15492,21340,14164,16928,45.6155,0
YYAI.US,D,20240620,000000,19132,19400,16800,17112,13.804625,0
YYAI.US,D,20240621,000000,17800,18684,15820,16872,19.405150000000003,0
YYAI.US,D,20240624,000000,18360,21000,16480,19596,38.505250000000004,0
YYAI.US,D,20240625,000000,19120,19160,15264,15368,21.095650000000003,0
YYAI.US,D,20240626,000000,15524,17196,13200,16752,42.79175000000001,0
YYAI.US,D,20240627,000000,14340,17456,14340,17040,91.7655,0
YYAI.US,D,20240628,000000,17260,17620,15640,17200,58.09,0
YYAI.US,D,20240701,000000,16600,16960,14684.8,16860,32.495,0
YYAI.US,D,20240702,000000,17500,20180,16340,18680,45.349500000000006,0
YYAI.US,D,20240703,000000,19220,21500,19200,21000,38.102,0
YYAI.US,D,20240705,000000,21460,26780,21040.2,25700,86.0125,0
YYAI.US,D,20240708,000000,26120,29000,25664,29000,61.129999999999995,0
YYAI.US,D,20240709,000000,28540,36820,28540,32600,99.808,0
YYAI.US,D,20240710,000000,32460,37199.8,31300,36000,173.285,0
YYAI.US,D,20240711,000000,37920,37920,33063,36400,99.89600000000002,0
YYAI.US,D,20240712,000000,35020,35354,31120,32920,62.298,0
YYAI.US,D,20240715,000000,32920,36559.8,32920,33620,36.544000000000004,0
YYAI.US,D,20240716,000000,33400,36600,32000,34260,65.414,0
YYAI.US,D,20240717,000000,34600,35925.2,31660,32920,34.7155,0
YYAI.US,D,20240718,000000,33060,34399.8,30000,31200,36.53,0
YYAI.US,D,20240719,000000,31980,31980,28960,30420,48.9915,0
YYAI.US,D,20240722,000000,29220,30099.8,22720,23900,42.6955,0
YYAI.US,D,20240723,000000,23280,27659.8,22820,25240,48.4485,0
YYAI.US,D,20240724,000000,24300,26400,23340,24080,46.786,0
YYAI.US,D,20240725,000000,24940,26040,21860,21940,25.929500000000004,0
YYAI.US,D,20240726,000000,21800,24760,21000,23880,50.8185,0
YYAI.US,D,20240729,000000,24340,29500,24020,28320,74.36200000000001,0
YYAI.US,D,20240730,000000,30260,32546.6,28600,31000,128.436,0
YYAI.US,D,20240731,000000,31460,33800,30420,32500,122.08250000000001,0
YYAI.US,D,20240801,000000,31020,32460,28600,30600,55.923,0
YYAI.US,D,20240802,000000,31720,33000,29640.8,32260,109.532,0
YYAI.US,D,20240805,000000,26460,29000,23220,27400,85.98500000000001,0
YYAI.US,D,20240806,000000,27020,29700,27020,27560,49.0565,0
YYAI.US,D,20240807,000000,27690,28180,25501.2,27220,38.927,0
YYAI.US,D,20240808,000000,27000,28179.8,26200,26200,25.761000000000003,0
YYAI.US,D,20240809,000000,27827,27999.8,25490,27160,64.8335,0
YYAI.US,D,20240812,000000,26600,27660,25280,25340,16.791999999999998,0
YYAI.US,D,20240813,000000,24680,25639.8,23300,25360,41.984500000000004,0
YYAI.US,D,20240814,000000,25200,25580,23028.6,23540,13.398500000000002,0
YYAI.US,D,20240815,000000,23020,24174,19680,20000,39.301,0
YYAI.US,D,20240816,000000,19720,19720,15000,15260,51.400000000000006,0
YYAI.US,D,20240819,000000,16160,19100,15602,17400,31.918000000000003,0
YYAI.US,D,20240820,000000,18000,18799.8,17519.8,17760,9.582500000000001,0
YYAI.US,D,20240821,000000,17421.6,17999.8,14160,15260,75.888,0
YYAI.US,D,20240822,000000,14880,15980,12160,14040,44.359,0
YYAI.US,D,20240823,000000,14780,16090,14204,14640,25.135,0
YYAI.US,D,20240826,000000,14520,15959.8,14391,15000,41.917,0
YYAI.US,D,20240827,000000,15280,15799.8,13623.4,14240,39.876000000000005,0
YYAI.US,D,20240828,000000,14220,14960,12720,13020,49.629000000000005,0
YYAI.US,D,20240829,000000,13620,13620,12400,12540,9.016,0
YYAI.US,D,20240830,000000,12900,12979.8,11160,12860,39.5,0
YYAI.US,D,20240903,000000,12900,13499.8,12200.2,12240,43.538000000000004,0
YYAI.US,D,20240904,000000,12540,12912.8,11320,11960,30.686500000000002,0
YYAI.US,D,20240905,000000,12360,12940,11950,12580,19.7375,0
YYAI.US,D,20240906,000000,12680,12877.6,12000,12200,13.9355,0
YYAI.US,D,20240909,000000,11880,13600,11880,13460,35.558,0
YYAI.US,D,20240910,000000,13960,14719.8,13300,14240,55.822500000000005,0
YYAI.US,D,20240911,000000,14480,15159.8,13140,13140,36.523,0
YYAI.US,D,20240912,000000,13220,13780,12360,13140,18.0075,0
YYAI.US,D,20240913,000000,12920,13879.8,12850.6,13639.8,12.963000000000001,0
YYAI.US,D,20240916,000000,14382.4,14499.8,13180,13220,10.5785,0
YYAI.US,D,20240917,000000,13640,13640,12620,12877.4,6.9319999999999995,0
YYAI.US,D,20240918,000000,12709.2,13620,12470,12980,10.761000000000001,0
YYAI.US,D,20240919,000000,13450.4,13498,12500,13102.8,7.782,0
YYAI.US,D,20240920,000000,13070,13619.8,12600,12600,13.133500000000002,0
YYAI.US,D,20240923,000000,13069.4,13079.8,12470,12699.8,8.210500000000001,0
YYAI.US,D,20240924,000000,12695.2,12994.4,12240.2,12400,14.799500000000002,0
YYAI.US,D,20240925,000000,12620,12859.8,11940,12240,41.9245,0
YYAI.US,D,20240926,000000,12579.8,14596.6,12400,13900,18.307,0
YYAI.US,D,20240927,000000,13400,15799.8,12824.4,15497,31.951,0
YYAI.US,D,20240930,000000,14980,18855.4,14980,18580,100.93450000000001,0
YYAI.US,D,20241001,000000,19040,20599.8,14700,15180,44.01650000000001,0
YYAI.US,D,20241002,000000,15340,16270.4,13560,14299.8,12.457,0
YYAI.US,D,20241003,000000,14300,15469.6,12460,13120,30.2195,0
YYAI.US,D,20241004,000000,13760,15000,13080,14840,42.919000000000004,0
YYAI.US,D,20241007,000000,17400,19700,16000.2,17600,323.50500000000005,0
YYAI.US,D,20241008,000000,17960,18999.8,16182.2,16760,44.059,0
YYAI.US,D,20241009,000000,16740,17220,15320,15920,18.603,0
YYAI.US,D,20241010,000000,16020,16680,11680,13960,220.30949999999999,0
YYAI.US,D,20241011,000000,13960,14200,12604.4,13460,30.823500000000003,0
YYAI.US,D,20241014,000000,13600,13740,11620,11980,41.215,0
YYAI.US,D,20241015,000000,12020,12404.4,7420,8220,198.4715,0
YYAI.US,D,20241016,000000,8280,12200,8280,11980,254.41250000000002,0
YYAI.US,D,20241017,000000,11800,13420,10220,11140,170.804,0
YYAI.US,D,20241018,000000,11500,11700,9820,10500,55.692,0
YYAI.US,D,20241021,000000,10500,11160,8420,9720,85.5625,0
YYAI.US,D,20241022,000000,9480,9960,8419.6,9520,25.5285,0
YYAI.US,D,20241023,000000,9520,9900,9060.2,9580,43.232,0
YYAI.US,D,20241024,000000,9536,9780,9260,9700,8.5435,0
YYAI.US,D,20241025,000000,9700,11760,9556.6,10720,48.2965,0
YYAI.US,D,20241028,000000,11000,11700,10240,11220,53.245000000000005,0
YYAI.US,D,20241029,000000,11000,12660,10204,11340,554.2125,0
YYAI.US,D,20241030,000000,11340,12299.8,6000,8500,478.01250000000005,0
YYAI.US,D,20241031,000000,8400,8600,6940,7480,171.2195,0
YYAI.US,D,20241101,000000,7480,9759.8,6060,7340,603.77,0
YYAI.US,D,20241104,000000,7380,9460,7042.4,9260,86.8035,0
YYAI.US,D,20241105,000000,9300,10200,9300,9780,45.8205,0
YYAI.US,D,20241106,000000,10260,10400,9440,10140,47.048,0
YYAI.US,D,20241107,000000,10140,10360,9000,9900,34.3885,0
YYAI.US,D,20241108,000000,10060,10260,9440,9900,25.9635,0
YYAI.US,D,20241111,000000,9980,9980,8060,9660,33.2425,0
YYAI.US,D,20241112,000000,9740,9980,9100,9960,43.648,0
YYAI.US,D,20241113,000000,9900,10300,9181.4,9740,19.6795,0
YYAI.US,D,20241114,000000,9720,10320,9300,10020,47.59100000000001,0
YYAI.US,D,20241115,000000,10300,10400,9668.4,10060,24.986500000000003,0
YYAI.US,D,20241118,000000,10200,10420,9520,9540,9.611,0
YYAI.US,D,20241119,000000,9360,10580,9360,10580,24.777500000000003,0
YYAI.US,D,20241120,000000,10320,10980,9540,10100,304.545,0
YYAI.US,D,20241121,000000,10040,10600,8820,9420,285.645,0
YYAI.US,D,20241122,000000,9420,9880,4861.6,7040,696.0975000000001,0
YYAI.US,D,20241125,000000,7140,7140,5020,5500,225.06300000000002,0
YYAI.US,D,20241126,000000,5540,5820,4140,4340,195.5825,0
YYAI.US,D,20241127,000000,4480,4940,2260,2780,1128.33,0
YYAI.US,D,20241129,000000,2860,3082,2140,2820,494.52250000000004,0
YYAI.US,D,20241202,000000,2920,3080,2740,2840,120.64949999999999,0
YYAI.US,D,20241203,000000,2800,2960.4,2680,2740,130.534,0
YYAI.US,D,20241204,000000,2660,2768.6,2400,2680,92.715,0
YYAI.US,D,20241205,000000,2700,2940,2460.2,2640,105.471,0
YYAI.US,D,20241206,000000,2660,2720,2360,2480,239.20050000000003,0
YYAI.US,D,20241209,000000,2480,2600,2340,2440,395.26250000000005,0
YYAI.US,D,20241210,000000,2580,2580,2220,2400,170.18150000000003,0
YYAI.US,D,20241211,000000,2320,2420,2240,2340,99.85750000000002,0
YYAI.US,D,20241212,000000,2340,2370.8,2058.6,2160,385.2875,0
YYAI.US,D,20241213,000000,2180,2180,1890.4,2160,98.07350000000001,0
YYAI.US,D,20241216,000000,2100,2200,2000,2040,81.0805,0
YYAI.US,D,20241217,000000,2200,2200,1940,2060,108.38550000000001,0
YYAI.US,D,20241218,000000,2080,2100,1980,2060,53.712,0
YYAI.US,D,20241219,000000,2060,2100,1760,1880,87.221,0
YYAI.US,D,20241220,000000,1876.8,2120,1820,2080,72.76,0
YYAI.US,D,20241223,000000,2100,2580,2100,2200,151.7115,0
YYAI.US,D,20241224,000000,2180,2450.8,2050,2315.4,68.618,0
YYAI.US,D,20241226,000000,2300,2400,2200,2300,30.105000000000004,0
YYAI.US,D,20241227,000000,2300,2400,2180,2380,29.910000000000004,0
YYAI.US,D,20241230,000000,2400,2440,2220,2420,58.07050000000001,0
YYAI.US,D,20241231,000000,2420,2540,2340,2480,44.496,0
YYAI.US,D,20250102,000000,2408.6,2600,2400,2540,37.673500000000004,0
YYAI.US,D,20250103,000000,2540,2660,2420,2580,56.3845,0
YYAI.US,D,20250106,000000,2680,3040,2529.8,2700,103.53900000000002,0
YYAI.US,D,20250107,000000,2760,2880,2520,2620,73.197,0
YYAI.US,D,20250108,000000,2660,2720,2520,2640,69.4185,0
YYAI.US,D,20250110,000000,2640,2660,2320,2620,42.6965,0
YYAI.US,D,20250113,000000,2640,2640,2440,2560,35.886,0
YYAI.US,D,20250114,000000,2520,3320,2380,2980,199.986,0
YYAI.US,D,20250115,000000,3300,3320,2340,2460,1042.0975,0
YYAI.US,D,20250116,000000,2420,2487.6,1642.2,2080,1115.7425,0
YYAI.US,D,20250117,000000,1980,2160,1619.6,1660,301.2375,0
YYAI.US,D,20250121,000000,1665.6,1800,1480,1540,125.31300000000002,0
YYAI.US,D,20250122,000000,1500,1530.6,1224,1259,204.59000000000003,0
YYAI.US,D,20250123,000000,1220,1309.8,1005,1040.6,268.7925,0
YYAI.US,D,20250124,000000,1058,1140,826.8,896,798.3075,0
YYAI.US,D,20250127,000000,850,1500,750.6,1200.2,10402.625,0
YYAI.US,D,20250128,000000,1016,1175.6,820.2,866.8,709.4250000000001,0
YYAI.US,D,20250129,000000,880,937.6,810,840.6,478.225,0
YYAI.US,D,20250130,000000,802,897.4,742.2,840,387.28000000000003,0
YYAI.US,D,20250131,000000,859.8,859.8,770,810,196.11700000000002,0
YYAI.US,D,20250203,000000,798,836.6,746,800,169.26800000000003,0
YYAI.US,D,20250204,000000,782,819.8,764,798.8,126.481,0
YYAI.US,D,20250205,000000,780,920,750,878,356.05,0
YYAI.US,D,20250206,000000,842,879.8,810,849.8,148.794,0
YYAI.US,D,20250207,000000,840,840,776,824,142.49800000000002,0
YYAI.US,D,20250210,000000,840,840,780,802.6,56.685500000000005,0
YYAI.US,D,20250211,000000,795.4,800,700.2,774,92.27250000000001,0
YYAI.US,D,20250212,000000,800,870,742.4,805,179.0475,0
YYAI.US,D,20250213,000000,782,853.6,760,832.2,152.002,0
YYAI.US,D,20250214,000000,868,940,850.2,898,193.556,0
YYAI.US,D,20250218,000000,960,1200,871.2,1147.4,980.7200000000001,0
YYAI.US,D,20250219,000000,1100,1199.8,964,1119.8,343.83000000000004,0
YYAI.US,D,20250220,000000,1148,1340,1060,1277.4,560.165,0
YYAI.US,D,20250221,000000,1278.2,1332,1100,1280.2,445.58500000000004,0
YYAI.US,D,20250224,000000,3760,3820,2020,2520,76106.85,0
YYAI.US,D,20250225,000000,1580,1697.8,1360.4,1362.2,3111.7250000000004,0
YYAI.US,D,20250226,000000,1400.2,1495.8,1202.6,1384,852.3100000000001,0
YYAI.US,D,20250227,000000,1340.2,1423.6,1100,1233.2,333.1625,0
YYAI.US,D,20250228,000000,1138,1333.8,1000,1320,459.80500000000006,0
YYAI.US,D,20250303,000000,1357.4,1357.4,1140,1266.8,203.122,0
YYAI.US,D,20250304,000000,1180,1380,1180,1340,195.27700000000002,0
YYAI.US,D,20250305,000000,1319.8,1640,1300,1638,388.145,0
YYAI.US,D,20250306,000000,1473.2,2060,1460.2,1920,526.9875000000001,0
YYAI.US,D,20250307,000000,2000,2079.4,1640,1644.4,256.4575,0
YYAI.US,D,20250310,000000,1604,1714.6,1329,1550.2,140.616,0
YYAI.US,D,20250311,000000,1503.4,1569,1400,1531.2,59.12350000000001,0
YYAI.US,D,20250312,000000,1540,1640.6,1440,1536.4,67.38,0
YYAI.US,D,20250313,000000,1483.2,1580,1460.2,1536,45.617000000000004,0
YYAI.US,D,20250314,000000,1520,1520,1352.2,1414,100.29400000000001,0
YYAI.US,D,20250317,000000,1371.6,1414,1303.6,1406.6,119.485,0
YYAI.US,D,20250318,000000,1464,1497,1360,1420,54.67250000000001,0
YYAI.US,D,20250319,000000,1433,1580,1420,1484.4,86.82350000000001,0
YYAI.US,D,20250320,000000,1483.8,1580,1460.2,1502,52.894000000000005,0
YYAI.US,D,20250321,000000,1556,1630,1500.2,1500.2,103.46900000000001,0
YYAI.US,D,20250324,000000,1575.8,1575.8,1402.8,1482.2,73.989,0
YYAI.US,D,20250325,000000,1430.6,1500,1350,1418,134.2775,0
YYAI.US,D,20250326,000000,1418,1560,1378,1550,177.99200000000002,0
YYAI.US,D,20250327,000000,1492.4,1870,1484,1806,229.63850000000002,0
YYAI.US,D,20250328,000000,1795,2160,1760,2060,413.47749999999996,0
YYAI.US,D,20250331,000000,1900,1959.8,1520.6,1662.2,203.437,0
YYAI.US,D,20250401,000000,1650,1710,1576,1678.8,52.21950000000001,0
YYAI.US,D,20250402,000000,1680,1680,1600.2,1629.8,199.949,0
YYAI.US,D,20250403,000000,1604,1637.8,1430,1620,95.08550000000001,0
YYAI.US,D,20250404,000000,1564.2,1564.2,1500,1500.2,37.077,0
YYAI.US,D,20250407,000000,1314,1500,1142.6,1450,180.305,0
YYAI.US,D,20250408,000000,1428,1520,1302.6,1320,84.42000000000002,0
YYAI.US,D,20250409,000000,1312.8,1450,1312.8,1420.2,47.234500000000004,0
YYAI.US,D,20250410,000000,1397.6,1440,1356,1402,48.578500000000005,0
YYAI.US,D,20250411,000000,1400,1480,1388.6,1441,109.35450000000002,0
YYAI.US,D,20250414,000000,1400,1800,1391.78,1584,114.78450000000001,0
YYAI.US,D,20250415,000000,1536.4,1710.6,1480.2,1528,98.2235,0
YYAI.US,D,20250416,000000,1528,1579.4,1400.6,1490,135.858,0
YYAI.US,D,20250417,000000,1445.4,1500,1426,1462.2,50.847500000000004,0
YYAI.US,D,20250421,000000,1454.4,1520,1404,1404.2,161.07500000000002,0
YYAI.US,D,20250422,000000,1480,1554.4,1404.4,1532,18.4495,0
YYAI.US,D,20250423,000000,1540,1598,1500,1597,17.953500000000002,0
YYAI.US,D,20250424,000000,1570.6,1680.6,1541,1677.8,68.904,0
YYAI.US,D,20250425,000000,1680.6,1994,1620,1915.2,307.32,0
YYAI.US,D,20250428,000000,1868.4,1920,1760,1900,101.86250000000001,0
YYAI.US,D,20250429,000000,1900,1960,1779,1784.6,27.581000000000003,0
YYAI.US,D,20250430,000000,1800,1890,1632.4,1814,43.384,0
YYAI.US,D,20250501,000000,1844.4,1860.6,1712.6,1760,23.287000000000003,0
YYAI.US,D,20250502,000000,1700,1765.2,1620,1684,44.683,0
YYAI.US,D,20250505,000000,1722,1820,1660.02,1700.39,23.21,0
YYAI.US,D,20250506,000000,1797.8,1797.8,1700.4,1700.6,10.56,0
YYAI.US,D,20250507,000000,1660,1684.4,1640,1650,23.6965,0
YYAI.US,D,20250508,000000,1880,2140,1692,2063.4,531.75,0
YYAI.US,D,20250509,000000,1980,1980,1740,1860,74.8125,0
YYAI.US,D,20250512,000000,1980,1980,1760,1760,82.765,0
YYAI.US,D,20250513,000000,1760,1836.2,1640,1718,74.47200000000001,0
YYAI.US,D,20250514,000000,1666.4,1806,1666.4,1778,35.1875,0
YYAI.US,D,20250515,000000,1708,1775,1670.2,1730,90.8895,0
YYAI.US,D,20250516,000000,1730.2,1865.2,1730.2,1821,78.3665,0
YYAI.US,D,20250519,000000,1821,1890,1800,1839.4,54.2795,0
YYAI.US,D,20250520,000000,1830,1896.8,1830,1870,56.237500000000004,0
YYAI.US,D,20250521,000000,1900,1900,1597.6,1600.2,428.3325,0
YYAI.US,D,20250522,000000,1600.2,1697,1501,1620,58.90650000000001,0
YYAI.US,D,20250523,000000,1571.4,1620,1520,1599,31.737000000000002,0
YYAI.US,D,20250527,000000,1641.4,1700,1611,1656,25.389,0
YYAI.US,D,20250528,000000,1602.2,1699.8,1602.2,1670,16.519000000000002,0
YYAI.US,D,20250529,000000,1652.8,1683,1605,1639.8,27.5645,0
YYAI.US,D,20250530,000000,1600,1660,1580,1580,29.366000000000003,0
YYAI.US,D,20250602,000000,1719.8,1719.8,1570,1570.2,17.6565,0
YYAI.US,D,20250603,000000,1547.4,1663.4,1547.4,1630,33.286,0
YYAI.US,D,20250604,000000,1600,1680,1600,1678,24.955000000000002,0
YYAI.US,D,20250605,000000,1602.6,1720,1602.6,1606,26.478500000000004,0
YYAI.US,D,20250606,000000,1640.2,1740,1640.2,1738,84.8805,0
YYAI.US,D,20250609,000000,1685.8,1840,1685.8,1700,21.064500000000002,0
YYAI.US,D,20250610,000000,1760,1880,1660,1880,91.6925,0
YYAI.US,D,20250611,000000,1860,2000,1782.35,1920,145.07750000000001,0
YYAI.US,D,20250612,000000,1897.6,2340,1880.2,2180,178.425,0
YYAI.US,D,20250613,000000,2040,2110,1782,1783,69.58,0
YYAI.US,D,20250616,000000,1760,1760,1700,1720,19.205000000000002,0
YYAI.US,D,20250617,000000,1740,1860,1706.6,1768.8,10.182500000000001,0
YYAI.US,D,20250618,000000,1769,2198.4,1700,1700.2,529.7025,0
YYAI.US,D,20250620,000000,1700,1700,1564,1595.4,115.6185,0
YYAI.US,D,20250623,000000,1560,1899.6,1500.2,1688,259.45500000000004,0
YYAI.US,D,20250624,000000,1688,1805.4,1688,1780,94.554,0
YYAI.US,D,20250625,000000,1746.6,1830.2,1712.2,1800,51.132000000000005,0
YYAI.US,D,20250626,000000,1760,1800,1720,1780,52.730999999999995,0
YYAI.US,D,20250627,000000,1779.8,1820,1722.2,1797.6,49.634,0
YYAI.US,D,20250630,000000,1750,1824.8,1750,1806,37.64,0
YYAI.US,D,20250701,000000,1792,1876.2,1760,1820,25.597,0
YYAI.US,D,20250702,000000,1840,1840,1748.2,1794.6,18.686000000000003,0
YYAI.US,D,20250703,000000,1740,1809.6,1710.6,1762,34.1025,0
YYAI.US,D,20250707,000000,1760,1900,1760,1800,101.046,0
YYAI.US,D,20250708,000000,1800.2,1900,1795.2,1820,72.628,0
YYAI.US,D,20250709,000000,1780,1980,1765.4,1921.4,72.9505,0
YYAI.US,D,20250710,000000,1973.8,2120,1840,2060,82.3515,0
YYAI.US,D,20250711,000000,2000,2000,1860,1860,21.482,0
YYAI.US,D,20250714,000000,1860,1920,1821.6,1875,33.8385,0
YYAI.US,D,20250715,000000,1800,1840,1700,1700.2,123.245,0
YYAI.US,D,20250716,000000,1690,1880,1680,1825.2,102.08850000000001,0
YYAI.US,D,20250717,000000,1860,2220,1860,2140,408.0625,0
YYAI.US,D,20250718,000000,2100,2320,2100,2240,174.862,0
YYAI.US,D,20250721,000000,2440,2962.4,2420,2500,496.0775,0
YYAI.US,D,20250722,000000,2440,2860,2440,2820,174.372,0
YYAI.US,D,20250723,000000,2820,5320,2820,4900,15407.6,0
YYAI.US,D,20250724,000000,5180,6160,4920,5060,3572.25,0
YYAI.US,D,20250725,000000,5480,7810,4100,6300,2052.16,0
YYAI.US,D,20250728,000000,6340,8760,6300,8600,1281.74,0
YYAI.US,D,20250729,000000,8400,8576,6320.2,6360,535.24,0
YYAI.US,D,20250730,000000,6240,7830,6000,7240,308.415,0
YYAI.US,D,20250731,000000,7120,8240,6700,7060,340.99,0
YYAI.US,D,20250801,000000,6860,7445.6,6790,7000,65.6885,0
YYAI.US,D,20250804,000000,7080,7630,6882,7320,83.589,0
YYAI.US,D,20250805,000000,7400,8140,7185,8060,123.56600000000002,0
YYAI.US,D,20250806,000000,8200,9480,7660,9460,210.76500000000001,0
YYAI.US,D,20250807,000000,9480,9940,8260,9060,115.05150000000002,0
YYAI.US,D,20250808,000000,9000,9580,8860,9500,37.92850000000001,0
YYAI.US,D,20250811,000000,9480,9580,8000,8220,98.08800000000001,0
YYAI.US,D,20250812,000000,8060,8560,8040,8400,35.805,0
YYAI.US,D,20250813,000000,8540,9105.6,8320,8680,38.703,0
YYAI.US,D,20250814,000000,8780,8900,7766.2,8220,81.44,0
YYAI.US,D,20250815,000000,8160,8560,7800,8460,28.121,0
YYAI.US,D,20250818,000000,8940,9780,8855,9440,82.12200000000001,0
YYAI.US,D,20250819,000000,9440,10576.8,9440,9680,155.10850000000002,0
YYAI.US,D,20250820,000000,9720,9760,8720,9480,42.932,0
YYAI.US,D,20250821,000000,9400,9660,8300,8680,101.57000000000001,0
YYAI.US,D,20250822,000000,8460,9860,8460,9800,60.775000000000006,0
YYAI.US,D,20250825,000000,10260,10260,7840,8320,236.26100000000002,0
YYAI.US,D,20250826,000000,8520,8585.6,7800,8000,43.17,0
YYAI.US,D,20250827,000000,8000,8180,6110,6440,163.1875,0
YYAI.US,D,20250828,000000,6460,7739.8,6460,7640,64.929,0
YYAI.US,D,20250829,000000,5840,8440,2120,6420,18177.175,0
YYAI.US,D,20250902,000000,5100,5579.8,4180,4880,877.8675,0
YYAI.US,D,20250903,000000,4140,5080,4000,4500,410.2875,0
YYAI.US,D,20250904,000000,4100,4318.4,3180,3180,442.6675,0
YYAI.US,D,20250905,000000,3320,4000,3140.4,3240,709.3025,0
YYAI.US,D,20250908,000000,3200,3540,3080,3440,192.69600000000003,0
YYAI.US,D,20250909,000000,3400,3500,3040,3220,230.20749999999998,0
YYAI.US,D,20250910,000000,3200,4320,3160,3820,358.6875,0
YYAI.US,D,20250911,000000,3620,4240,3620,4180,142.8235,0
YYAI.US,D,20250912,000000,4140,4700,4140,4560,141.4425,0
YYAI.US,D,20250915,000000,4500,4810,4164.4,4280,80.0055,0
YYAI.US,D,20250916,000000,4220,4300,3840,3980,93.631,0
YYAI.US,D,20250917,000000,4000,4500,4000,4320,74.312,0
YYAI.US,D,20250918,000000,4180,4371.6,4068.6,4140,37.910000000000004,0
YYAI.US,D,20250919,000000,4160,4680,4140,4360,105.137,0
YYAI.US,D,20250922,000000,4380,4800,4300,4780,92.881,0
YYAI.US,D,20250923,000000,4660,5000,3700,4480,303.8525,0
YYAI.US,D,20250924,000000,4610,5300,4520,4880,627.0675000000001,0
YYAI.US,D,20250925,000000,4740,5000,4260,4400,1047.9450000000002,0
YYAI.US,D,20250926,000000,4440,5000,4260,4800,1120.78,0
YYAI.US,D,20250929,000000,4680,4800,4200,4240,922.8000000000001,0
YYAI.US,D,20250930,000000,4380,4380,4039.8,4140,461.14250000000004,0
YYAI.US,D,20251001,000000,4060,4226.8,3600,3840,507.5,0
YYAI.US,D,20251002,000000,3800,4740,3738,4700,545.7850000000001,0
YYAI.US,D,20251003,000000,4660,4960,3840,4580,928.1825000000001,0
YYAI.US,D,20251006,000000,4780,5900,4780,5020,775.695,0
YYAI.US,D,20251007,000000,5460,5460,350,360,222554.625,0
YYAI.US,D,20251008,000000,560.6,853.6,379.8,386,7438.175,0
YYAI.US,D,20251009,000000,547.8,553,380,418,408211.67500000005,0
YYAI.US,D,20251010,000000,434.4,457.4,364,379.8,229962.375,0
YYAI.US,D,20251013,000000,380,380,220,340,191899.325,0
YYAI.US,D,20251014,000000,276.6,325,260,300,134027.25,0
YYAI.US,D,20251015,000000,338.2,350,255,268.8,244451.875,0
YYAI.US,D,20251016,000000,300,300,236,240,195416.325,0
YYAI.US,D,20251017,000000,227.8,279.2,221,242,121103.40000000001,0
YYAI.US,D,20251020,000000,253.2,269.8,191,200.2,194550.30000000002,0
YYAI.US,D,20251021,000000,196,200,134,161.8,367976,0
YYAI.US,D,20251022,000000,378.6,419.78,227.8,378.2,1.7155000000000002,0
YYAI.US,D,20251023,000000,200,243.4,166.6,186.8,506410.7,0
YYAI.US,D,20251024,000000,194,200,154,158.8,234525.25,0
YYAI.US,D,20251027,000000,121.196,182,103.2,142.4,330715,0
YYAI.US,D,20251028,000000,122,131.2,108,110.8,142254.575,0
YYAI.US,D,20251029,000000,108.8,110.8,87.604,100.8,166470.77500000002,0
YYAI.US,D,20251030,000000,96,105,85.204,96.8,123390.25,0
YYAI.US,D,20251031,000000,97.2,97.2,87.6,90.4,82343.5,0
YYAI.US,D,20251103,000000,88.4,88.8,66.4,68.8,139477.875,0
YYAI.US,D,20251104,000000,61.2,64,55.6,59.6,91302.475,0
YYAI.US,D,20251105,000000,59.6,66,58,60.4,75519.6,0
YYAI.US,D,20251106,000000,59.2,60.704,54,54.6,62955.450000000004,0
YYAI.US,D,20251107,000000,52.8,55.6,50.8,52,42040.775,0
YYAI.US,D,20251110,000000,53.6,57.6,50.4,51.2,51461.825000000004,0
YYAI.US,D,20251111,000000,50.2,56.8,48,53.2,46336.925,0
YYAI.US,D,20251112,000000,54,57.6,50.004,52.4,63790.600000000006,0
YYAI.US,D,20251113,000000,51.6,53.6,46.8,48.4,56152.8,0
YYAI.US,D,20251114,000000,47.2,48.4,46,46.4,37808.9,0
YYAI.US,D,20251117,000000,47.2,47.6,43.2,44.4,51783.200000000004,0
YYAI.US,D,20251118,000000,42.8,46,42.4,43.2,25097.275,0
YYAI.US,D,20251119,000000,43.6,45.2,40.8,42.4,31418.600000000002,0
YYAI.US,D,20251120,000000,42.4,46,37.508,37.508,59408,0
YYAI.US,D,20251121,000000,38.404,41.2,38.1,39.3,43946.025,0
YYAI.US,D,20251124,000000,40,40,36,37.284,43829.4,0
YYAI.US,D,20251125,000000,37.524,41.996,37.288,39.548,40403.525,0
YYAI.US,D,20251126,000000,40.4,48,39.6,43.2,72741.25,0
YYAI.US,D,20251128,000000,42.4,43.2,39.488,39.488,52745.975000000006,0
YYAI.US,D,20251201,000000,39.604,39.944,36.2,37.26,53173.8,0
YYAI.US,D,20251202,000000,37.876,38,35.784,36.568,41232.4,0
YYAI.US,D,20251203,000000,36.844,39.88,36,39.16,64423.175,0
YYAI.US,D,20251204,000000,39.16,43.6,38.02,41.6,63706.875,0
YYAI.US,D,20251205,000000,42.8,60,39.416,41.6,405528.05000000005,0
YYAI.US,D,20251208,000000,42,53.596,42,50,157773.90000000002,0
YYAI.US,D,20251209,000000,47.6,52,46,47.2,65879.075,0
YYAI.US,D,20251210,000000,46.4,47.6,43.2,43.2,50016.525,0
YYAI.US,D,20251211,000000,44,48,43.2,45.2,38169.875,0
YYAI.US,D,20251212,000000,45.2,47.6,42.8,44,31390.2,0
YYAI.US,D,20251215,000000,44,44.8,36.8,36.8,67773.175,0
YYAI.US,D,20251216,000000,36.8,37.904,34.54,36.368,42595.925,0
YYAI.US,D,20251217,000000,36.592,37.388,35.212,35.264,24461.25,0
YYAI.US,D,20251218,000000,36,41.2,35.96,40.8,40922.9,0
YYAI.US,D,20251219,000000,41.2,43.4,39.62,42,53861.825000000004,0
YYAI.US,D,20251222,000000,42,43,37.64,37.664,49749.950000000004,0
YYAI.US,D,20251223,000000,38.488,39.992,37.896,39.096,23390.225000000002,0
YYAI.US,D,20251224,000000,41.2,42.848,39.26,41.6,30745.850000000002,0
YYAI.US,D,20251226,000000,41,42,39.26,39.448,34647.925,0
YYAI.US,D,20251229,000000,38.8,39.996,36.06,37.128,47146,0
YYAI.US,D,20251230,000000,36.472,37.6,33.204,34.476,42224.15,0
YYAI.US,D,20251231,000000,34.48,34.732,30.8,31.204,53299.55,0
YYAI.US,D,20260102,000000,32.4,37.6,32,36.04,33337.375,0
YYAI.US,D,20260105,000000,36.748,41.6,36.424,37.248,46577.350000000006,0
YYAI.US,D,20260106,000000,37.632,43.2,37.2,42,38954.725,0
YYAI.US,D,20260107,000000,42,45,39.8,41.2,40495.05,0
YYAI.US,D,20260108,000000,44,56.8,43.8,52.4,132713.92500000002,0
YYAI.US,D,20260109,000000,54.2,54.4,47.6,50,64707.325000000004,0
YYAI.US,D,20260112,000000,54,61.6,48.8,50,115742.25,0
YYAI.US,D,20260113,000000,50,52.796,47.6,50.4,293449.375,0
YYAI.US,D,20260114,000000,58.4,64,54.4,54.8,190359.625,0
YYAI.US,D,20260115,000000,55,58.6,51.4,58.4,59282.600000000006,0
YYAI.US,D,20260116,000000,57.8,58.8,52.4,52.6,39444.125,0
YYAI.US,D,20260120,000000,52,54,46,50.2,32405.800000000003,0
YYAI.US,D,20260121,000000,49.6,51.6,46,46.8,24100.600000000002,0
YYAI.US,D,20260122,000000,46.4,48.4,46.4,46.8,126520.32500000001,0
YYAI.US,D,20260123,000000,55.6,66.8,52.2,61.6,339242.075,0
YYAI.US,D,20260126,000000,68.8,76.8,61.6,66,250148.1,0
YYAI.US,D,20260127,000000,64,64,57.6,60.8,62051.175,0
YYAI.US,D,20260128,000000,61.6,61.6,52,52.4,60322.8,0
YYAI.US,D,20260129,000000,54,58,52,53.6,46379.525,0
YYAI.US,D,20260130,000000,54,54.4,49.3191,51.2,47575.15,0
YYAI.US,D,20260202,000000,49.2,50.4,46.8,47.2,31406.275,0
YYAI.US,D,20260203,000000,46.8,47,42.4,44.8,31727.95,0
YYAI.US,D,20260204,000000,46,46.8,42.4,44.8,25569.225000000002,0
YYAI.US,D,20260205,000000,44.4,46.4,41.6,42.4,27160.075,0
YYAI.US,D,20260206,000000,42.4,47.6,42.4,46,34164.375,0
YYAI.US,D,20260209,000000,46.8,47.2,44.8,44.8,21187.125,0
YYAI.US,D,20260210,000000,44.8,47.2,44.2,44.4,15545,0
YYAI.US,D,20260211,000000,44.8,45.4,41.6,42,19292.600000000002,0
YYAI.US,D,20260212,000000,42,42.8,40,41.6,15705.900000000001,0
YYAI.US,D,20260213,000000,41.2,44.4,40.8,42.8,14658.800000000001,0
YYAI.US,D,20260217,000000,42.4,49.6,41.6,43.2,21703.5,0
YYAI.US,D,20260218,000000,43.2,43.6,40.8,41.2,13929.45,0
YYAI.US,D,20260219,000000,40.8,41.8,39.6,40.8,16242.400000000001,0
YYAI.US,D,20260220,000000,40.4,42,37.6,37.84,17640.225000000002,0
YYAI.US,D,20260223,000000,37.95,38.3,36.6,37.508,10130,0
YYAI.US,D,20260224,000000,36.256,37.244,34.84,36.5704,21077.5,0
YYAI.US,D,20260225,000000,37.588,39.152,35.712,37.768,16933.725000000002,0
YYAI.US,D,20260226,000000,36.472,39.788,36.2,37.656,13724.375,0
YYAI.US,D,20260227,000000,37.2,37.68,35.24,35.624,13794.6,0
YYAI.US,D,20260302,000000,34.8,35.728,32.6,35.26,12010.225,0
YYAI.US,D,20260303,000000,34,40.8,33.6,38.528,23162.675000000003,0
YYAI.US,D,20260304,000000,38.4,47.2,38.4,45,40662.075000000004,0
YYAI.US,D,20260305,000000,43.6,44.288,40.4,40.8,18571.7,0
YYAI.US,D,20260306,000000,40,40.8,38.8,38.804,10744.025000000001,0
YYAI.US,D,20260309,000000,38.44,39.712,36.548,39.328,9953.425000000001,0
YYAI.US,D,20260310,000000,38.4,40.8,37.6907,39.472,9482.675000000001,0
YYAI.US,D,20260311,000000,38.512,39.916,38.14,39.168,7174.875,0
YYAI.US,D,20260312,000000,38.5,39.048,37.2,37.22,7907.05,0
YYAI.US,D,20260313,000000,38.048,38.672,36.464,37.088,6821.525000000001,0
YYAI.US,D,20260316,000000,36.8,40.8,36.788,38.148,15085.95,0
YYAI.US,D,20260317,000000,36.8,39.2,36.8,38.352,6026.975,0
YYAI.US,D,20260318,000000,37.244,37.992,36.16,36.592,9863.925000000001,0
YYAI.US,D,20260319,000000,36.4,36.904,35.2,35.56,8648.275,0
YYAI.US,D,20260320,000000,35.408,37.868,34,37.084,30379.575,0
YYAI.US,D,20260323,000000,36.8,42,36.504,41.6,21190.225000000002,0
YYAI.US,D,20260324,000000,41.2,41.2,37.772,37.8,8982.725,0
YYAI.US,D,20260325,000000,37.76,39.596,36.8,38.152,7119.025000000001,0
YYAI.US,D,20260326,000000,37.8,37.968,35.8,36.272,6877.200000000001,0
YYAI.US,D,20260327,000000,36,37.2,32.896,34.388,15912,0
YYAI.US,D,20260330,000000,32.76,34.04,29.24,30.368,23715.125,0
YYAI.US,D,20260331,000000,30.76,33.476,30,33.432,9863.35,0
YYAI.US,D,20260401,000000,32.884,34.8,32.5588,34.38,6753.875,0
YYAI.US,D,20260402,000000,32.8,36.344,32.024,36.26,7448.35,0
YYAI.US,D,20260406,000000,35.6,37.396,35.2,36.8,6133.85,0
YYAI.US,D,20260407,000000,35.936,37.412,34.456,36.896,9679.7,0
YYAI.US,D,20260408,000000,37.6,37.788,36.04,36.28,6509.85,0
YYAI.US,D,20260409,000000,35.872,40.8,35.2,40.4,18317.725000000002,0
YYAI.US,D,20260410,000000,38.06,39.384,36.4,37.412,10449.375,0
YYAI.US,D,20260413,000000,36.832,38.784,36.224,38.416,8001.075000000001,0
YYAI.US,D,20260414,000000,37.964,39.8,37.052,38.356,9146.875,0
YYAI.US,D,20260415,000000,38.32,39.4,37.548,37.648,8121.625,0
YYAI.US,D,20260416,000000,38,38.8,37.12,38,8219.550000000001,0
YYAI.US,D,20260417,000000,37.228,38.38,35.8048,36.256,13580.825,0
YYAI.US,D,20260420,000000,36.4,37.604,35.14,37.604,12626.825,0
YYAI.US,D,20260421,000000,37.084,37.536,35.604,36.188,8036.150000000001,0
YYAI.US,D,20260422,000000,36.496,37.196,34.8,35.8,11138.45,0
YYAI.US,D,20260423,000000,35.2,35.552,32.4,32.92,15104.050000000001,0
YYAI.US,D,20260424,000000,32.952,33.528,32.448,32.68,8693.225,0
YYAI.US,D,20260427,000000,32.556,33.6008,31.744,32.16,8169.475,0
YYAI.US,D,20260428,000000,31.596,31.892,29.712,30.2,14468,0
YYAI.US,D,20260429,000000,30.532,31.2,28,28.736,18696.675,0
YYAI.US,D,20260430,000000,29.272,29.928,27.64,29.244,17174.075,0
YYAI.US,D,20260501,000000,29.52,31.436,28.544,29.924,10481.2,0
YYAI.US,D,20260504,000000,29.604,30.216,27.984,28.204,8841.35,0
YYAI.US,D,20260505,000000,28.712,29.2,26.4,27.2,17311.325,0
YYAI.US,D,20260506,000000,27.24,29.52,27.2,29.52,11766.625,0
YYAI.US,D,20260507,000000,29.6,30,28.596,29.04,15196.975,0
YYAI.US,D,20260508,000000,29.068,30,27.791,29.896,9404.075,0
YYAI.US,D,20260511,000000,28.8,29.284,27.568,27.768,11364.975,0
YYAI.US,D,20260512,000000,27.736,28.156,26.848,27.08,10455.900000000001,0
YYAI.US,D,20260513,000000,27.024,27.792,25.668,27.352,12421.2,0
YYAI.US,D,20260514,000000,24,24.068,16.44,16.788,110194.95000000001,0
YYAI.US,D,20260515,000000,15.856,16.78,14.5553,14.984,41080.775,0
YYAI.US,D,20260518,000000,14.6,14.7999,10.5,11.39,60429,0
YYAI.US,D,20260519,000000,10.89,12.58,10.4501,12.18,53005,0
YYAI.US,D,20260520,000000,12.01,12.0527,10,10.85,49010,0
YYAI.US,D,20260521,000000,10.81,11.28,10.5829,11.28,18259,0
YYAI.US,D,20260522,000000,11.27,11.6357,10.5,11.2,29292,0
YYAI.US,D,20260526,000000,11.13,11.7699,11.13,11.64,20175,0
YYAI.US,D,20260527,000000,11.45,11.6212,10.83,10.98,14141,0
YYAI.US,D,20260528,000000,10.83,11.49,10.69,11.24,16171,0
YYAI.US,D,20260529,000000,11.27,12.53,10.9248,11.74,19207,0
YYAI.US,D,20260601,000000,11.42,11.6752,10.97,11.245,13632,0
YYAI.US,D,20260602,000000,11.02,11.02,9.56,9.83,41479,0
YYAI.US,D,20260603,000000,9.8,9.9,9.01,9.05,21590,0
YYAI.US,D,20260604,000000,9.02,9.49,7.92,8.34,21627,0
YYAI.US,D,20260605,000000,8.29,8.3699,7.705,7.76,20336,0
YYAI.US,D,20260608,000000,7.92,8.44,7.87,8.2,19076,0
YYAI.US,D,20260609,000000,8.26,9.4413,8.26,9.01,33037,0
YYAI.US,D,20260610,000000,8.945,9.345,8.66,8.675,11677,0
YYAI.US,D,20260611,000000,8.79,8.91,8.485,8.83,7113,0
YYAI.US,D,20260612,000000,8.91,9,8.09,8.09,12806,0
YYAI.US,D,20260615,000000,8.36,8.73,8.36,8.61,10362,0
YYAI.US,D,20260616,000000,8.19,8.57,7.88,7.9,11330,0
YYAI.US,D,20260617,000000,7.81,8.1741,7.5,7.5,17144,0
YYAI.US,D,20260618,000000,7.92,7.98,7.47,7.54,11359,0
YYAI.US,D,20260622,000000,7.5,7.58,7.17,7.39,10200,0
YYAI.US,D,20260623,000000,7.18,7.295,7,7.28,6928,0
YYAI.US,D,20260624,000000,7.0924,7.0924,6.5901,6.7,8129,0
