<TICKER>,<PER>,<DATE>,<TIME>,<OPEN>,<HIGH>,<LOW>,<CLOSE>,<VOL>,<OPENINT>
YYGH.US,D,20240422,000000,194,235,129,145,19806.14,0
YYGH.US,D,20240423,000000,126,135,102,119.25,12397.7,0
YYGH.US,D,20240424,000000,111,125,103.5,113,3352,0
YYGH.US,D,20240425,000000,109.5,222.5,109,145,374963.88,0
YYGH.US,D,20240426,000000,140,167.5,130,147,13098.54,0
YYGH.US,D,20240429,000000,140,147.505,127.5,130.5,2749.9,0
YYGH.US,D,20240430,000000,131.5,136.49,117.5,118,4403.22,0
YYGH.US,D,20240501,000000,112.5,125,106.5,118,9675.16,0
YYGH.US,D,20240502,000000,119,122.28,106.5,111,5277.9400000000005,0
YYGH.US,D,20240503,000000,112,125,97.5,97.5,2437.54,0
YYGH.US,D,20240506,000000,99.5,110.995,99.5,100.5,1693.72,0
YYGH.US,D,20240507,000000,100.5,107,90.5,93.5,2146.76,0
YYGH.US,D,20240508,000000,91.5,96.815,91,93,804.9,0
YYGH.US,D,20240509,000000,94.225,94.5,77,82.5,1861.94,0
YYGH.US,D,20240510,000000,80,81.5,75.515,77,1606.3,0
YYGH.US,D,20240513,000000,77.5,107,66.5,94,10702.84,0
YYGH.US,D,20240514,000000,102,102,77.5,79,11090.12,0
YYGH.US,D,20240515,000000,81,87.5,66.5,74.5,3465.2200000000003,0
YYGH.US,D,20240516,000000,72.5,81,69.5,74.5,2040.26,0
YYGH.US,D,20240517,000000,77,79,74,75,1314.88,0
YYGH.US,D,20240520,000000,75,94.715,75,78.5,3935.6,0
YYGH.US,D,20240521,000000,78,88.495,78,82.5,4038.54,0
YYGH.US,D,20240522,000000,83.5,83.5,72.5,74,2332.38,0
YYGH.US,D,20240523,000000,73,73.5,67.5,71,368.14,0
YYGH.US,D,20240524,000000,72.5,75,67.5,71.5,852.62,0
YYGH.US,D,20240528,000000,72.5,74,60.145,63.5,1251.76,0
YYGH.US,D,20240529,000000,61.5,63.25,54.5,59.5,2218.42,0
YYGH.US,D,20240530,000000,60,69,55,56,2854.3,0
YYGH.US,D,20240531,000000,54.5,59.485,54,57.5,898.14,0
YYGH.US,D,20240603,000000,58,65.5,55.5,56.5,1582.2,0
YYGH.US,D,20240604,000000,56.5,60,53.005,55,754.4,0
YYGH.US,D,20240605,000000,57,57,48.005,49,4036.7000000000003,0
YYGH.US,D,20240606,000000,50,54,48.005,48.075,1367.16,0
YYGH.US,D,20240607,000000,48,49.5,45.725,48,1713.74,0
YYGH.US,D,20240610,000000,44,44.2,38,40.05,2135.94,0
YYGH.US,D,20240611,000000,40.4,41.9651,40.05,41.55,132.2,0
YYGH.US,D,20240612,000000,40.3,44,40.05,43.995,1297.46,0
YYGH.US,D,20240613,000000,44.995,65,43.5,57.5,37666.94,0
YYGH.US,D,20240614,000000,52.5,54.5,45.745,46.775,4857.08,0
YYGH.US,D,20240617,000000,44,49.5,42.5,43,800.3000000000001,0
YYGH.US,D,20240618,000000,41.995,43.5,40.51,40.51,811.76,0
YYGH.US,D,20240620,000000,40.3,42,40.255,41,249.06,0
YYGH.US,D,20240621,000000,41.005,44.75,41,42.5,524.96,0
YYGH.US,D,20240624,000000,41.525,48.5,41,44.39,339.96,0
YYGH.US,D,20240625,000000,44.4,47,41.5,44,156.88,0
YYGH.US,D,20240626,000000,44,50,41.05,44.5,694.84,0
YYGH.US,D,20240627,000000,44.5,48.5,42.497,46,313.52,0
YYGH.US,D,20240628,000000,44,44,41.05,41.11,366.38,0
YYGH.US,D,20240701,000000,41,44,41,41.51,184.34,0
YYGH.US,D,20240702,000000,41.05,43.5,41.05,41.515,56.6,0
YYGH.US,D,20240703,000000,41.5,43.495,41.5,41.5,68.34,0
YYGH.US,D,20240705,000000,42,43.5,40,40,555.34,0
YYGH.US,D,20240708,000000,38.5,40.995,37.525,38.05,127.86,0
YYGH.US,D,20240709,000000,42.85,42.85,38.32,40.625,271.04,0
YYGH.US,D,20240710,000000,40.5,40.98,38.8072,40,162.88,0
YYGH.US,D,20240711,000000,39,40.5,38,39.5,130.32,0
YYGH.US,D,20240712,000000,39,39,39,39,9.44,0
YYGH.US,D,20240715,000000,39,39.02,38.05,39,127.06,0
YYGH.US,D,20240716,000000,39.5,41.87,39.5,39.5,129.1,0
YYGH.US,D,20240717,000000,39.5,41.48,39.5,39.71,163.22,0
YYGH.US,D,20240718,000000,42.395,43.5,36.5,36.685,1064.32,0
YYGH.US,D,20240719,000000,39.375,39.375,36.71,36.71,347.36,0
YYGH.US,D,20240722,000000,37.9,37.9,36.555,36.555,107.38,0
YYGH.US,D,20240723,000000,36,39,35.75,35.775,420.46000000000004,0
YYGH.US,D,20240724,000000,35.755,37.555,35.75,35.75,90.9,0
YYGH.US,D,20240725,000000,35.75,36.5,35.75,36.5,91.94,0
YYGH.US,D,20240726,000000,38.325,43,36.65,36.65,781.98,0
YYGH.US,D,20240729,000000,37.5,40.995,37.5,37.52,78.96000000000001,0
YYGH.US,D,20240730,000000,37.52,44.495,37.52,41.56,648.7,0
YYGH.US,D,20240731,000000,42,52.5,41,52,3340.7400000000002,0
YYGH.US,D,20240801,000000,51,56,44.15,45,1596.96,0
YYGH.US,D,20240802,000000,45,45,40.1,40.1,445.78000000000003,0
YYGH.US,D,20240805,000000,36,42.75,36,40,220.52,0
YYGH.US,D,20240806,000000,40.005,43.155,40,40.51,362.40000000000003,0
YYGH.US,D,20240807,000000,42.535,45.5,42,42,280.5,0
YYGH.US,D,20240808,000000,40,42.75,40,41.505,67.14,0
YYGH.US,D,20240809,000000,41.505,43.5,41.5,42.5,245.04,0
YYGH.US,D,20240812,000000,43.5,49.5,43.5,43.5,797.9,0
YYGH.US,D,20240813,000000,45.27,45.27,42.015,42.105,101.34,0
YYGH.US,D,20240814,000000,42.25,42.25,42.25,42.25,25.78,0
YYGH.US,D,20240815,000000,42.75,44.125,42.25,42.25,50.5,0
YYGH.US,D,20240816,000000,42.25,45.44,40.3,40.3,168.84,0
YYGH.US,D,20240819,000000,40,41,40,40.05,193.18,0
YYGH.US,D,20240820,000000,40.05,42.5,36,37.245,961.78,0
YYGH.US,D,20240821,000000,39.25,42.5,37,37,222.42000000000002,0
YYGH.US,D,20240822,000000,40.25,41,37,37,147.56,0
YYGH.US,D,20240823,000000,39.235,39.235,36,36.995,496.82,0
YYGH.US,D,20240826,000000,37.5,37.525,37.5,37.5,212.5,0
YYGH.US,D,20240827,000000,40.125,40.5,39,39,59.36,0
YYGH.US,D,20240828,000000,37.505,38.7525,37.5,37.5,149,0
YYGH.US,D,20240829,000000,36,37.75,36,37,245.74,0
YYGH.US,D,20240830,000000,38.5,39.8,36.5,38,212.16,0
YYGH.US,D,20240903,000000,41,42,38.935,38.935,618.6,0
YYGH.US,D,20240904,000000,38.875,53.5,35.995,46.055,26313.72,0
YYGH.US,D,20240905,000000,56.5,64,50.5,54,163150.7,0
YYGH.US,D,20240906,000000,53.5,53.5,41,45.5,10368.64,0
YYGH.US,D,20240909,000000,41.26,55.005,41.26,55,3074.16,0
YYGH.US,D,20240910,000000,57,60.5,52.5,54.5,2347.2400000000002,0
YYGH.US,D,20240911,000000,50.5,53,50,52.5,361.08,0
YYGH.US,D,20240912,000000,52,56.575,47.5,48.5,703.1,0
YYGH.US,D,20240913,000000,48.545,48.545,43.205,47.07,961.32,0
YYGH.US,D,20240916,000000,47.07,47.5,43.5,45.825,658.16,0
YYGH.US,D,20240917,000000,45,46.125,45,45.925,197.14000000000001,0
YYGH.US,D,20240918,000000,46.16,46.16,45,45.315,191.1,0
YYGH.US,D,20240919,000000,43.755,46.995,43.5,44.75,152.86,0
YYGH.US,D,20240920,000000,46,46,43.5,45.755,317.52,0
YYGH.US,D,20240923,000000,44.025,57.5,44.02,53.5,1430.44,0
YYGH.US,D,20240924,000000,52.5,59,51.5,54.51,1973.1000000000001,0
YYGH.US,D,20240925,000000,52.5,60.995,52.1812,60.5,1594.5,0
YYGH.US,D,20240926,000000,58.5,67.5,58.5,63.5,2373.64,0
YYGH.US,D,20240927,000000,59.94,65.5,59.94,65,706.96,0
YYGH.US,D,20240930,000000,63.5,67.5,59,59,656.88,0
YYGH.US,D,20241001,000000,55.1,67.5,50.5,58.5,1407.6200000000001,0
YYGH.US,D,20241002,000000,60,61.5,58,60,310.86,0
YYGH.US,D,20241003,000000,60.5,60.5,59,60.01,92.46000000000001,0
YYGH.US,D,20241004,000000,64.5,64.5,58,60,720.42,0
YYGH.US,D,20241007,000000,60,63.735,60,60.5,297.44,0
YYGH.US,D,20241008,000000,55.5,60.98,55.5,60.98,175.72,0
YYGH.US,D,20241009,000000,59.5,59.5,56,58.5,198.02,0
YYGH.US,D,20241010,000000,61,61,56,58.5,470.64,0
YYGH.US,D,20241011,000000,58.99,60.5,55.5,58.5,253.84,0
YYGH.US,D,20241014,000000,56,62.5,56,58.75,784.14,0
YYGH.US,D,20241015,000000,62.5,62.5,56,58.21,93.38,0
YYGH.US,D,20241016,000000,58.56,61.5,58.56,60.75,105.82000000000001,0
YYGH.US,D,20241017,000000,60.25,61.5,59.4,59.5,443.04,0
YYGH.US,D,20241018,000000,59.5,65.75,59.5,65,632.66,0
YYGH.US,D,20241021,000000,63.5,64.185,57,62.5,352.8,0
YYGH.US,D,20241022,000000,57.45,62.5,57,62.5,222.54,0
YYGH.US,D,20241023,000000,60.925,60.925,55.5,60,256.24,0
YYGH.US,D,20241024,000000,60.5,60.5,57,57.5,225.72,0
YYGH.US,D,20241025,000000,57,58,57,57.5,46.58,0
YYGH.US,D,20241028,000000,58.6,61.5,57.5,57.5,268,0
YYGH.US,D,20241030,000000,60.5,64,58,62,250.04,0
YYGH.US,D,20241031,000000,63.77,72.5,63.5,72.5,1790.58,0
YYGH.US,D,20241101,000000,69.75,88,69.6,80,2998.7200000000003,0
YYGH.US,D,20241104,000000,89.5,89.5,77.75,81,995.74,0
YYGH.US,D,20241105,000000,82.3,84,78.25,84,687.22,0
YYGH.US,D,20241106,000000,89,91,80.77,90.5,1392.82,0
YYGH.US,D,20241107,000000,91,96,90,90.505,1090.22,0
YYGH.US,D,20241108,000000,94.5,94.5,87.5,92.5,499.18,0
YYGH.US,D,20241111,000000,94.995,97.5,89.31,97.5,359.54,0
YYGH.US,D,20241112,000000,92.5,104,91.5,104,3083.16,0
YYGH.US,D,20241113,000000,101,102.5,97.505,101,1169.88,0
YYGH.US,D,20241114,000000,99,101,92.5,97.5,1057.46,0
YYGH.US,D,20241115,000000,90.5,90.5,82.705,87,2444.12,0
YYGH.US,D,20241118,000000,82.5,92,82.5,92,454.74,0
YYGH.US,D,20241119,000000,93,93,88,91.5,1370.22,0
YYGH.US,D,20241120,000000,89.5,100,89.5,95,1064.22,0
YYGH.US,D,20241121,000000,95,96,92,96,469.22,0
YYGH.US,D,20241122,000000,97.5,101.25,95,98.75,909,0
YYGH.US,D,20241125,000000,98.5,98.5,89.5,92.5,759.1800000000001,0
YYGH.US,D,20241126,000000,97,99,94,96,550.96,0
YYGH.US,D,20241127,000000,95.895,98.5,91.015,91.015,746.6,0
YYGH.US,D,20241129,000000,93.75,96.5,92.5,93.5,652.32,0
YYGH.US,D,20241202,000000,95.5,99.5,95.5,96,259.36,0
YYGH.US,D,20241203,000000,99.5,99.5,93.5,94,405.54,0
YYGH.US,D,20241204,000000,95.945,96.25,93,93.5,471.7,0
YYGH.US,D,20241205,000000,94,97,91.5,91.5,258.06,0
YYGH.US,D,20241206,000000,95,97,84,95,900.98,0
YYGH.US,D,20241209,000000,84,97.5,84,96,283.42,0
YYGH.US,D,20241210,000000,95.5,96.5,94,96,87.52,0
YYGH.US,D,20241211,000000,95.5,98.5,95.5,98.5,310.28000000000003,0
YYGH.US,D,20241212,000000,98,102,93.5,96.5,2106.7400000000002,0
YYGH.US,D,20241213,000000,95.5,98,90.665,98,176.74,0
YYGH.US,D,20241216,000000,96,98,95.5,97.5,599.1800000000001,0
YYGH.US,D,20241217,000000,99.5,100.16,90.505,99,488.52,0
YYGH.US,D,20241218,000000,94.5,95,94.5,95,34.62,0
YYGH.US,D,20241219,000000,92.5,98,92.5,98,180.52,0
YYGH.US,D,20241220,000000,91.455,97,91.455,97,61.300000000000004,0
YYGH.US,D,20241223,000000,97.5,98,97,97.5,33.46,0
YYGH.US,D,20241224,000000,96.5,103.5,92.5,96,3859.4,0
YYGH.US,D,20241226,000000,94.5,99.5,93,93,217.52,0
YYGH.US,D,20241227,000000,93,97,90,94.5,1248.44,0
YYGH.US,D,20241230,000000,84.5,95.5,84.5,91.5,739.44,0
YYGH.US,D,20241231,000000,91.5,96.5,87.25,94,2251.38,0
YYGH.US,D,20250102,000000,87.5,95.5,84.005,87.5,678.4,0
YYGH.US,D,20250103,000000,88,91.5,80,88.5,9821.28,0
YYGH.US,D,20250106,000000,78,88.5,77,86,1944.72,0
YYGH.US,D,20250107,000000,84.5,84.5,77,80,325.26,0
YYGH.US,D,20250108,000000,77,80,76.83,78.59,178.06,0
YYGH.US,D,20250110,000000,81.5,88.5,76,76.5,806.28,0
YYGH.US,D,20250113,000000,79,79.5,74,77,448.86,0
YYGH.US,D,20250114,000000,79.5,80.5,76.625,77,436.38,0
YYGH.US,D,20250115,000000,81.5,87.68,79.75,82,2117.78,0
YYGH.US,D,20250116,000000,82.78,89,80.51,87.5,624.28,0
YYGH.US,D,20250117,000000,83.07,89,83.07,88.36,373.54,0
YYGH.US,D,20250121,000000,88,93,84.375,91.5,412.92,0
YYGH.US,D,20250122,000000,87,95,86.5,91.79,269.14,0
YYGH.US,D,20250123,000000,90,94.5,90,91.995,255.06,0
YYGH.US,D,20250124,000000,93.5,93.5,91,92.5,663.66,0
YYGH.US,D,20250127,000000,90.5,93,88,88,732,0
YYGH.US,D,20250128,000000,88,99,88,94.5,1662.8600000000001,0
YYGH.US,D,20250129,000000,94,99,90.5,94.5,1543.98,0
YYGH.US,D,20250130,000000,88,92.5,88,90,1010.5,0
YYGH.US,D,20250131,000000,90,96.25,90,92,1294.8,0
YYGH.US,D,20250203,000000,90,92,86.5,90,535.44,0
YYGH.US,D,20250204,000000,94,96.5,91.5,93.5,734.32,0
YYGH.US,D,20250205,000000,92,93,89.35,92.5,1118.74,0
YYGH.US,D,20250206,000000,93.5,94.5,91.5,94.5,837.62,0
YYGH.US,D,20250207,000000,91.895,94.5,91,94.5,139.82,0
YYGH.US,D,20250210,000000,85,97.5,76,85,6870.3,0
YYGH.US,D,20250211,000000,83.5,93,82.005,83.5,6084.6,0
YYGH.US,D,20250212,000000,87.5,97,86.5,97,8295.960000000001,0
YYGH.US,D,20250213,000000,93.5,97,87.5,89.505,11887.76,0
YYGH.US,D,20250214,000000,89.5,92,82.99,91.155,1949.38,0
YYGH.US,D,20250218,000000,86.25,91,86.25,86.5,10859.86,0
YYGH.US,D,20250219,000000,86,92,82.25,89.2,1844.88,0
YYGH.US,D,20250220,000000,86,92.5,85,87.5,1669.94,0
YYGH.US,D,20250221,000000,92,92,85.5,85.5,894.6,0
YYGH.US,D,20250224,000000,86.5,88,80,86.5,2959.52,0
YYGH.US,D,20250225,000000,82.5,85,80,80,1243.72,0
YYGH.US,D,20250226,000000,85.425,92,84,91.5,1694.4,0
YYGH.US,D,20250227,000000,88.75,92.255,87.5,90.605,133.7,0
YYGH.US,D,20250228,000000,88.145,90,83.075,87,211.4,0
YYGH.US,D,20250303,000000,87,89,83.5,88.5,267.76,0
YYGH.US,D,20250304,000000,88.5,91,85,89.5,1171.48,0
YYGH.US,D,20250305,000000,86,91.5,85,91,839.58,0
YYGH.US,D,20250306,000000,87.5,92.5,87.5,92.5,119.32000000000001,0
YYGH.US,D,20250307,000000,91.91,92.5,86,86,574.08,0
YYGH.US,D,20250310,000000,85.54,87.5,81,81,815.78,0
YYGH.US,D,20250311,000000,84,86.5,82.5,86.5,377.56,0
YYGH.US,D,20250312,000000,85,88.5,78.5,83,421.94,0
YYGH.US,D,20250313,000000,87.5,87.5,82.5,82.5,50.2,0
YYGH.US,D,20250314,000000,82,87.5,82,84.135,54.300000000000004,0
YYGH.US,D,20250317,000000,85,85,81,81.3,749.58,0
YYGH.US,D,20250318,000000,82,84.5,81,81.5,293.28000000000003,0
YYGH.US,D,20250319,000000,83.5,88,83.5,84,15.52,0
YYGH.US,D,20250320,000000,83.5,87.5,82.8,82.8,1636.64,0
YYGH.US,D,20250321,000000,85,86,82.5,86,240.04,0
YYGH.US,D,20250324,000000,83,86.5,79.5,82.5,332.78000000000003,0
YYGH.US,D,20250325,000000,85.5,89.5,80,89.5,1537.14,0
YYGH.US,D,20250326,000000,88.5,90,80,81.5,142.82,0
YYGH.US,D,20250327,000000,82,86,82,86,492.62,0
YYGH.US,D,20250328,000000,82.5,87.965,81,87.965,96.76,0
YYGH.US,D,20250331,000000,83.5,83.5,83.5,83.5,11.68,0
YYGH.US,D,20250401,000000,85.75,90,80,80,932.9200000000001,0
YYGH.US,D,20250402,000000,80.995,86.75,72.5,77.5,7686.32,0
YYGH.US,D,20250403,000000,78.5,78.5,69,69,158.66,0
YYGH.US,D,20250404,000000,69,78.5,59.75,62.5,512.2,0
YYGH.US,D,20250407,000000,61.49,62,54,59.5,290.32,0
YYGH.US,D,20250408,000000,66,66,37.8,39.47,1124.78,0
YYGH.US,D,20250409,000000,39,43.355,39,40.45,109.84,0
YYGH.US,D,20250410,000000,50,52,40.5,40.855,2009.16,0
YYGH.US,D,20250411,000000,44.85,50,41.005,47.495,981.46,0
YYGH.US,D,20250414,000000,52,73.5,44.135,61.75,17210.98,0
YYGH.US,D,20250415,000000,57.5,58.5,51.505,53.5,1183.38,0
YYGH.US,D,20250416,000000,50,58,50,55.005,137.52,0
YYGH.US,D,20250417,000000,60,60,53,56.25,196.98000000000002,0
YYGH.US,D,20250421,000000,52.5,52.505,50,50,1120.88,0
YYGH.US,D,20250422,000000,50.5,52,48.5,52,83.52,0
YYGH.US,D,20250423,000000,52,53.73,52,53.73,33.02,0
YYGH.US,D,20250424,000000,50.5,52,49.55,51.5,582.92,0
YYGH.US,D,20250425,000000,51,59,51,54.995,177.1,0
YYGH.US,D,20250428,000000,45.12,63,45.12,54,410.86,0
YYGH.US,D,20250429,000000,52.5,59,52.02,52.5,159.72,0
YYGH.US,D,20250430,000000,52,60,50,52.5,145.98,0
YYGH.US,D,20250501,000000,50.5,57.5,50.5,55,118.14,0
YYGH.US,D,20250502,000000,57,57,50.99,54.995,3582.98,0
YYGH.US,D,20250505,000000,56,56,52,54,1160.6200000000001,0
YYGH.US,D,20250506,000000,55,55.01,55,55,47.36,0
YYGH.US,D,20250507,000000,55,61,55,57.5,2125.5,0
YYGH.US,D,20250508,000000,60,62.5,58.56,60,444.24,0
YYGH.US,D,20250509,000000,60,60,60,60,101.82000000000001,0
YYGH.US,D,20250512,000000,65.645,70.995,60.5,64.75,48.5,0
YYGH.US,D,20250513,000000,68.5,71,65.955,71,1276.7,0
YYGH.US,D,20250514,000000,71.895,74,66.705,73.5,3287.4,0
YYGH.US,D,20250515,000000,79.5,85,75,76,373.96,0
YYGH.US,D,20250516,000000,80.5,80.5,72.515,80,225.98000000000002,0
YYGH.US,D,20250519,000000,77.5,80,77.5,80,53.42,0
YYGH.US,D,20250520,000000,74.645,80.5,74.5,76.5,263.2,0
YYGH.US,D,20250521,000000,78.5,83,73.505,78,1174.04,0
YYGH.US,D,20250522,000000,76.5,78,72.505,74.5,169.62,0
YYGH.US,D,20250523,000000,73.5,74.5,73.5,74.5,12.86,0
YYGH.US,D,20250527,000000,66,74,66,70.25,854.44,0
YYGH.US,D,20250528,000000,65,74.05,65,68.5,1348.24,0
YYGH.US,D,20250529,000000,70.5,71.25,68.5,68.5,308.08,0
YYGH.US,D,20250530,000000,68.5,74,68,68,1094.88,0
YYGH.US,D,20250602,000000,68.005,71.5,68.005,68.455,403.68,0
YYGH.US,D,20250603,000000,72.02,72.02,67.5,68.75,101.82000000000001,0
YYGH.US,D,20250604,000000,67.5,70,67,67.5,568.76,0
YYGH.US,D,20250605,000000,65.95,74.415,65.95,66.5,80.46000000000001,0
YYGH.US,D,20250606,000000,70.5,70.5,70.5,70.5,5.3,0
YYGH.US,D,20250609,000000,69.5,71.5,60.7,62.5,5919.76,0
YYGH.US,D,20250610,000000,61.5,75,58,72,5531.68,0
YYGH.US,D,20250611,000000,73.5,92.5,67.5,87.5,7901.9800000000005,0
YYGH.US,D,20250612,000000,90,90.75,78.5,79.46,7887.9400000000005,0
YYGH.US,D,20250613,000000,79.75,87.5,73,84.5,7918.58,0
YYGH.US,D,20250616,000000,84,91.5,80.5,91,5674.74,0
YYGH.US,D,20250617,000000,89.5,97.5,85.5,92,5557.66,0
YYGH.US,D,20250618,000000,92.5,96,83,93.5,5168.76,0
YYGH.US,D,20250620,000000,91.5,108,91.5,106,8066.400000000001,0
YYGH.US,D,20250623,000000,107,119,102.995,106,11568.800000000001,0
YYGH.US,D,20250624,000000,102.5,118,101,116.455,6091.34,0
YYGH.US,D,20250625,000000,115,139.5,115,129.5,5612.3,0
YYGH.US,D,20250626,000000,126,131,122,126,7343.900000000001,0
YYGH.US,D,20250627,000000,124,128.5,119,124,6882.64,0
YYGH.US,D,20250630,000000,115.5,143.5,115.5,135.5,6712.38,0
YYGH.US,D,20250701,000000,137.41,141,125.005,128,5853.76,0
YYGH.US,D,20250702,000000,132.5,146.5,128,146,6148.22,0
YYGH.US,D,20250703,000000,148,154,142.5,145.5,3875.06,0
YYGH.US,D,20250707,000000,146.5,148.5,139.955,141.75,6610.04,0
YYGH.US,D,20250708,000000,145.5,147.45,139.495,141.75,7749.3,0
YYGH.US,D,20250709,000000,144,145,137.75,140,5862.14,0
YYGH.US,D,20250710,000000,142.5,147,136,136.5,5499.86,0
YYGH.US,D,20250711,000000,134,157.78,134,151.5,7585.84,0
YYGH.US,D,20250714,000000,154,154,133,138.5,7796.32,0
YYGH.US,D,20250715,000000,134,150,130,135.5,4207.86,0
YYGH.US,D,20250716,000000,132.75,140.515,128,130.5,4291.18,0
YYGH.US,D,20250717,000000,135,137.5,120.5,122.03,5609.4800000000005,0
YYGH.US,D,20250718,000000,120,139.25,120,129,4700.22,0
YYGH.US,D,20250721,000000,128,138,122,138,5298.88,0
YYGH.US,D,20250722,000000,135,136.25,123.75,131.5,5408.96,0
YYGH.US,D,20250723,000000,125,147.5,125,143.5,4923.32,0
YYGH.US,D,20250724,000000,147,155,139.75,152,4969.14,0
YYGH.US,D,20250725,000000,154,169.5,145.165,169.5,5955.52,0
YYGH.US,D,20250728,000000,172,172.5,114,120.5,7289.56,0
YYGH.US,D,20250729,000000,114,123.5,100.75,103.5,8615.380000000001,0
YYGH.US,D,20250730,000000,105.5,127,105.5,120.5,8127.28,0
YYGH.US,D,20250731,000000,122,128,120.5,121,7700.28,0
YYGH.US,D,20250801,000000,120,128,120,124.425,8085.860000000001,0
YYGH.US,D,20250804,000000,126.5,126.5,117,123,8061.62,0
YYGH.US,D,20250805,000000,116.5,129,110,112,8033.4800000000005,0
YYGH.US,D,20250806,000000,110.55,124.375,109.5,110.5,8195.48,0
YYGH.US,D,20250807,000000,113.5,117.5,109,113,8652.78,0
YYGH.US,D,20250808,000000,112,121.5,111,112,8162.08,0
YYGH.US,D,20250811,000000,113.5,118.5,104.525,109.5,7908.18,0
YYGH.US,D,20250812,000000,110.6,116,105,105,8232.78,0
YYGH.US,D,20250813,000000,106.6,114,104.25,109.5,8409.78,0
YYGH.US,D,20250814,000000,111,112.475,105.5,112,10262.98,0
YYGH.US,D,20250815,000000,118.5,124,90.5,94.5,17313.6,0
YYGH.US,D,20250818,000000,95,112.43,95,103,20327.74,0
YYGH.US,D,20250819,000000,103,113,90,94.5,20673.34,0
YYGH.US,D,20250820,000000,92.5,103.495,85.5,94,20574.22,0
YYGH.US,D,20250821,000000,90.5,98.5,90.5,96,5317.86,0
YYGH.US,D,20250822,000000,95.5,104.455,91.5,102.5,4184.42,0
YYGH.US,D,20250825,000000,107.5,111.5,102.42,104.995,4422.66,0
YYGH.US,D,20250826,000000,105,109,103,108.5,2957.78,0
YYGH.US,D,20250827,000000,111,116,107.5,112.5,3526.8,0
YYGH.US,D,20250828,000000,112.5,123,107.625,120.25,3109.94,0
YYGH.US,D,20250829,000000,126,130,124.75,128,2895.54,0
YYGH.US,D,20250902,000000,123.07,123.25,97.5,101.5,4431.18,0
YYGH.US,D,20250903,000000,105,106.995,81.5,83,23500.82,0
YYGH.US,D,20250904,000000,84,96.47,75.725,84.5,25383.86,0
YYGH.US,D,20250905,000000,81,89.495,67.77,70.25,25725.06,0
YYGH.US,D,20250908,000000,70,81,61.5,62,77809.32,0
YYGH.US,D,20250909,000000,61.5,64,41.005,46.68,41815.82,0
YYGH.US,D,20250910,000000,46.68,47.45,16,17.005,386549.22000000003,0
YYGH.US,D,20250911,000000,25.125,26,20,20.625,2988930.38,0
YYGH.US,D,20250912,000000,21.845,23.125,20.82,21.96,301485.8,0
YYGH.US,D,20250915,000000,21.16,22,20.36,20.48,76361.78,0
YYGH.US,D,20250916,000000,20,21.5,20,20.25,47410.24,0
YYGH.US,D,20250917,000000,20,20.635,19.565,19.97,41167.82,0
YYGH.US,D,20250918,000000,19.675,20.075,19.36,19.555,28740.920000000002,0
YYGH.US,D,20250919,000000,19.55,20.38,18.75,18.78,40574.88,0
YYGH.US,D,20250922,000000,18.75,19.305,18.4,19.235,28954.06,0
YYGH.US,D,20250923,000000,19.145,19.35,18.66,18.9,17125.2,0
YYGH.US,D,20250924,000000,18.83,19.4999,18.8,19.295,18668.920000000002,0
YYGH.US,D,20250925,000000,18.985,19.1,18.255,18.84,30494.48,0
YYGH.US,D,20250926,000000,19.5,19.5,18.255,18.56,23616.02,0
YYGH.US,D,20250929,000000,18.3,18.56,18.28,18.49,16312.02,0
YYGH.US,D,20250930,000000,18.155,19,18.155,18.55,10510.62,0
YYGH.US,D,20251001,000000,18.59,19.345,18.53,19.295,21250.600000000002,0
YYGH.US,D,20251002,000000,18.525,18.87,18.34,18.495,13759.44,0
YYGH.US,D,20251003,000000,18.44,19.065,18.44,18.95,11628.4,0
YYGH.US,D,20251006,000000,18.815,19.27,18.5,19.085,14637.98,0
YYGH.US,D,20251007,000000,18.3,19,18.3,18.3575,17324.12,0
YYGH.US,D,20251008,000000,18.5,19.915,18.39,18.92,33035.94,0
YYGH.US,D,20251009,000000,18.3,18.71,18.25,18.25,16405.44,0
YYGH.US,D,20251010,000000,18.155,18.5,16.5,16.815,25497,0
YYGH.US,D,20251013,000000,16.4,17.425,16.4,16.995,11718.04,0
YYGH.US,D,20251014,000000,17.425,17.425,16.71,16.9175,11375.460000000001,0
YYGH.US,D,20251015,000000,16.81,16.95,15.795,15.8,20188.22,0
YYGH.US,D,20251016,000000,15.785,16.14,14.25,14.55,20337.68,0
YYGH.US,D,20251017,000000,14.275,14.3375,13.495,13.78,17398.7,0
YYGH.US,D,20251020,000000,14.35,14.89,14.305,14.64,5912.62,0
YYGH.US,D,20251021,000000,14.505,14.715,14.255,14.645,7694.54,0
YYGH.US,D,20251022,000000,14.75,14.96,14.05,14.125,11245.1,0
YYGH.US,D,20251023,000000,15.45,15.45,13.91,14.24,8425.84,0
YYGH.US,D,20251024,000000,15,15,14.33,14.505,14555.300000000001,0
YYGH.US,D,20251027,000000,15.5,15.5,14.495,15.455,12821.28,0
YYGH.US,D,20251028,000000,15.5,15.75,14.59,14.795,9279.7,0
YYGH.US,D,20251029,000000,15,23.39,14.51,17.535,1140685.06,0
YYGH.US,D,20251030,000000,15.34,16.23,13.96,15.135,66109.32,0
YYGH.US,D,20251031,000000,15.065,15.975,14.605,15.56,24665.22,0
YYGH.US,D,20251103,000000,15.5,16.5,15,15.25,53511.04,0
YYGH.US,D,20251104,000000,14.8,14.8,14,14.005,19715.54,0
YYGH.US,D,20251105,000000,14,14.3652,14,14.18,6755.360000000001,0
YYGH.US,D,20251106,000000,14.2125,14.5,13.75,14.02,9942.02,0
YYGH.US,D,20251107,000000,13.995,14.25,13.45,13.55,19214.74,0
YYGH.US,D,20251110,000000,13.78,13.895,13.45,13.745,15931.68,0
YYGH.US,D,20251111,000000,13.57,13.74,12.925,13.65,6862.24,0
YYGH.US,D,20251112,000000,13.525,13.975,13.335,13.79,5321.36,0
YYGH.US,D,20251113,000000,13.505,13.64,13,13.105,3625.7000000000003,0
YYGH.US,D,20251114,000000,12.74,12.9,12.1875,12.85,8582.2,0
YYGH.US,D,20251117,000000,12.6,12.995,11.75,11.885,5938.26,0
YYGH.US,D,20251118,000000,11.85,12.29,11.075,12.215,5878.12,0
YYGH.US,D,20251119,000000,14,14,11.99,13.095,7571.2,0
YYGH.US,D,20251120,000000,14.5,14.5,12.775,12.94,5496.56,0
YYGH.US,D,20251121,000000,13,13.25,12.365,13.165,3656.2200000000003,0
YYGH.US,D,20251124,000000,12.07,13.165,12.07,13.125,1905.3400000000001,0
YYGH.US,D,20251125,000000,13,13.235,12.9005,13.025,3996.78,0
YYGH.US,D,20251126,000000,12.945,13.325,12.9,13.015,2859.2000000000003,0
YYGH.US,D,20251128,000000,13.055,13.11,12,12.365,2973.42,0
YYGH.US,D,20251201,000000,12.35,13.3,12.065,13.225,23463.06,0
YYGH.US,D,20251202,000000,13.145,14.025,13.145,13.89,8734.56,0
YYGH.US,D,20251203,000000,13.61,15.59,13.5,14.595,41580.5,0
YYGH.US,D,20251204,000000,14.45,14.6,13.97,14.18,14449.68,0
YYGH.US,D,20251205,000000,15.185,15.185,14.035,14.325,6008,0
YYGH.US,D,20251208,000000,14.475,14.475,14,14.17,5760.76,0
YYGH.US,D,20251209,000000,13.9,14.17,13.025,13.545,4298.02,0
YYGH.US,D,20251210,000000,13.61,13.72,13.1,13.245,4448.7,0
YYGH.US,D,20251211,000000,13.01,13.34,12.625,12.725,5596.6,0
YYGH.US,D,20251212,000000,12.685,13,12.08,12.11,9193.66,0
YYGH.US,D,20251215,000000,12.39,12.39,10.89,11.205,8499.68,0
YYGH.US,D,20251216,000000,11.265,11.785,10.94,11.135,8507.12,0
YYGH.US,D,20251217,000000,11.375,11.53,10.5,10.555,5951.5,0
YYGH.US,D,20251218,000000,11.5,11.5,10.5,10.595,6712.72,0
YYGH.US,D,20251219,000000,11,11,10.25,10.34,2889.7200000000003,0
YYGH.US,D,20251222,000000,10.365,10.4,10,10.155,7872.4400000000005,0
YYGH.US,D,20251223,000000,10.5,10.5,9.9,10.045,4539,0
YYGH.US,D,20251224,000000,10.11,10.11,9.925,9.94,20672.66,0
YYGH.US,D,20251226,000000,11.4,11.77,10,10.72,1002245.96,0
YYGH.US,D,20251229,000000,10.775,12,10.4,10.98,63905,0
YYGH.US,D,20251230,000000,10.66,11.015,10,10.52,26979.2,0
YYGH.US,D,20251231,000000,10.3,10.94,10.025,10.055,8396.880000000001,0
YYGH.US,D,20260102,000000,10.13,10.9,10.125,10.9,5395.62,0
YYGH.US,D,20260105,000000,10.685,11.775,10.6,11.45,23916.2,0
YYGH.US,D,20260106,000000,11.29,11.5,10.995,11.5,13252.04,0
YYGH.US,D,20260107,000000,11.44,11.545,10.9,11.19,8523.6,0
YYGH.US,D,20260108,000000,11,11.245,10.785,11.135,6179.88,0
YYGH.US,D,20260109,000000,11.06,11.2275,10.84,11.205,4271.34,0
YYGH.US,D,20260112,000000,11.129,11.16,10.65,11.16,6203.28,0
YYGH.US,D,20260113,000000,10.98,11.135,10.66,11.135,3912.16,0
YYGH.US,D,20260114,000000,10.515,11.07,10.515,10.805,4556.52,0
YYGH.US,D,20260115,000000,10.6,11,10.33,10.99,4365.88,0
YYGH.US,D,20260116,000000,10.5,10.935,10.5,10.935,3089.86,0
YYGH.US,D,20260120,000000,10.87,10.87,10,10.225,6155.72,0
YYGH.US,D,20260121,000000,10.885,10.885,10.0055,10.44,6246.96,0
YYGH.US,D,20260122,000000,10.3437,10.9,10,10.355,8046.28,0
YYGH.US,D,20260123,000000,10.405,11.22,10.09,10.695,22200.28,0
YYGH.US,D,20260126,000000,10.585,10.65,10.325,10.65,3254.1,0
YYGH.US,D,20260127,000000,10.5005,11.545,10.41,11.035,14665.220000000001,0
YYGH.US,D,20260128,000000,11.655,12.2,10.765,12.05,98365.72,0
YYGH.US,D,20260129,000000,11.855,11.855,10.135,10.85,17367.32,0
YYGH.US,D,20260130,000000,10.525,11.14,10.415,10.8,9074.9,0
YYGH.US,D,20260202,000000,10.45,10.965,10.45,10.795,3619.32,0
YYGH.US,D,20260203,000000,10.4,10.722,10.4,10.575,2325.52,0
YYGH.US,D,20260204,000000,10.4,10.995,10.4,10.505,2604.04,0
YYGH.US,D,20260205,000000,10.5,11,9.515,9.515,6294.18,0
YYGH.US,D,20260206,000000,9.54,10.05,9.425,9.48,6432.6,0
YYGH.US,D,20260209,000000,9.995,10.695,9.525,10.515,10256.300000000001,0
YYGH.US,D,20260210,000000,10.74,10.745,10.13,10.64,1825.6000000000001,0
YYGH.US,D,20260211,000000,11.05,11.05,10.255,10.415,4045.6600000000003,0
YYGH.US,D,20260212,000000,10.85,11.75,10.15,10.33,27257.04,0
YYGH.US,D,20260213,000000,10.26,10.65,9.91,10.26,6020.400000000001,0
YYGH.US,D,20260217,000000,10.16,10.715,9.755,10.01,4141.14,0
YYGH.US,D,20260218,000000,10.05,10.33,10.01,10.33,670.9,0
YYGH.US,D,20260219,000000,10.25,10.405,10,10,3095.9,0
YYGH.US,D,20260220,000000,9.93,10.105,9.8,9.8,2845.58,0
YYGH.US,D,20260223,000000,10,10,9.495,9.655,2812.34,0
YYGH.US,D,20260224,000000,9.015,9.705,9.015,9.485,1890,0
YYGH.US,D,20260225,000000,9.21,10.02,9.21,9.79,1868,0
YYGH.US,D,20260226,000000,7.855,9.495,7.855,9.245,4454.58,0
YYGH.US,D,20260227,000000,9.375,9.585,8.995,9.575,10911.12,0
YYGH.US,D,20260302,000000,8.92,8.92,6.925,7.495,17269.94,0
YYGH.US,D,20260303,000000,6.815,7.35,6.815,7.01,10305.84,0
YYGH.US,D,20260304,000000,6.925,7.5,6.925,7.185,8655.12,0
YYGH.US,D,20260305,000000,7.135,8.15,6.705,8.055,244109.30000000002,0
YYGH.US,D,20260306,000000,6.94,6.94,5.275,5.51,463705.68,0
YYGH.US,D,20260309,000000,5.63,5.63,4.075,5.145,137052.06,0
YYGH.US,D,20260310,000000,4.8,5.4795,4.725,5.25,56937.76,0
YYGH.US,D,20260311,000000,5.6,5.6,4.88,5.41,164654.28,0
YYGH.US,D,20260312,000000,4.945,4.945,3.59,3.7675,669886.98,0
YYGH.US,D,20260313,000000,3.655,3.715,2.34,2.51,651536.62,0
YYGH.US,D,20260316,000000,2.555,2.555,2.1,2.275,568075.36,0
YYGH.US,D,20260317,000000,2.055,2.75,1.755,1.9,1741198.8800000001,0
YYGH.US,D,20260318,000000,2.4,3.3095,2.13,2.225,14071519.9,0
YYGH.US,D,20260319,000000,1.985,1.985,1.375,1.51,2193258.98,0
YYGH.US,D,20260320,000000,1.425,1.5,1.335,1.39,2179511.24,0
YYGH.US,D,20260323,000000,1.37,1.37,1.05,1.24,594623,0
YYGH.US,D,20260324,000000,1.12,1.13,1.02,1.08,615724,0
YYGH.US,D,20260325,000000,1.21,1.21,1.03,1.09,4807985,0
YYGH.US,D,20260326,000000,1.05,1.07,0.929401,1.025,564111,0
YYGH.US,D,20260327,000000,0.94,1.0599,0.94,1.03,285705,0
YYGH.US,D,20260330,000000,1.05,1.18,0.927,1.07,6943945,0
YYGH.US,D,20260331,000000,1.08,1.08,1,1.05,331709,0
YYGH.US,D,20260401,000000,1.05,1.075,0.9801,1.07,391793,0
YYGH.US,D,20260402,000000,1.03,1.125,0.9917,1.05,337436,0
YYGH.US,D,20260406,000000,1.09,1.12,1.06,1.08,309654,0
YYGH.US,D,20260407,000000,1.05,1.1099,0.960201,1.09,939772,0
YYGH.US,D,20260408,000000,1.07,1.21,0.955,1.15,501708,0
YYGH.US,D,20260409,000000,1.14,1.25,1.082,1.25,451625,0
YYGH.US,D,20260410,000000,1.24,1.52,1.24,1.45,568098,0
YYGH.US,D,20260413,000000,1.5,1.68,1.4922,1.6,323821,0
YYGH.US,D,20260414,000000,1.6,1.625,1.52,1.52,237485,0
YYGH.US,D,20260415,000000,1.55,1.66,1.5,1.62,246465,0
YYGH.US,D,20260416,000000,1.61,1.69,1.51,1.52,127535,0
YYGH.US,D,20260417,000000,1.565,1.665,1.3901,1.61,353066,0
YYGH.US,D,20260420,000000,1.6,1.625,1.452,1.58,109844,0
YYGH.US,D,20260421,000000,1.63,1.7,1.54,1.55,135606,0
YYGH.US,D,20260422,000000,1.56,1.6,1.52,1.6,379955,0
YYGH.US,D,20260423,000000,1.53,1.53,1.44,1.45,46755,0
YYGH.US,D,20260424,000000,1.46,1.46,1.3,1.33,122789,0
YYGH.US,D,20260427,000000,1.44,1.44,1.32,1.36,53232,0
YYGH.US,D,20260428,000000,1.33,1.42,1.32,1.32,47607,0
YYGH.US,D,20260429,000000,1.29,1.29,1.03,1.05,136419,0
YYGH.US,D,20260430,000000,1.03,1.055,0.99,0.9901,112524,0
YYGH.US,D,20260501,000000,0.9701,0.97505,0.82245,0.8504,339197,0
YYGH.US,D,20260504,000000,0.8687,0.885,0.70245,0.738,249113,0
YYGH.US,D,20260505,000000,0.7947,1.03,0.74,1.01,655184,0
YYGH.US,D,20260506,000000,1.01,1.39,1.005,1.09,954378,0
YYGH.US,D,20260507,000000,1.11,1.12,1.05,1.12,68924,0
YYGH.US,D,20260508,000000,1.1,1.16,1.08,1.12,109904,0
YYGH.US,D,20260511,000000,1.09,1.16,1,1.06,1947076,0
YYGH.US,D,20260512,000000,1.03,1.1,1,1.06,77958,0
YYGH.US,D,20260513,000000,1.04,1.23,1.04,1.05,527167,0
YYGH.US,D,20260514,000000,1.07,1.2,1.0344,1.09,502961,0
YYGH.US,D,20260515,000000,1.0535,1.075,0.997,1.03,121068,0
YYGH.US,D,20260518,000000,1.01,1.06,0.923,1.05,88074,0
YYGH.US,D,20260519,000000,1.02,1.02,0.8093,0.8103,177979,0
YYGH.US,D,20260520,000000,0.7,0.7,0.56,0.6012,2004462,0
YYGH.US,D,20260521,000000,0.47,0.5142,0.4465,0.4951,723538,0
YYGH.US,D,20260522,000000,0.471,0.49,0.3388,0.3755,2168508,0
YYGH.US,D,20260526,000000,0.2849,0.2849,0.1951,0.2363,36323653,0
YYGH.US,D,20260527,000000,0.214,0.215,0.202,0.2085,39551780,0
YYGH.US,D,20260528,000000,0.24,0.2731,0.2012,0.232,102294710,0
YYGH.US,D,20260529,000000,0.18635,0.2125,0.171,0.19,16625003,0
YYGH.US,D,20260601,000000,0.183,0.2,0.1712,0.1897,5500022,0
YYGH.US,D,20260602,000000,0.1373,0.1701,0.135,0.153,50468871,0
YYGH.US,D,20260603,000000,0.1428,0.1489,0.1315,0.1469,67363428,0
YYGH.US,D,20260604,000000,0.1979,0.26,0.1511,0.162,355294761,0
YYGH.US,D,20260605,000000,0.1721,0.1721,0.1178,0.131,74879115,0
YYGH.US,D,20260608,000000,0.1252,0.1303,0.108,0.1297,36928778,0
YYGH.US,D,20260609,000000,0.1231,0.1275,0.11,0.1253,123239800,0
YYGH.US,D,20260610,000000,0.162,0.1769,0.1291,0.165,303182632,0
YYGH.US,D,20260611,000000,0.1374,0.14,0.118,0.123,71958523,0
YYGH.US,D,20260612,000000,0.1195,0.1227,0.1077,0.119,76662840,0
YYGH.US,D,20260615,000000,0.1235,0.1335,0.1218,0.1262,34476866,0
YYGH.US,D,20260616,000000,0.1494,0.1532,0.1242,0.141,194462149,0
YYGH.US,D,20260617,000000,0.1285,0.134,0.123,0.1289,27793259,0
YYGH.US,D,20260618,000000,0.08,0.0892,0.0697,0.0803,82042673,0
YYGH.US,D,20260622,000000,0.06835,0.0724,0.0659,0.0724,27417119,0
YYGH.US,D,20260623,000000,2.12,2.27,1.8306,2.13,676957,0
YYGH.US,D,20260624,000000,1.87,2.09,1.6201,1.71,1244326,0
