<TICKER>,<PER>,<DATE>,<TIME>,<OPEN>,<HIGH>,<LOW>,<CLOSE>,<VOL>,<OPENINT>
PMI.US,D,20250829,000000,4.25,7.12,4.19,4.59,6339731,0
PMI.US,D,20250902,000000,4.805,5.35,4.65,5.14,4917907,0
PMI.US,D,20250903,000000,5.1344,5.4,5.01,5.29,1798016,0
PMI.US,D,20250904,000000,5.3,5.75,5.3,5.73,1403711,0
PMI.US,D,20250905,000000,5.77,5.9,5.65,5.85,928613,0
PMI.US,D,20250908,000000,6.05,6.745,5.94,6.66,7717074,0
PMI.US,D,20250909,000000,6.6,6.7,6.2201,6.46,1075334,0
PMI.US,D,20250910,000000,6.21,6.65,6.2,6.48,1352906,0
PMI.US,D,20250911,000000,6.47,7.1899,6.38,7,4484968,0
PMI.US,D,20250912,000000,7.14,7.25,6.96,7.15,800241,0
PMI.US,D,20250915,000000,7.08,7.75,6.95,7.6,6270243,0
PMI.US,D,20250916,000000,7.402,7.65,7.01,7.6,2993914,0
PMI.US,D,20250917,000000,7.44,7.79,7.15,7.58,2406266,0
PMI.US,D,20250918,000000,7.21,7.45,6.9,7.17,1311169,0
PMI.US,D,20250919,000000,7.17,7.5741,6.82,7.53,3615408,0
PMI.US,D,20250922,000000,7.45,7.5,7.12,7.5,1080702,0
PMI.US,D,20250923,000000,7.48,7.8,7.35,7.8,1679222,0
PMI.US,D,20250924,000000,7.8,7.8899,7.4,7.77,2195821,0
PMI.US,D,20250925,000000,7.85,8.37,7.75,8.21,4862562,0
PMI.US,D,20250926,000000,8.32,8.8,8.03,8.7,2385811,0
PMI.US,D,20250929,000000,8.53,8.7,8.1,8.7,862140,0
PMI.US,D,20250930,000000,8.5,8.838,8.4548,8.5,172434,0
PMI.US,D,20251001,000000,8.7999,8.95,8.51,8.84,121790,0
PMI.US,D,20251002,000000,9.1,9.24,8.65,9.15,2156848,0
PMI.US,D,20251003,000000,9.06,9.63,8.15,9.63,2580141,0
PMI.US,D,20251006,000000,9.52,10.18,9.15,10.07,1174105,0
PMI.US,D,20251007,000000,10.44,10.45,9.3,9.57,431722,0
PMI.US,D,20251008,000000,9.77,10.3,9.6,9.6,940660,0
PMI.US,D,20251009,000000,9.49,9.6,9.02,9.5,4955551,0
PMI.US,D,20251010,000000,9.4,9.75,8.7,9.6,3533358,0
PMI.US,D,20251013,000000,9.55,9.89,9.46,9.75,715174,0
PMI.US,D,20251014,000000,9.65,9.9,9.4,9.75,648380,0
PMI.US,D,20251015,000000,9.74,11.85,9.08,10.59,8068452,0
PMI.US,D,20251016,000000,10.5,10.6,9.56,10.3,494764,0
PMI.US,D,20251017,000000,9.98,10.3,9.47,9.73,280890,0
PMI.US,D,20251020,000000,9.9,11.6,9.89,11.6,370153,0
PMI.US,D,20251021,000000,11.61,12.67,11.59,12.63,4380043,0
PMI.US,D,20251022,000000,12.65,13.36,12.32,13.17,2312765,0
PMI.US,D,20251023,000000,13.17,13.68,12.71,13.2,9626860,0
PMI.US,D,20251024,000000,3.9,5.83,3.245,5.31,21172271,0
PMI.US,D,20251027,000000,5.41,5.61,4.53,4.75,4977711,0
PMI.US,D,20251028,000000,4.4918,4.4918,3.875,4.05,2120781,0
PMI.US,D,20251029,000000,3.6,3.7299,3.03,3.28,2780101,0
PMI.US,D,20251030,000000,3.061,3.36,3.02,3.28,956638,0
PMI.US,D,20251031,000000,3.27,3.27,2.7,2.75,1246589,0
PMI.US,D,20251103,000000,2.7899,3.31,2.6,2.92,1096852,0
PMI.US,D,20251104,000000,2.9,3.1699,2.85,2.94,414729,0
PMI.US,D,20251105,000000,2.95,3.39,2.95,3.3,519267,0
PMI.US,D,20251106,000000,3.29,3.39,3.21,3.25,352065,0
PMI.US,D,20251107,000000,3.2,3.25,3.02,3.04,177727,0
PMI.US,D,20251110,000000,3.0401,3.13,2.9,2.9,421205,0
PMI.US,D,20251111,000000,2.9,3,2.81,2.87,232188,0
PMI.US,D,20251112,000000,2.9,2.9,2.71,2.74,232760,0
PMI.US,D,20251113,000000,2.7504,2.7504,2.4,2.44,373831,0
PMI.US,D,20251114,000000,2.3103,2.7,2.3103,2.7,293972,0
PMI.US,D,20251117,000000,2.64,2.68,2.33,2.6,226881,0
PMI.US,D,20251118,000000,2.49,2.8,2.23,2.54,592878,0
PMI.US,D,20251119,000000,2.53,2.64,2.34,2.37,147397,0
PMI.US,D,20251120,000000,2.46,2.4601,2.2,2.2,198299,0
PMI.US,D,20251121,000000,2.22,2.34,2.2,2.27,136106,0
PMI.US,D,20251124,000000,2.32,2.3805,2.22,2.22,86044,0
PMI.US,D,20251125,000000,2.2396,2.2396,2.05,2.05,231934,0
PMI.US,D,20251126,000000,2.05,2.33,2.01,2.09,235049,0
PMI.US,D,20251128,000000,2.19,2.19,2.05,2.13,89863,0
PMI.US,D,20251201,000000,2.1,2.2,2.05,2.12,132447,0
PMI.US,D,20251202,000000,2.11,2.14,1.9,1.98,240370,0
PMI.US,D,20251203,000000,2.03,2.07,1.93,2.02,243069,0
PMI.US,D,20251204,000000,2.575,4.16,2.23,3.69,39194355,0
PMI.US,D,20251205,000000,3.475,3.5,3,3.05,3498819,0
PMI.US,D,20251208,000000,3.395,3.4,2.77,2.87,2148626,0
PMI.US,D,20251209,000000,2.6324,2.8,2.5,2.62,856987,0
PMI.US,D,20251210,000000,2.7795,3.2,2.63,2.7,1593828,0
PMI.US,D,20251211,000000,2.63,2.7,2.43,2.47,508538,0
PMI.US,D,20251212,000000,2.4804,2.51,2.35,2.37,251181,0
PMI.US,D,20251215,000000,2.27,2.48,2.22,2.43,365453,0
PMI.US,D,20251216,000000,2.36,2.405,2.2801,2.3,174973,0
PMI.US,D,20251217,000000,2.2901,2.32,2.23,2.23,111684,0
PMI.US,D,20251218,000000,2.31,2.5,2.28,2.46,400627,0
PMI.US,D,20251219,000000,2.465,2.5439,2.23,2.33,517430,0
PMI.US,D,20251222,000000,2.315,2.39,2.245,2.25,146756,0
PMI.US,D,20251223,000000,2.22,2.22,2.025,2.14,414892,0
PMI.US,D,20251224,000000,2.07,2.13,2,2.1,183197,0
PMI.US,D,20251226,000000,2.08,2.1,1.97,1.97,185016,0
PMI.US,D,20251229,000000,1.97,1.9863,1.87,1.87,276368,0
PMI.US,D,20251230,000000,1.95,1.95,1.75,1.75,289101,0
PMI.US,D,20251231,000000,1.75,1.85,1.65,1.75,273289,0
PMI.US,D,20260102,000000,1.79,1.87,1.72,1.82,213407,0
PMI.US,D,20260105,000000,1.85,1.91,1.67,1.67,327123,0
PMI.US,D,20260106,000000,1.695,1.74,1.63,1.73,206414,0
PMI.US,D,20260107,000000,1.722,1.91,1.69,1.91,270966,0
PMI.US,D,20260108,000000,1.89,1.91,1.76,1.76,181352,0
PMI.US,D,20260109,000000,1.793,1.793,1.67,1.68,195941,0
PMI.US,D,20260112,000000,1.695,1.71,1.65,1.66,125165,0
PMI.US,D,20260113,000000,1.7099,1.78,1.65,1.74,138263,0
PMI.US,D,20260114,000000,1.76,1.77,1.7,1.77,68709,0
PMI.US,D,20260115,000000,1.7,1.74,1.66,1.7,85969,0
PMI.US,D,20260116,000000,1.72,1.72,1.61,1.64,139127,0
PMI.US,D,20260120,000000,1.615,1.97,1.58,1.87,351917,0
PMI.US,D,20260121,000000,1.77,1.86,1.69,1.79,147493,0
PMI.US,D,20260122,000000,1.76,2.02,1.76,1.91,304693,0
PMI.US,D,20260123,000000,1.93,1.93,1.75,1.75,134620,0
PMI.US,D,20260126,000000,1.872,1.872,1.78,1.85,72967,0
PMI.US,D,20260127,000000,1.85,1.89,1.81,1.83,103894,0
PMI.US,D,20260128,000000,1.82,1.83,1.74,1.8,126321,0
PMI.US,D,20260129,000000,1.8,1.85,1.78,1.8,96560,0
PMI.US,D,20260130,000000,1.7995,1.8,1.7408,1.75,83211,0
PMI.US,D,20260202,000000,1.75,2.3,1.72,2.07,679992,0
PMI.US,D,20260203,000000,2.0512,2.0817,1.9,1.92,192134,0
PMI.US,D,20260204,000000,1.86,1.9,1.78,1.78,88345,0
PMI.US,D,20260205,000000,1.78,1.87,1.69,1.69,82471,0
PMI.US,D,20260206,000000,1.73,1.88,1.69,1.88,71517,0
PMI.US,D,20260209,000000,1.8103,1.835,1.73,1.73,63495,0
PMI.US,D,20260210,000000,1.7751,1.7751,1.68,1.68,62648,0
PMI.US,D,20260211,000000,1.7111,1.75,1.61,1.61,74999,0
PMI.US,D,20260212,000000,2.3,2.5,1.3,1.59,34833296,0
PMI.US,D,20260213,000000,1.51,1.65,1.35,1.56,994485,0
PMI.US,D,20260217,000000,1.38,1.65,1.37,1.45,671027,0
PMI.US,D,20260218,000000,1.47,1.54,1.43,1.43,269257,0
PMI.US,D,20260219,000000,1.4,1.44,1.2601,1.33,560812,0
PMI.US,D,20260220,000000,1.27,1.29,1.2,1.26,353855,0
PMI.US,D,20260223,000000,1.22,1.22,1.1323,1.17,257700,0
PMI.US,D,20260224,000000,1.14,1.18,1.13,1.14,162812,0
PMI.US,D,20260225,000000,1.175,1.2,1.14,1.16,138830,0
PMI.US,D,20260226,000000,1.16,1.22,1.13,1.15,207205,0
PMI.US,D,20260227,000000,1.14,1.148,1.06,1.08,216279,0
PMI.US,D,20260302,000000,1.07,1.0858,1.01,1.08,138109,0
PMI.US,D,20260303,000000,1.02,1.04,0.96,0.9601,294594,0
PMI.US,D,20260304,000000,0.97,1.16,0.96,1.14,230029,0
PMI.US,D,20260305,000000,1.1,1.1119,1,1.07,302571,0
PMI.US,D,20260306,000000,1.0408,1.14,1.04,1.08,99458,0
PMI.US,D,20260309,000000,1.07,1.17,1.0101,1.16,152802,0
PMI.US,D,20260310,000000,1.12,1.27,1.1,1.22,231141,0
PMI.US,D,20260311,000000,1.18,1.21,1.15,1.15,58275,0
PMI.US,D,20260312,000000,1.1804,1.35,1.12,1.29,571728,0
PMI.US,D,20260313,000000,1.29,1.35,1.23,1.23,202056,0
PMI.US,D,20260316,000000,1.255,1.37,1.21,1.27,458505,0
PMI.US,D,20260317,000000,1.26,1.27,1.14,1.14,158203,0
PMI.US,D,20260318,000000,1.175,1.18,1.13,1.16,43393,0
PMI.US,D,20260319,000000,1.17,1.21,1.1,1.12,82048,0
PMI.US,D,20260320,000000,1.11,1.165,1.1,1.15,209161,0
PMI.US,D,20260323,000000,1.13,1.13,1.02,1.05,175090,0
PMI.US,D,20260324,000000,1.05,1.07,0.99,0.99,176542,0
PMI.US,D,20260325,000000,1,1.06,0.9872,1.02,138334,0
PMI.US,D,20260326,000000,1,1.06,1,1.01,99890,0
PMI.US,D,20260327,000000,1.03,1.03,0.9208,0.9208,97801,0
PMI.US,D,20260330,000000,1,1.1,0.92,1.08,191189,0
PMI.US,D,20260331,000000,1.09,1.09,0.9861,1.04,83365,0
PMI.US,D,20260401,000000,1.02,1.07,1.02,1.05,86692,0
PMI.US,D,20260402,000000,1.04,1.06,0.9454,0.951,153606,0
PMI.US,D,20260406,000000,0.951,0.99,0.951,0.96,34529,0
PMI.US,D,20260407,000000,0.99,1.04,0.9695,1.04,113892,0
PMI.US,D,20260408,000000,1.06,1.06,1.005,1.02,102100,0
PMI.US,D,20260409,000000,1.03,1.05,0.99,0.99,50600,0
PMI.US,D,20260410,000000,0.9972,1,0.92,0.9437,165392,0
PMI.US,D,20260413,000000,0.9625,1.02,0.9301,0.95,134907,0
PMI.US,D,20260414,000000,0.97,0.97,0.921,0.9645,82190,0
PMI.US,D,20260415,000000,0.9463,0.9694,0.9356,0.947,169098,0
PMI.US,D,20260416,000000,0.9404,0.967,0.900701,0.9564,204173,0
PMI.US,D,20260417,000000,0.95,0.956387,0.9228,0.927,152149,0
PMI.US,D,20260420,000000,0.9,0.948,0.9,0.9,249472,0
PMI.US,D,20260421,000000,0.901,0.9198,0.8419,0.85,311825,0
PMI.US,D,20260422,000000,0.8629,0.92,0.8578,0.9069,255268,0
PMI.US,D,20260423,000000,0.9054,0.9198,0.8403,0.843,134201,0
PMI.US,D,20260424,000000,0.8598,0.8599,0.8132,0.846,102893,0
PMI.US,D,20260427,000000,0.8,0.811423,0.69,0.69,471698,0
PMI.US,D,20260428,000000,0.7019,0.7055,0.4301,0.4486,1547762,0
PMI.US,D,20260429,000000,0.48,0.480699,0.395101,0.4736,728232,0
PMI.US,D,20260430,000000,0.462,0.7685,0.4221,0.455,29449983,0
PMI.US,D,20260501,000000,0.46,0.542,0.4283,0.4386,1968491,0
PMI.US,D,20260504,000000,0.4137,0.4178,0.352,0.3521,2042290,0
PMI.US,D,20260505,000000,0.25,0.25,0.18,0.21,17023611,0
PMI.US,D,20260506,000000,0.217,0.232,0.1908,0.232,8460657,0
PMI.US,D,20260507,000000,0.2189,0.2372,0.2107,0.2209,4362203,0
PMI.US,D,20260508,000000,0.223,0.241,0.2068,0.2083,3844926,0
PMI.US,D,20260511,000000,0.2115,0.2169,0.2006,0.2026,2782883,0
PMI.US,D,20260512,000000,0.1976,0.2002,0.1707,0.178,2511375,0
PMI.US,D,20260513,000000,0.1792,0.1801,0.1553,0.1581,2502029,0
PMI.US,D,20260514,000000,0.1595,0.176707,0.1594,0.1671,1080108,0
PMI.US,D,20260515,000000,0.1654,0.1722,0.1567,0.16,992053,0
PMI.US,D,20260518,000000,0.16435,0.267,0.1281,0.1713,340067756,0
PMI.US,D,20260519,000000,0.1534,0.165,0.14305,0.1599,15131341,0
PMI.US,D,20260520,000000,0.163,0.163,0.13655,0.154,7522397,0
PMI.US,D,20260521,000000,0.149,0.149,0.1388,0.141,5257375,0
PMI.US,D,20260522,000000,0.1428,0.151,0.1364,0.151,11555151,0
PMI.US,D,20260526,000000,0.15,0.15,0.11,0.1399,6772445,0
PMI.US,D,20260527,000000,0.1322,0.1399,0.1253,0.1399,3586411,0
PMI.US,D,20260528,000000,0.13,0.15,0.13,0.15,4335325,0
PMI.US,D,20260529,000000,0.1583,0.1583,0.1383,0.1475,16608060,0
PMI.US,D,20260601,000000,0.1557,0.1863,0.154149,0.1684,23528618,0
PMI.US,D,20260602,000000,0.3883,0.397,0.26,0.27,826295643,0
PMI.US,D,20260603,000000,0.33,0.374,0.2919,0.3076,237459598,0
PMI.US,D,20260604,000000,0.242,0.3348,0.242,0.3195,58290708,0
PMI.US,D,20260605,000000,0.28,0.3,0.2423,0.2582,16072394,0
PMI.US,D,20260608,000000,0.258,0.269,0.2301,0.2644,9275338,0
PMI.US,D,20260609,000000,0.215,0.3569,0.215,0.3201,40393849,0
PMI.US,D,20260610,000000,0.268,0.2767,0.185,0.2107,20923728,0
PMI.US,D,20260611,000000,0.194,0.1978,0.1737,0.1812,7278806,0
PMI.US,D,20260612,000000,0.1814,0.1814,0.1631,0.179,8753721,0
PMI.US,D,20260615,000000,0.1801,0.1903,0.17,0.1728,6073817,0
PMI.US,D,20260616,000000,0.1728,0.1747,0.151,0.166,4366197,0
PMI.US,D,20260617,000000,0.16,0.2042,0.156,0.191,13483437,0
PMI.US,D,20260618,000000,0.175,0.1911,0.1719,0.1821,4493779,0
PMI.US,D,20260622,000000,0.183,0.2,0.1653,0.2,6456295,0
PMI.US,D,20260623,000000,0.1803,0.1855,0.1738,0.1744,2824696,0
PMI.US,D,20260624,000000,0.1736,0.178,0.1661,0.1716,2716947,0
