<TICKER>,<PER>,<DATE>,<TIME>,<OPEN>,<HIGH>,<LOW>,<CLOSE>,<VOL>,<OPENINT>
RGNT.US,D,20251204,000000,7.4,7.5,6.955,7.5,334241,0
RGNT.US,D,20251205,000000,7.29,7.6979,7.28,7.49,74243,0
RGNT.US,D,20251208,000000,7.26,7.38,7.05,7.33,11029,0
RGNT.US,D,20251209,000000,7.26,7.5,7.25,7.5,14637,0
RGNT.US,D,20251210,000000,7.2,7.2,7.05,7.1,4394,0
RGNT.US,D,20251211,000000,7.18,7.2,7.06,7.14,4007,0
RGNT.US,D,20251212,000000,7.17,7.18,7.17,7.18,3420,0
RGNT.US,D,20251215,000000,7.2671,7.46,6.801,6.8898,20143,0
RGNT.US,D,20251216,000000,6.81,6.8737,5.75,6.05,44305,0
RGNT.US,D,20251217,000000,6.335,6.34,6.13,6.1501,3181,0
RGNT.US,D,20251218,000000,6.3149,6.3962,6.25,6.3962,2547,0
RGNT.US,D,20251219,000000,6.5,6.5,6.1,6.1,998,0
RGNT.US,D,20251222,000000,6.135,6.95,6,6.65,28511,0
RGNT.US,D,20251223,000000,6.5,7.17,6.4,6.65,22504,0
RGNT.US,D,20251224,000000,6.5,6.65,6.5,6.65,1623,0
RGNT.US,D,20251226,000000,6.66,6.9499,6.3301,6.93,2092,0
RGNT.US,D,20251229,000000,6.74,7.25,6.73,7.07,20213,0
RGNT.US,D,20251230,000000,7.1,7.1,6.655,6.85,9410,0
RGNT.US,D,20251231,000000,6.965,6.965,6.65,6.74,2889,0
RGNT.US,D,20260105,000000,7,7.0481,6.55,6.81,39701,0
RGNT.US,D,20260106,000000,7.048,7.0499,6.44,6.6508,4813,0
RGNT.US,D,20260107,000000,6.16,6.78,6.16,6.78,3445,0
RGNT.US,D,20260108,000000,6.6999,7,6.68,6.91,7705,0
RGNT.US,D,20260109,000000,6.41,7.05,6.41,6.62,5620,0
RGNT.US,D,20260112,000000,6.55,6.55,6.35,6.35,1964,0
RGNT.US,D,20260113,000000,6.5516,6.5516,6.55,6.55,2582,0
RGNT.US,D,20260114,000000,6.6379,6.6379,6.6379,6.6379,3379,0
RGNT.US,D,20260115,000000,6.6393,7.77,6.465,7.7,116563,0
RGNT.US,D,20260116,000000,8.2,8.35,6.63,7.1,322373,0
RGNT.US,D,20260120,000000,7.58,7.58,6.1196,7.0999,184696,0
RGNT.US,D,20260121,000000,6.85,7.1591,6.75,6.9,30549,0
RGNT.US,D,20260122,000000,6.9,7.4574,6.87,7.25,22996,0
RGNT.US,D,20260123,000000,7.105,7.17,6.75,6.88,18887,0
RGNT.US,D,20260126,000000,6.8543,7,6.65,6.65,20361,0
RGNT.US,D,20260127,000000,6.55,6.6777,6.55,6.65,11099,0
RGNT.US,D,20260128,000000,6.65,6.83,4.37,6.44,55569,0
RGNT.US,D,20260129,000000,7,7,5.9901,6.13,22196,0
RGNT.US,D,20260130,000000,6,6.13,5.75,5.8,9820,0
RGNT.US,D,20260202,000000,5.8,5.9128,5.7786,5.81,8957,0
RGNT.US,D,20260203,000000,5.85,6.01,5.81,5.81,5749,0
RGNT.US,D,20260204,000000,6.005,6.05,5.8,5.8,8273,0
RGNT.US,D,20260205,000000,5.6,5.6,4.81,4.81,5889,0
RGNT.US,D,20260206,000000,5.25,5.3,4.83,4.83,20110,0
RGNT.US,D,20260209,000000,5.095,5.15,4.99,5.015,4853,0
RGNT.US,D,20260210,000000,4.8,5.2199,4.61,4.61,24677,0
RGNT.US,D,20260211,000000,4.83,4.8551,4.6,4.7,9620,0
RGNT.US,D,20260212,000000,4.75,4.77,4.04,4.38,18772,0
RGNT.US,D,20260213,000000,4.38,4.5,4.37,4.3895,3531,0
RGNT.US,D,20260217,000000,4.635,4.635,3.93,3.93,18263,0
RGNT.US,D,20260218,000000,4.18,4.18,3.91,4,5112,0
RGNT.US,D,20260219,000000,4.063,4.3,3.91,3.91,6280,0
RGNT.US,D,20260220,000000,3.91,4.2399,3.82,4.085,8665,0
RGNT.US,D,20260223,000000,4.15,4.15,3.7,3.7,4449,0
RGNT.US,D,20260224,000000,3.9,4.02,3.8,4,12300,0
RGNT.US,D,20260225,000000,4.18,4.4,4,4.03,3100,0
RGNT.US,D,20260226,000000,4.03,4.03,3.94,3.94,4477,0
RGNT.US,D,20260227,000000,3.86,3.9636,3.8223,3.9636,1441,0
RGNT.US,D,20260302,000000,3.6099,3.6418,3.1,3.2201,28304,0
RGNT.US,D,20260303,000000,3.25,3.346,3.205,3.346,1984,0
RGNT.US,D,20260304,000000,3.3,3.32,3.2,3.2471,2761,0
RGNT.US,D,20260305,000000,3.1,3.35,3.1,3.35,2246,0
RGNT.US,D,20260306,000000,3.36,3.36,3.36,3.36,669,0
RGNT.US,D,20260310,000000,3.22,3.3799,3.22,3.3799,7488,0
RGNT.US,D,20260313,000000,3.275,3.275,3.275,3.275,1937,0
RGNT.US,D,20260316,000000,3.268,3.275,3.1801,3.1801,1604,0
RGNT.US,D,20260317,000000,3.2881,3.38,3,3.3672,10325,0
RGNT.US,D,20260318,000000,3.14,3.14,3.14,3.14,846,0
RGNT.US,D,20260319,000000,3.245,3.245,3.1528,3.1528,2951,0
RGNT.US,D,20260320,000000,3.03,3.04,3.03,3.03,2749,0
RGNT.US,D,20260323,000000,2.95,3.0999,2.95,3.0999,7625,0
RGNT.US,D,20260324,000000,2.93,2.93,2.91,2.92,4620,0
RGNT.US,D,20260325,000000,2.93,3.21,2.8001,2.995,15123,0
RGNT.US,D,20260326,000000,3.0006,3.075,2.8055,3.04,9731,0
RGNT.US,D,20260327,000000,3.1,3.28,2.95,3.1492,9151,0
RGNT.US,D,20260330,000000,3.275,3.3,3,3,6204,0
RGNT.US,D,20260331,000000,3.0358,3.055,3.0358,3.055,2629,0
RGNT.US,D,20260401,000000,2.98,3,2.98,3,2017,0
RGNT.US,D,20260402,000000,3.175,3.175,3.0417,3.11,1042,0
RGNT.US,D,20260406,000000,3.1,3.1,3.02,3.05,5743,0
RGNT.US,D,20260407,000000,3.275,3.275,3.1,3.1,3246,0
RGNT.US,D,20260409,000000,3.28,3.2845,3.055,3.055,1323,0
RGNT.US,D,20260410,000000,3.1,3.1,3,3.1,4164,0
RGNT.US,D,20260413,000000,3.19,3.375,3.11,3.145,7111,0
RGNT.US,D,20260414,000000,3.14,3.14,3.04,3.04,2366,0
RGNT.US,D,20260415,000000,3.25,3.25,3.02,3.1,6301,0
RGNT.US,D,20260416,000000,3.0702,3.25,3.0702,3.2,7457,0
RGNT.US,D,20260417,000000,3.29,3.29,2.9501,3.05,2615,0
RGNT.US,D,20260420,000000,2.963,2.963,2.963,2.963,550,0
RGNT.US,D,20260421,000000,2.95,3.0072,2.95,2.97,3096,0
RGNT.US,D,20260422,000000,3.04,3.15,2.96,3.055,10362,0
RGNT.US,D,20260423,000000,2.97,3.08,2.97,3.08,2268,0
RGNT.US,D,20260424,000000,2.73,3.18,2.73,3.09,3033,0
RGNT.US,D,20260427,000000,2.94,3.07,2.94,3,4655,0
RGNT.US,D,20260428,000000,3.08,3.14,3,3,2033,0
RGNT.US,D,20260429,000000,2.9302,2.95,2.85,2.93,7994,0
RGNT.US,D,20260430,000000,2.94,2.9524,2.9,2.91,2106,0
RGNT.US,D,20260501,000000,2.7132,2.88,2.6999,2.87,17661,0
RGNT.US,D,20260504,000000,2.4,2.84,2.38,2.55,33132,0
RGNT.US,D,20260505,000000,2.5,2.575,2.4,2.45,22352,0
RGNT.US,D,20260506,000000,2.44,2.45,2.21,2.37,25657,0
RGNT.US,D,20260507,000000,2.28,2.33,2.28,2.28,6014,0
RGNT.US,D,20260508,000000,2.202,2.35,2.01,2.22,12566,0
RGNT.US,D,20260511,000000,2.0777,2.19,2.0777,2.1762,6807,0
RGNT.US,D,20260512,000000,2.11,2.24,2.08,2.1396,4255,0
RGNT.US,D,20260513,000000,2.02,2.09,2.02,2.055,4867,0
RGNT.US,D,20260514,000000,2.1209,2.1209,2.025,2.05,4614,0
RGNT.US,D,20260515,000000,1.99,2.1485,1.98,2.1485,5289,0
RGNT.US,D,20260518,000000,2.0362,2.0362,1.93,1.93,7664,0
RGNT.US,D,20260519,000000,1.93,1.935,1.8201,1.8651,14279,0
RGNT.US,D,20260520,000000,1.89,2.6087,1.875,2.28,250115,0
RGNT.US,D,20260521,000000,2.16,2.615,2.06,2.15,70303,0
RGNT.US,D,20260522,000000,2.14,2.2238,1.93,2.21,17710,0
RGNT.US,D,20260526,000000,2.18,2.18,1.9516,2.16,16387,0
RGNT.US,D,20260527,000000,2.1,2.17,1.95,1.96,23616,0
RGNT.US,D,20260528,000000,1.95,2.015,1.87,1.98,70346,0
RGNT.US,D,20260529,000000,1.925,1.9299,1.8,1.85,12863,0
RGNT.US,D,20260601,000000,1.8,1.85,1.5351,1.63,55856,0
RGNT.US,D,20260602,000000,1.6,1.705,1.6,1.66,16323,0
RGNT.US,D,20260603,000000,1.66,1.9,1.66,1.77,22434,0
RGNT.US,D,20260604,000000,1.755,1.7901,1.65,1.72,10140,0
RGNT.US,D,20260605,000000,1.5,1.56,1.3,1.32,695723,0
RGNT.US,D,20260608,000000,1.29,1.43,1.2316,1.28,11288571,0
RGNT.US,D,20260609,000000,2.52,6.55,2.23,2.41,104227759,0
RGNT.US,D,20260610,000000,2.5,2.5,1.43,1.76,3042664,0
RGNT.US,D,20260611,000000,1.62,2.96,1.62,1.9,5961491,0
RGNT.US,D,20260612,000000,1.85,1.86,1.5,1.5,1061539,0
RGNT.US,D,20260615,000000,1.7,15.5,1.6855,9.4,186534167,0
RGNT.US,D,20260616,000000,7.9,8.7,6.1,6.1,8384328,0
RGNT.US,D,20260617,000000,7,7.1699,4.2,4.75,5699739,0
RGNT.US,D,20260618,000000,4.81,4.84,3.9,4.29,991728,0
RGNT.US,D,20260622,000000,3.99,5,3.99,4.13,1021607,0
RGNT.US,D,20260623,000000,3.92,4.59,3.91,4.2,594051,0
RGNT.US,D,20260624,000000,4.19,4.2976,3.9,4.1101,377553,0
