<TICKER>,<PER>,<DATE>,<TIME>,<OPEN>,<HIGH>,<LOW>,<CLOSE>,<VOL>,<OPENINT>
SRXH.US,D,20250730,000000,0.4,0.4494,0.395,0.4211,485431,0
SRXH.US,D,20250731,000000,0.437849,0.439999,0.381,0.4003,131462,0
SRXH.US,D,20250801,000000,0.3835,0.3939,0.3415,0.3806,507301,0
SRXH.US,D,20250804,000000,0.355,0.379999,0.322,0.3579,206568,0
SRXH.US,D,20250805,000000,0.3579,0.42,0.3401,0.4194,895860,0
SRXH.US,D,20250806,000000,0.380001,0.41,0.3784,0.385,169337,0
SRXH.US,D,20250807,000000,0.376,0.3824,0.3505,0.3659,108150,0
SRXH.US,D,20250808,000000,0.3629,0.3659,0.342,0.3508,81137,0
SRXH.US,D,20250811,000000,0.3459,0.3922,0.3414,0.3793,611238,0
SRXH.US,D,20250812,000000,0.35,0.39,0.302,0.332,1723583,0
SRXH.US,D,20250813,000000,0.3153,0.3398,0.281,0.299,770786,0
SRXH.US,D,20250814,000000,0.3,0.3072,0.265,0.2708,8097128,0
SRXH.US,D,20250815,000000,0.39,0.77999,0.3355,0.5,666690014,0
SRXH.US,D,20250818,000000,0.4602,0.49,0.3658,0.4199,17825202,0
SRXH.US,D,20250819,000000,0.399,0.4042,0.3317,0.34,4382962,0
SRXH.US,D,20250820,000000,0.3277,0.38,0.3207,0.3454,2162634,0
SRXH.US,D,20250821,000000,0.35,0.4124,0.3466,0.396,2595814,0
SRXH.US,D,20250822,000000,0.37165,0.4235,0.371,0.4214,2645141,0
SRXH.US,D,20250825,000000,0.4064,0.4139,0.3859,0.4041,827428,0
SRXH.US,D,20250826,000000,0.3806,0.4134,0.3806,0.3924,761709,0
SRXH.US,D,20250827,000000,0.381,0.3969,0.365,0.37,937301,0
SRXH.US,D,20250828,000000,0.3614,0.3843,0.354,0.3649,621897,0
SRXH.US,D,20250829,000000,0.4365,0.4486,0.3845,0.4178,79546006,0
SRXH.US,D,20250902,000000,0.37145,0.4348,0.365,0.403,3453947,0
SRXH.US,D,20250903,000000,0.3852,0.4,0.37,0.4,1144519,0
SRXH.US,D,20250904,000000,0.375,0.397,0.36,0.382,765208,0
SRXH.US,D,20250905,000000,0.3651,0.3754,0.3501,0.375,808457,0
SRXH.US,D,20250908,000000,0.3591,0.37,0.33,0.3557,1058184,0
SRXH.US,D,20250909,000000,0.3405,0.341,0.32532,0.336,698287,0
SRXH.US,D,20250910,000000,0.326,0.3336,0.27,0.3015,2302254,0
SRXH.US,D,20250911,000000,0.3015,0.316,0.283,0.304,630680,0
SRXH.US,D,20250912,000000,0.3099,0.32,0.3038,0.306,239129,0
SRXH.US,D,20250915,000000,0.315,0.3961,0.31,0.36,4238216,0
SRXH.US,D,20250916,000000,0.3519,0.3618,0.343,0.345,871615,0
SRXH.US,D,20250917,000000,0.3445,0.36,0.335,0.346,793742,0
SRXH.US,D,20250918,000000,0.34145,0.3506,0.3369,0.339,215162,0
SRXH.US,D,20250919,000000,0.3495,0.359,0.3452,0.3473,313620,0
SRXH.US,D,20250922,000000,0.3371,0.3459,0.3263,0.3367,398081,0
SRXH.US,D,20250923,000000,0.3352,0.3398,0.3238,0.3388,244464,0
SRXH.US,D,20250924,000000,0.3291,0.35,0.321,0.35,184242,0
SRXH.US,D,20250925,000000,0.33,0.3387,0.315,0.3387,182370,0
SRXH.US,D,20250926,000000,0.33,0.3387,0.325,0.3281,122956,0
SRXH.US,D,20250929,000000,0.3244,0.338,0.32,0.338,172635,0
SRXH.US,D,20250930,000000,0.3261,0.3283,0.295,0.317,780164,0
SRXH.US,D,20251001,000000,0.3029,0.3447,0.2958,0.32,674588,0
SRXH.US,D,20251002,000000,0.3324,0.39,0.3201,0.3524,1164713,0
SRXH.US,D,20251003,000000,0.3418,0.355,0.3351,0.3493,539032,0
SRXH.US,D,20251006,000000,0.3551,0.3791,0.3391,0.367,672359,0
SRXH.US,D,20251007,000000,0.3491,0.3536,0.321,0.3315,561156,0
SRXH.US,D,20251008,000000,0.331,0.348,0.3292,0.3378,223219,0
SRXH.US,D,20251009,000000,0.3397,0.375,0.3277,0.3648,1201936,0
SRXH.US,D,20251010,000000,0.3423,0.3468,0.3232,0.3299,560857,0
SRXH.US,D,20251013,000000,0.3227,0.3298,0.3202,0.321,286203,0
SRXH.US,D,20251014,000000,0.3264,0.3478,0.3131,0.32,349892,0
SRXH.US,D,20251015,000000,0.3176,0.3494,0.3135,0.33,704178,0
SRXH.US,D,20251016,000000,0.328,0.34,0.3088,0.3165,380596,0
SRXH.US,D,20251017,000000,0.3131,0.3192,0.31,0.3192,101016,0
SRXH.US,D,20251020,000000,0.3211,0.3338,0.32,0.327,312448,0
SRXH.US,D,20251021,000000,0.3288,0.3365,0.3171,0.331,302667,0
SRXH.US,D,20251022,000000,0.3243,0.3298,0.31,0.3205,260625,0
SRXH.US,D,20251023,000000,0.3152,0.3276,0.3152,0.3201,1110879,0
SRXH.US,D,20251024,000000,0.321,0.3499,0.32,0.331,485973,0
SRXH.US,D,20251027,000000,0.3311,0.3465,0.331,0.3449,321027,0
SRXH.US,D,20251028,000000,0.341,0.378,0.33,0.37,1029194,0
SRXH.US,D,20251029,000000,0.3689,0.3695,0.333,0.3376,441149,0
SRXH.US,D,20251030,000000,0.33,0.3718,0.3221,0.3523,1093335,0
SRXH.US,D,20251031,000000,0.348,0.348,0.3,0.3,679344,0
SRXH.US,D,20251103,000000,0.2995,0.3113,0.294364,0.306,327001,0
SRXH.US,D,20251104,000000,0.31,0.32,0.2667,0.268,375994,0
SRXH.US,D,20251105,000000,0.2686,0.2956,0.2664,0.2872,202324,0
SRXH.US,D,20251106,000000,0.2853,0.398,0.2627,0.2679,19798808,0
SRXH.US,D,20251107,000000,0.23995,0.2599,0.2229,0.228,1077031,0
SRXH.US,D,20251110,000000,0.22,0.26,0.201,0.2108,822190,0
SRXH.US,D,20251111,000000,0.2108,0.2471,0.2045,0.2213,1293310,0
SRXH.US,D,20251112,000000,0.216,0.2456,0.213951,0.2419,456552,0
SRXH.US,D,20251113,000000,0.2492,0.25919,0.23,0.2438,422257,0
SRXH.US,D,20251114,000000,0.2319,0.2546,0.2319,0.245,215223,0
SRXH.US,D,20251117,000000,0.247,0.3086,0.2389,0.247,1180572,0
SRXH.US,D,20251118,000000,0.2489,0.263,0.2396,0.263,297470,0
SRXH.US,D,20251119,000000,0.2642,0.2671,0.2515,0.2619,133199,0
SRXH.US,D,20251120,000000,0.2615,0.2737,0.2453,0.2472,499531,0
SRXH.US,D,20251121,000000,0.2429,0.2879,0.2429,0.2735,386282,0
SRXH.US,D,20251124,000000,0.2592,0.2996,0.2503,0.299,491732,0
SRXH.US,D,20251125,000000,0.299,0.3284,0.2825,0.32065,649728,0
SRXH.US,D,20251126,000000,0.32,0.3459,0.314,0.332,201137,0
SRXH.US,D,20251128,000000,0.3231,0.3429,0.322,0.342,70728,0
SRXH.US,D,20251201,000000,0.3151,0.3481,0.3151,0.3437,147564,0
SRXH.US,D,20251202,000000,0.3449,0.3841,0.336,0.3839,444683,0
SRXH.US,D,20251203,000000,0.3819,0.4088,0.3751,0.3938,666647,0
SRXH.US,D,20251204,000000,0.3998,0.4131,0.38,0.3995,414080,0
SRXH.US,D,20251205,000000,0.3901,0.4418,0.3854,0.44,1155027,0
SRXH.US,D,20251208,000000,0.43,0.47,0.4177,0.4559,617165,0
SRXH.US,D,20251209,000000,0.4559,0.48,0.4214,0.48,506040,0
SRXH.US,D,20251210,000000,0.4655,0.6029,0.459,0.583,1145961,0
SRXH.US,D,20251211,000000,0.5708,0.6034,0.3435,0.3795,1409098,0
SRXH.US,D,20251212,000000,0.3864,0.49,0.3779,0.461,964280,0
SRXH.US,D,20251215,000000,0.4179,0.4195,0.29,0.3045,1906920,0
SRXH.US,D,20251216,000000,0.7101,0.7102,0.35,0.3769,378750237,0
SRXH.US,D,20251217,000000,0.34705,0.39535,0.3302,0.375,48385903,0
SRXH.US,D,20251218,000000,0.3233,0.369,0.3051,0.335,19674295,0
SRXH.US,D,20251219,000000,0.3286,0.3286,0.28,0.312,15015933,0
SRXH.US,D,20251222,000000,0.288,0.3119,0.2849,0.298,9430241,0
SRXH.US,D,20251223,000000,0.2933,0.3096,0.1874,0.2199,34221352,0
SRXH.US,D,20251224,000000,0.2186,0.276,0.211,0.259,13659145,0
SRXH.US,D,20251226,000000,0.2582,0.297499,0.2422,0.2809,30464934,0
SRXH.US,D,20251229,000000,0.246,0.2522,0.2146,0.2273,16062449,0
SRXH.US,D,20251230,000000,0.2293,0.2297,0.205,0.22,17231950,0
SRXH.US,D,20251231,000000,0.2192,0.2523,0.2168,0.2282,18995609,0
SRXH.US,D,20260102,000000,0.23,0.2388,0.215,0.2379,14812241,0
SRXH.US,D,20260105,000000,0.2404,0.2711,0.2031,0.2034,84803908,0
SRXH.US,D,20260106,000000,0.2092,0.2092,0.19125,0.2022,26631330,0
SRXH.US,D,20260107,000000,0.2026,0.2054,0.1919,0.201,12168304,0
SRXH.US,D,20260108,000000,0.20435,0.2155,0.1975,0.1991,30959679,0
SRXH.US,D,20260109,000000,0.2083,0.22,0.1824,0.1927,31581488,0
SRXH.US,D,20260112,000000,0.1995,0.2075,0.1854,0.1998,24980036,0
SRXH.US,D,20260113,000000,0.1845,0.218299,0.181,0.2021,37872931,0
SRXH.US,D,20260114,000000,0.202,0.205199,0.1806,0.1898,29229740,0
SRXH.US,D,20260115,000000,0.1811,0.1915,0.1751,0.1903,13995396,0
SRXH.US,D,20260116,000000,0.1971,0.2,0.171,0.1777,37581854,0
SRXH.US,D,20260120,000000,0.1784,0.1865,0.1676,0.1721,25096302,0
SRXH.US,D,20260121,000000,0.1693,0.175,0.161,0.171,16868432,0
SRXH.US,D,20260122,000000,0.1727,0.176,0.15,0.1546,29715931,0
SRXH.US,D,20260123,000000,0.1545,0.1635,0.1489,0.1598,14449561,0
SRXH.US,D,20260126,000000,0.1602,0.1616,0.1441,0.1547,24631910,0
SRXH.US,D,20260127,000000,0.15275,0.1536,0.1429,0.1504,22498346,0
SRXH.US,D,20260128,000000,0.1484,0.16,0.1415,0.1502,22232364,0
SRXH.US,D,20260129,000000,0.1502,0.1515,0.1315,0.1397,21426353,0
SRXH.US,D,20260130,000000,0.1385,0.1519,0.1297,0.1361,35017501,0
SRXH.US,D,20260202,000000,0.14,0.1566,0.1375,0.1386,30844937,0
SRXH.US,D,20260203,000000,0.1395,0.148,0.1352,0.146,32808009,0
SRXH.US,D,20260204,000000,0.145,0.1468,0.1348,0.139,18853567,0
SRXH.US,D,20260205,000000,0.13485,0.141,0.125,0.1291,17602429,0
SRXH.US,D,20260206,000000,0.13465,0.1378,0.1209,0.1262,23476574,0
SRXH.US,D,20260209,000000,0.12555,0.1273,0.0786,0.11,28620398,0
SRXH.US,D,20260210,000000,0.1076,0.1725,0.1076,0.1601,82585485,0
SRXH.US,D,20260211,000000,0.1775,0.185,0.1308,0.1341,131232097,0
SRXH.US,D,20260212,000000,0.1433,0.1675,0.1429,0.1541,84766527,0
SRXH.US,D,20260213,000000,0.14815,0.151199,0.1372,0.1485,115462467,0
SRXH.US,D,20260217,000000,0.1201,0.1427,0.1182,0.1341,28161986,0
SRXH.US,D,20260218,000000,0.13215,0.14,0.1256,0.1345,21869730,0
SRXH.US,D,20260219,000000,0.12975,0.1304,0.1101,0.1277,17071591,0
SRXH.US,D,20260220,000000,0.1255,0.1311,0.1242,0.1262,33862949,0
SRXH.US,D,20260223,000000,0.1232,0.1282,0.116,0.1185,15903739,0
SRXH.US,D,20260224,000000,0.1175,0.1295,0.1162,0.1271,12417908,0
SRXH.US,D,20260225,000000,0.1283,0.1384,0.127,0.136,18458500,0
SRXH.US,D,20260226,000000,0.1339,0.1368,0.1251,0.1291,10696986,0
SRXH.US,D,20260227,000000,0.1262,0.1307,0.123,0.1252,8745801,0
SRXH.US,D,20260302,000000,0.117,0.1235,0.116,0.1218,12647686,0
SRXH.US,D,20260303,000000,0.1155,0.12,0.1136,0.1158,13604344,0
SRXH.US,D,20260304,000000,0.119,0.1254,0.116,0.1233,9996848,0
SRXH.US,D,20260305,000000,0.1224,0.1253,0.12,0.1225,6888765,0
SRXH.US,D,20260306,000000,0.1181,0.1278,0.115,0.12,7498642,0
SRXH.US,D,20260309,000000,0.12,0.1324,0.12,0.1234,14988331,0
SRXH.US,D,20260310,000000,0.1246,0.135,0.1235,0.1313,21022577,0
SRXH.US,D,20260311,000000,0.1425,0.1498,0.1246,0.1437,23463780,0
SRXH.US,D,20260312,000000,0.14195,0.1466,0.1302,0.1331,10867704,0
SRXH.US,D,20260313,000000,0.1359,0.1535,0.135,0.1431,77278757,0
SRXH.US,D,20260316,000000,0.1431,0.1521,0.136,0.1463,38089368,0
SRXH.US,D,20260317,000000,0.1438,0.155,0.14,0.1515,24608137,0
SRXH.US,D,20260318,000000,0.163,0.163,0.13,0.1342,58768387,0
SRXH.US,D,20260319,000000,0.1244,0.1299,0.11921,0.1261,18317025,0
SRXH.US,D,20260320,000000,0.1279,0.14,0.1165,0.121,32228468,0
SRXH.US,D,20260323,000000,0.12695,0.13155,0.12,0.1279,16853051,0
SRXH.US,D,20260324,000000,0.1288,0.1297,0.121,0.1214,13946088,0
SRXH.US,D,20260325,000000,0.1212,0.1233,0.117,0.117,17627760,0
SRXH.US,D,20260326,000000,0.1159,0.118,0.11001,0.1156,15763684,0
SRXH.US,D,20260327,000000,0.1141,0.1196,0.1103,0.1179,8346265,0
SRXH.US,D,20260330,000000,0.1186,0.1227,0.1092,0.112,12807234,0
SRXH.US,D,20260331,000000,0.1133,0.1333,0.1104,0.129,18966777,0
SRXH.US,D,20260401,000000,0.1323,0.1471,0.131,0.131,22178733,0
SRXH.US,D,20260402,000000,0.124,0.14,0.1225,0.1366,17002573,0
SRXH.US,D,20260406,000000,0.1384,0.15,0.1353,0.1372,18731200,0
SRXH.US,D,20260407,000000,0.14,0.163,0.139,0.1596,64741692,0
SRXH.US,D,20260408,000000,0.16,0.16,0.13,0.1343,76614478,0
SRXH.US,D,20260409,000000,0.1321,0.1431,0.132,0.1385,33204305,0
SRXH.US,D,20260410,000000,0.1303,0.1333,0.125,0.128,33549636,0
SRXH.US,D,20260413,000000,0.129,0.1378,0.126,0.135,30077685,0
SRXH.US,D,20260414,000000,0.1361,0.1393,0.1276,0.1362,47834698,0
SRXH.US,D,20260415,000000,0.1164,0.1249,0.1136,0.12,50138169,0
SRXH.US,D,20260416,000000,0.1235,0.1288,0.12,0.1277,34064109,0
SRXH.US,D,20260417,000000,0.1293,0.139,0.123,0.127,45174157,0
SRXH.US,D,20260420,000000,0.1269,0.1269,0.1194,0.1198,38781155,0
SRXH.US,D,20260421,000000,0.1201,0.1219,0.1176,0.1176,23224001,0
SRXH.US,D,20260422,000000,0.12,0.1235,0.1177,0.1196,30063500,0
SRXH.US,D,20260423,000000,0.12,0.1204,0.1161,0.1175,15782786,0
SRXH.US,D,20260424,000000,0.1193,0.1212,0.1185,0.1195,19574580,0
SRXH.US,D,20260427,000000,0.1219,0.1238,0.119,0.1195,16056378,0
SRXH.US,D,20260428,000000,0.121,0.1212,0.1155,0.1155,15158109,0
SRXH.US,D,20260429,000000,0.117,0.1189,0.1107,0.1149,23072529,0
SRXH.US,D,20260430,000000,0.1155,0.1175,0.113,0.1139,11876973,0
SRXH.US,D,20260501,000000,0.1166,0.1213,0.1145,0.1193,16644870,0
SRXH.US,D,20260504,000000,0.1199,0.122,0.1135,0.1151,16916841,0
SRXH.US,D,20260505,000000,0.115,0.115,0.1125,0.1145,15403995,0
SRXH.US,D,20260506,000000,0.1136,0.1144,0.111301,0.113,16542583,0
SRXH.US,D,20260507,000000,0.1131,0.1136,0.1071,0.112,16086121,0
SRXH.US,D,20260508,000000,0.1151,0.1199,0.1148,0.1155,33066183,0
SRXH.US,D,20260511,000000,0.1204,0.1221,0.1154,0.12,31621574,0
SRXH.US,D,20260512,000000,0.12,0.1215,0.115,0.1196,23976973,0
SRXH.US,D,20260513,000000,0.1204,0.154,0.12,0.1504,113458900,0
SRXH.US,D,20260514,000000,0.1657,0.1693,0.132,0.138,134168030,0
SRXH.US,D,20260515,000000,0.14,0.14,0.124,0.125,45313170,0
SRXH.US,D,20260518,000000,0.14,0.14,0.1245,0.1246,47744017,0
SRXH.US,D,20260519,000000,0.128,0.13,0.115,0.115,34440153,0
SRXH.US,D,20260520,000000,0.119,0.1222,0.116,0.1175,19351617,0
SRXH.US,D,20260521,000000,0.1183,0.129,0.1171,0.129,24862707,0
SRXH.US,D,20260522,000000,0.125,0.1275,0.1226,0.127,22678143,0
SRXH.US,D,20260526,000000,0.125,0.125,0.1181,0.12,29842206,0
SRXH.US,D,20260527,000000,0.118,0.119,0.11,0.118,32876624,0
SRXH.US,D,20260528,000000,0.1165,0.1165,0.1081,0.116,38855607,0
SRXH.US,D,20260529,000000,0.1156,0.12,0.1105,0.1105,39606718,0
SRXH.US,D,20260601,000000,0.1149,0.1199,0.1109,0.119,48471801,0
SRXH.US,D,20260602,000000,0.1197,0.13,0.1192,0.128,39647616,0
SRXH.US,D,20260603,000000,0.128,0.1297,0.1171,0.1189,30190207,0
SRXH.US,D,20260604,000000,0.12,0.13,0.1162,0.13,46197758,0
SRXH.US,D,20260605,000000,0.134,0.144,0.118,0.1208,69136255,0
SRXH.US,D,20260608,000000,0.1275,0.1283,0.1161,0.1248,49628825,0
SRXH.US,D,20260609,000000,0.1251,0.1251,0.1182,0.1212,36675211,0
SRXH.US,D,20260610,000000,0.1194,0.1295,0.119,0.126,32204616,0
SRXH.US,D,20260611,000000,0.1221,0.12729,0.1203,0.1258,26681799,0
SRXH.US,D,20260612,000000,0.1274,0.1534,0.1251,0.148,125023225,0
SRXH.US,D,20260615,000000,0.15,0.1673,0.1395,0.157,145053485,0
SRXH.US,D,20260616,000000,0.1562,0.21,0.1475,0.19,192263216,0
SRXH.US,D,20260617,000000,0.194,0.2499,0.19,0.1995,205923839,0
SRXH.US,D,20260618,000000,0.18,0.1829,0.115,0.1245,394521590,0
SRXH.US,D,20260622,000000,0.1297,0.1298,0.10815,0.1116,139688402,0
SRXH.US,D,20260623,000000,0.1056,0.1143,0.085,0.0907,101914125,0
