<TICKER>,<PER>,<DATE>,<TIME>,<OPEN>,<HIGH>,<LOW>,<CLOSE>,<VOL>,<OPENINT>
ALCY.US,D,20250228,000000,11.21,11.21,11.21,11.21,9968,0
ALCY.US,D,20250303,000000,11.21,11.21,11.21,11.21,6410,0
ALCY.US,D,20250304,000000,11.25,11.3,11.2,11.2,3561,0
ALCY.US,D,20250305,000000,11.3,11.3,11.07,11.07,1654,0
ALCY.US,D,20250311,000000,11.2703,11.2703,11.07,11.07,250,0
ALCY.US,D,20250313,000000,11.31,11.31,11.06,11.06,329,0
ALCY.US,D,20250317,000000,11.19,11.22,11.19,11.22,7624,0
ALCY.US,D,20250318,000000,11.24,11.3,11.23,11.3,68608,0
ALCY.US,D,20250404,000000,11.315,11.35,11.29,11.29,3413,0
ALCY.US,D,20250407,000000,11.36,11.36,11.36,11.36,149,0
ALCY.US,D,20250410,000000,11.35,11.36,11.34,11.35,50626,0
ALCY.US,D,20250411,000000,11.35,11.35,11.345,11.35,56087,0
ALCY.US,D,20250415,000000,11.32,11.57,11.32,11.37,12040,0
ALCY.US,D,20250422,000000,11.34,11.5,11.34,11.3899,7150,0
ALCY.US,D,20250423,000000,11.37,11.5105,11.36,11.4,2807,0
ALCY.US,D,20250425,000000,11.5,11.5,11.4,11.4,1961,0
ALCY.US,D,20250501,000000,11.64,11.64,11.45,11.45,905,0
ALCY.US,D,20250505,000000,11.535,12.01,11.13,11.67,21611,0
ALCY.US,D,20250507,000000,11.62,11.62,11.62,11.62,440,0
ALCY.US,D,20250508,000000,11.42,11.73,11.42,11.73,2043,0
ALCY.US,D,20250512,000000,11.75,11.9999,11.75,11.9999,1182,0
ALCY.US,D,20250513,000000,12.05,12.05,11.29,11.5,2306,0
ALCY.US,D,20250514,000000,11.75,11.75,11.31,11.5,3940,0
ALCY.US,D,20250515,000000,11.445,11.445,11.445,11.445,570,0
ALCY.US,D,20250516,000000,11.39,11.5,11.39,11.5,4190,0
ALCY.US,D,20250519,000000,11.31,11.49,11.31,11.49,731,0
ALCY.US,D,20250520,000000,11.3,11.48,11.29,11.48,1379,0
ALCY.US,D,20250521,000000,11.49,11.5,11.49,11.5,402,0
ALCY.US,D,20250530,000000,11.4,11.48,11.31,11.48,51684,0
ALCY.US,D,20250605,000000,11.49,11.72,11.49,11.72,1549,0
ALCY.US,D,20250811,000000,11.75,12,11.47,12,723,0
ALCY.US,D,20250812,000000,11.63,11.69,11.63,11.69,5382,0
ALCY.US,D,20250820,000000,11.69,11.69,11.59,11.645,315,0
ALCY.US,D,20250822,000000,11.69,11.69,11.69,11.69,202,0
ALCY.US,D,20250825,000000,11.624,11.65,11.624,11.65,53007,0
ALCY.US,D,20250826,000000,11.69,11.69,11.69,11.69,135,0
ALCY.US,D,20250827,000000,11.59,11.69,11.59,11.69,203,0
ALCY.US,D,20250828,000000,11.74,11.74,11.59,11.65,10796,0
ALCY.US,D,20250829,000000,11.59,11.65,11.49,11.5,109862,0
ALCY.US,D,20250902,000000,11,11,11,11,133,0
ALCY.US,D,20250903,000000,12,12.37,11.1,11.39,12963,0
ALCY.US,D,20250905,000000,11.5,11.5,10.25,10.87,12033,0
ALCY.US,D,20250908,000000,10.99,11.3912,10.99,11.39,5490,0
ALCY.US,D,20250909,000000,11.3,11.31,11.3,11.31,2356,0
ALCY.US,D,20250910,000000,11.39,11.39,11.335,11.335,605,0
ALCY.US,D,20250911,000000,11.4999,12.25,11.44,11.56,194862,0
ALCY.US,D,20250912,000000,11.59,11.59,11.59,11.59,283,0
ALCY.US,D,20250915,000000,11.65,11.65,11.58,11.65,953,0
ALCY.US,D,20250916,000000,11.59,11.65,11.59,11.65,209,0
ALCY.US,D,20250917,000000,11.34,11.5,11.34,11.4675,818,0
ALCY.US,D,20250918,000000,11.5001,11.75,11.5,11.56,1437,0
ALCY.US,D,20250919,000000,11.5,11.75,11.38,11.75,1712,0
ALCY.US,D,20250922,000000,11.5,11.5,11.4,11.45,1440,0
ALCY.US,D,20250925,000000,11.75,11.99,11.5,11.99,603,0
ALCY.US,D,20250926,000000,11.72,11.99,11.51,11.51,530,0
ALCY.US,D,20250929,000000,11.51,11.6,11.45,11.6,11920,0
ALCY.US,D,20251001,000000,11.58,11.7,11.58,11.7,2197,0
ALCY.US,D,20251002,000000,11.72,11.72,11.71,11.72,706,0
ALCY.US,D,20251003,000000,11.75,11.75,11.75,11.75,991,0
ALCY.US,D,20251010,000000,11.75,11.75,11.75,11.75,566,0
ALCY.US,D,20251013,000000,11.99,11.99,11.63,11.774,308,0
ALCY.US,D,20251016,000000,11.99,11.99,11.79,11.89,2139,0
ALCY.US,D,20251017,000000,12.15,12.15,11.89,11.98,1635,0
ALCY.US,D,20251020,000000,11.84,11.84,11.8,11.8,2498,0
ALCY.US,D,20251022,000000,11.8,11.8,11.8,11.8,462,0
ALCY.US,D,20251023,000000,11.99,11.99,11.65,11.65,396,0
ALCY.US,D,20251024,000000,12.25,12.99,12.1,12.2,4019,0
ALCY.US,D,20251028,000000,11.98,11.98,11.63,11.63,6026,0
ALCY.US,D,20251030,000000,11.65,11.65,11.65,11.65,455,0
ALCY.US,D,20251031,000000,11.65,11.65,11.65,11.65,484,0
ALCY.US,D,20251107,000000,12.5,12.5,12.5,12.5,374,0
ALCY.US,D,20251111,000000,11.89,11.9,11.765,11.9,2142,0
ALCY.US,D,20251201,000000,11.68,11.68,11.68,11.68,110,0
ALCY.US,D,20251205,000000,11.9,11.94,11.76,11.76,2225,0
ALCY.US,D,20251209,000000,11.81,11.81,11.71,11.71,440,0
ALCY.US,D,20251210,000000,11.83,11.95,11.8,11.9,4386,0
ALCY.US,D,20251211,000000,11.76,11.77,11.75,11.75,2870,0
ALCY.US,D,20251212,000000,11.75,11.75,11.75,11.75,125,0
ALCY.US,D,20251215,000000,11.86,11.86,11.75,11.75,511,0
ALCY.US,D,20251216,000000,11.85,11.85,11.75,11.76,1111,0
ALCY.US,D,20251223,000000,11.88,14,11.88,12.06,69842,0
ALCY.US,D,20251224,000000,12.49,13.1999,11.76,11.935,111324,0
ALCY.US,D,20251226,000000,11.83,12.4075,11.82,11.99,19751,0
ALCY.US,D,20251229,000000,11.8701,12.18,11.87,12.01,8626,0
ALCY.US,D,20251230,000000,11.89,12.25,11.88,12.0845,17634,0
ALCY.US,D,20251231,000000,13.25,14.85,12.27,14.21,675177,0
ALCY.US,D,20260102,000000,14.15,15.8999,13.05,14.45,541233,0
ALCY.US,D,20260105,000000,15.7,15.7,13.601,15.24,380533,0
ALCY.US,D,20260106,000000,14.73,15.65,14.12,14.32,238914,0
ALCY.US,D,20260107,000000,13.94,14.0774,12.29,13.08,231141,0
ALCY.US,D,20260108,000000,12.98,13,12.02,12.46,123437,0
ALCY.US,D,20260109,000000,12.19,12.745,12.02,12.29,111059,0
ALCY.US,D,20260112,000000,12.05,12.26,12.01,12.03,92550,0
ALCY.US,D,20260113,000000,12.01,12.0899,11.81,12,88278,0
ALCY.US,D,20260114,000000,11.9,11.99,11.81,11.895,84349,0
ALCY.US,D,20260115,000000,11.91,12.25,11.77,11.87,64434,0
ALCY.US,D,20260116,000000,11.82,12.17,11.82,11.84,73268,0
ALCY.US,D,20260120,000000,11.8,11.88,11.67,11.68,46205,0
ALCY.US,D,20260121,000000,11.73,11.785,11.66,11.67,45338,0
ALCY.US,D,20260122,000000,11.8,11.8,11.66,11.68,13420,0
ALCY.US,D,20260123,000000,11.712,11.75,11.68,11.68,18023,0
ALCY.US,D,20260126,000000,11.68,11.73,11.66,11.67,29480,0
ALCY.US,D,20260127,000000,11.78,12.02,11.77,11.77,26459,0
ALCY.US,D,20260128,000000,11.77,11.83,11.73,11.73,6636,0
ALCY.US,D,20260129,000000,11.67,11.89,11.67,11.7,11099,0
ALCY.US,D,20260130,000000,11.7,11.75,11.67,11.67,13124,0
ALCY.US,D,20260202,000000,11.7,11.75,11.67,11.67,8733,0
ALCY.US,D,20260203,000000,11.74,11.74,11.7,11.7,5989,0
ALCY.US,D,20260204,000000,11.7,11.8,11.69,11.73,14592,0
ALCY.US,D,20260205,000000,11.696,11.775,11.68,11.775,3188,0
ALCY.US,D,20260206,000000,11.7,11.77,11.6809,11.77,3603,0
ALCY.US,D,20260209,000000,11.67,11.78,11.67,11.77,3435,0
ALCY.US,D,20260210,000000,11.77,11.79,11.74,11.79,2070,0
ALCY.US,D,20260211,000000,11.79,11.79,11.7,11.79,966,0
ALCY.US,D,20260212,000000,11.7,11.79,11.7,11.76,3179,0
ALCY.US,D,20260213,000000,11.78,11.79,11.7,11.79,1923,0
ALCY.US,D,20260217,000000,11.79,11.89,11.73,11.8,1299,0
ALCY.US,D,20260218,000000,11.79,11.88,11.71,11.8,4017,0
ALCY.US,D,20260219,000000,11.71,11.8,11.71,11.8,8736,0
ALCY.US,D,20260220,000000,11.71,11.84,11.71,11.84,1687,0
ALCY.US,D,20260223,000000,11.71,11.84,11.71,11.77,3843,0
ALCY.US,D,20260224,000000,11.79,11.79,11.71,11.71,3034,0
ALCY.US,D,20260225,000000,11.71,11.79,11.71,11.79,2215,0
ALCY.US,D,20260226,000000,11.71,11.79,11.71,11.75,5343,0
ALCY.US,D,20260227,000000,11.71,11.79,11.71,11.79,3504,0
ALCY.US,D,20260302,000000,11.71,11.79,11.71,11.71,1190,0
ALCY.US,D,20260303,000000,11.79,11.79,11.71,11.75,2021,0
ALCY.US,D,20260304,000000,11.7,11.83,11.7,11.82,8448,0
ALCY.US,D,20260305,000000,11.7,11.79,11.65,11.79,1771,0
ALCY.US,D,20260306,000000,11.6386,11.77,11.6386,11.75,2048,0
ALCY.US,D,20260309,000000,11.64,11.79,11.64,11.78,950,0
ALCY.US,D,20260310,000000,11.7549,11.79,11.7549,11.79,825,0
ALCY.US,D,20260311,000000,11.71,11.78,11.71,11.78,1041,0
ALCY.US,D,20260312,000000,11.62,11.79,11.62,11.79,1590,0
ALCY.US,D,20260313,000000,11.69,11.79,11.69,11.79,1759,0
ALCY.US,D,20260316,000000,11.83,11.83,11.83,11.83,370,0
ALCY.US,D,20260317,000000,11.65,11.83,11.65,11.83,454,0
ALCY.US,D,20260318,000000,11.69,11.83,11.68,11.81,1809,0
ALCY.US,D,20260319,000000,11.68,11.83,11.68,11.83,1406,0
ALCY.US,D,20260320,000000,11.84,11.84,11.7,11.83,1257,0
ALCY.US,D,20260323,000000,11.83,11.83,11.7101,11.83,808,0
ALCY.US,D,20260324,000000,11.71,11.85,11.71,11.84,3001,0
ALCY.US,D,20260325,000000,11.72,11.84,11.72,11.84,1136,0
ALCY.US,D,20260326,000000,11.85,11.85,11.85,11.85,1016,0
ALCY.US,D,20260327,000000,11.75,11.9,11.75,11.9,1600,0
ALCY.US,D,20260330,000000,11.77,11.9,11.77,11.9,1027,0
ALCY.US,D,20260331,000000,11.88,11.88,11.88,11.88,509,0
ALCY.US,D,20260401,000000,11.9,11.9,11.8,11.86,6358,0
ALCY.US,D,20260402,000000,11.8,11.88,11.78,11.88,754,0
ALCY.US,D,20260406,000000,11.88,11.88,11.79,11.88,607,0
ALCY.US,D,20260407,000000,11.78,11.88,11.78,11.88,1048,0
ALCY.US,D,20260408,000000,11.78,11.85,11.74,11.85,5190,0
ALCY.US,D,20260409,000000,11.84,12.14,11.8,11.96,35598,0
ALCY.US,D,20260410,000000,11.9,11.99,11.9,11.99,1356,0
ALCY.US,D,20260413,000000,11.85,11.93,11.84,11.86,2092,0
ALCY.US,D,20260414,000000,11.89,11.93,11.89,11.89,886,0
ALCY.US,D,20260415,000000,11.7844,12.07,11.78,11.87,4822,0
ALCY.US,D,20260416,000000,11.7701,11.88,11.7701,11.88,381,0
ALCY.US,D,20260417,000000,11.88,11.88,11.88,11.88,241,0
ALCY.US,D,20260420,000000,11.88,11.88,11.88,11.88,182,0
ALCY.US,D,20260421,000000,11.82,11.84,11.82,11.83,428,0
ALCY.US,D,20260422,000000,11.99,11.99,11.99,11.99,143,0
ALCY.US,D,20260429,000000,11.905,11.905,11.9,11.9,1113,0
ALCY.US,D,20260504,000000,11.82,11.99,11.77,11.97,1324,0
ALCY.US,D,20260505,000000,11.9,11.98,11.9,11.98,341,0
ALCY.US,D,20260506,000000,11.77,11.98,11.77,11.96,3722,0
ALCY.US,D,20260507,000000,11.875,11.96,11.8133,11.96,2557,0
ALCY.US,D,20260508,000000,11.875,11.96,11.77,11.94,5072,0
ALCY.US,D,20260511,000000,11.66,11.675,11.47,11.675,27143,0
ALCY.US,D,20260512,000000,11.7,11.71,11.66,11.71,4119,0
ALCY.US,D,20260513,000000,11.8,11.8,11.7,11.8,2511,0
