<TICKER>,<PER>,<DATE>,<TIME>,<OPEN>,<HIGH>,<LOW>,<CLOSE>,<VOL>,<OPENINT>
ALIS.US,D,20251119,000000,9.9,9.92,9.9,9.919,14846,0
ALIS.US,D,20251120,000000,9.9087,9.92,9.9,9.9,477819,0
ALIS.US,D,20251121,000000,9.85,9.92,9.85,9.915,78233,0
ALIS.US,D,20251124,000000,9.92,9.95,9.92,9.92,32734,0
ALIS.US,D,20251125,000000,9.925,9.95,9.92,9.93,2737,0
ALIS.US,D,20251126,000000,9.92,9.95,9.91,9.91,254734,0
ALIS.US,D,20251128,000000,9.95,9.95,9.9,9.9,994,0
ALIS.US,D,20251201,000000,9.91,9.91,9.9,9.9,170496,0
ALIS.US,D,20251202,000000,9.9,9.91,9.9,9.91,1543,0
ALIS.US,D,20251203,000000,9.91,9.91,9.9,9.9,66727,0
ALIS.US,D,20251204,000000,9.9,9.9,9.9,9.9,3936,0
ALIS.US,D,20251205,000000,9.9,9.9,9.9,9.9,5024,0
ALIS.US,D,20251208,000000,9.9,9.9,9.9,9.9,1506,0
ALIS.US,D,20251209,000000,9.91,9.91,9.895,9.9,208281,0
ALIS.US,D,20251210,000000,9.905,9.91,9.905,9.91,5034,0
ALIS.US,D,20251211,000000,9.905,9.91,9.9,9.91,6017,0
ALIS.US,D,20251215,000000,9.91,9.91,9.91,9.91,37468,0
ALIS.US,D,20251216,000000,9.9038,9.91,9.9038,9.9099,7650,0
ALIS.US,D,20251217,000000,9.9,9.91,9.9,9.91,356623,0
ALIS.US,D,20251219,000000,9.91,9.91,9.9,9.91,4505,0
ALIS.US,D,20251223,000000,9.91,9.91,9.9,9.9,602,0
ALIS.US,D,20251226,000000,9.91,9.93,9.91,9.93,99121,0
ALIS.US,D,20251229,000000,9.93,9.95,9.92,9.93,5454,0
ALIS.US,D,20251230,000000,9.93,9.93,9.93,9.93,1937,0
ALIS.US,D,20251231,000000,9.93,9.94,9.93,9.93,16632,0
ALIS.US,D,20260102,000000,9.94,9.95,9.935,9.95,35903,0
ALIS.US,D,20260105,000000,9.95,9.95,9.94,9.94,51139,0
ALIS.US,D,20260106,000000,9.94,9.94,9.94,9.94,27054,0
ALIS.US,D,20260108,000000,9.96,9.96,9.96,9.96,100,0
ALIS.US,D,20260113,000000,9.97,9.97,9.97,9.97,400,0
ALIS.US,D,20260115,000000,9.96,9.96,9.95,9.95,424,0
ALIS.US,D,20260116,000000,9.955,9.97,9.955,9.97,273,0
ALIS.US,D,20260120,000000,9.9734,9.98,9.9734,9.98,5800,0
ALIS.US,D,20260121,000000,9.98,9.98,9.98,9.98,1053,0
ALIS.US,D,20260122,000000,10.04,10.04,10.04,10.04,201,0
ALIS.US,D,20260123,000000,10,10,10,10,8250,0
ALIS.US,D,20260126,000000,9.99,10.07,9.99,10.07,100438,0
ALIS.US,D,20260127,000000,10.05,10.05,10.02,10.02,1908,0
ALIS.US,D,20260128,000000,10.01,10.01,9.99,10.01,62132,0
ALIS.US,D,20260129,000000,9.99,10.005,9.99,10.005,26879,0
ALIS.US,D,20260130,000000,10,10,10,10,86978,0
ALIS.US,D,20260202,000000,9.99,9.99,9.99,9.99,50253,0
ALIS.US,D,20260203,000000,10,10,10,10,1101,0
ALIS.US,D,20260204,000000,10.05,10.05,10,10,183687,0
ALIS.US,D,20260209,000000,10.003,10.003,10.003,10.003,586,0
ALIS.US,D,20260210,000000,10,10.0053,10,10.0053,997,0
ALIS.US,D,20260211,000000,10.01,10.01,10.01,10.01,197,0
ALIS.US,D,20260213,000000,10.008,10.02,9.99,9.99,320277,0
ALIS.US,D,20260217,000000,9.99,9.99,9.99,9.99,10147,0
ALIS.US,D,20260218,000000,9.98,9.98,9.98,9.98,4114,0
ALIS.US,D,20260302,000000,9.9801,9.9801,9.9801,9.9801,8800,0
ALIS.US,D,20260309,000000,10.03,10.03,10.03,10.03,113,0
ALIS.US,D,20260310,000000,10,10,10,10,400,0
ALIS.US,D,20260311,000000,9.96,10,9.96,10,866,0
ALIS.US,D,20260312,000000,10,10,9.99,9.99,47200,0
ALIS.US,D,20260317,000000,10,10,10,10,4642,0
ALIS.US,D,20260318,000000,10.02,10.02,10.02,10.02,2617,0
ALIS.US,D,20260319,000000,10.01,10.01,10,10.01,1464,0
ALIS.US,D,20260325,000000,9.98,9.98,9.98,9.98,269,0
ALIS.US,D,20260407,000000,10,10,10,10,822,0
ALIS.US,D,20260417,000000,10.03,10.05,10.03,10.04,8812,0
ALIS.US,D,20260422,000000,10.05,10.05,10.05,10.05,380,0
ALIS.US,D,20260423,000000,10.03,10.04,10.03,10.04,15015,0
ALIS.US,D,20260427,000000,10.03,10.05,10.03,10.045,6240,0
ALIS.US,D,20260430,000000,10.05,10.05,10.05,10.05,1499,0
ALIS.US,D,20260501,000000,10.05,10.05,10.05,10.05,429,0
ALIS.US,D,20260504,000000,10.05,10.0696,10.05,10.0696,13767,0
ALIS.US,D,20260505,000000,10.07,10.07,10.07,10.07,12713,0
ALIS.US,D,20260506,000000,10.069,10.07,10.0554,10.0554,1482,0
ALIS.US,D,20260508,000000,10.0465,10.075,10.0465,10.075,2568,0
ALIS.US,D,20260511,000000,10.05,10.08,10.05,10.08,1828,0
ALIS.US,D,20260512,000000,10.059,10.075,10.059,10.075,301,0
ALIS.US,D,20260515,000000,10.05,10.05,10.05,10.05,25404,0
ALIS.US,D,20260518,000000,10.09,10.09,10.09,10.09,103,0
ALIS.US,D,20260519,000000,10.05,10.08,10.05,10.08,2213,0
ALIS.US,D,20260520,000000,10.08,10.08,10.08,10.08,127,0
ALIS.US,D,20260521,000000,10.08,10.08,10.05,10.07,12220,0
ALIS.US,D,20260522,000000,10.0649,10.08,10.06,10.06,13374,0
ALIS.US,D,20260526,000000,10.1,10.1,10.1,10.1,144,0
ALIS.US,D,20260527,000000,10.1,10.1,10.08,10.08,233,0
ALIS.US,D,20260528,000000,10.09,10.099,10.09,10.099,560,0
ALIS.US,D,20260529,000000,10.08,10.08,10.08,10.08,15000,0
ALIS.US,D,20260601,000000,10.08,10.08,10.08,10.08,101,0
ALIS.US,D,20260602,000000,10.08,10.09,10.08,10.09,133385,0
ALIS.US,D,20260603,000000,10.08,10.09,10.08,10.09,54502,0
ALIS.US,D,20260604,000000,10.08,10.09,10.08,10.09,7659,0
ALIS.US,D,20260605,000000,10.09,10.1,10.09,10.1,5762,0
ALIS.US,D,20260608,000000,10.09,10.11,10.09,10.11,11950,0
ALIS.US,D,20260609,000000,10.1,10.11,10.1,10.11,5321,0
ALIS.US,D,20260610,000000,10.105,10.105,10.1,10.105,4621,0
ALIS.US,D,20260611,000000,10.1,10.11,10.1,10.11,11473,0
ALIS.US,D,20260612,000000,10.1,10.1252,10.1,10.1252,4841,0
ALIS.US,D,20260615,000000,10.11,10.15,10.11,10.15,8486,0
ALIS.US,D,20260616,000000,10.15,10.15,10.1,10.12,7703,0
ALIS.US,D,20260617,000000,10.12,10.12,10.11,10.11,3249,0
ALIS.US,D,20260618,000000,10.11,10.17,10.11,10.14,9433,0
ALIS.US,D,20260622,000000,10.15,10.15,10.12,10.15,7029,0
ALIS.US,D,20260623,000000,10.12,10.135,10.12,10.135,3599,0
ALIS.US,D,20260624,000000,10.12,10.12,10.12,10.12,2603,0
