<TICKER>,<PER>,<DATE>,<TIME>,<OPEN>,<HIGH>,<LOW>,<CLOSE>,<VOL>,<OPENINT>
AMPGZ.US,D,20260203,000000,0.2501,0.38,0.2501,0.299,17891,0
AMPGZ.US,D,20260204,000000,0.5,0.5,0.245,0.251,14162,0
AMPGZ.US,D,20260205,000000,0.3,0.3,0.2301,0.25,30043,0
AMPGZ.US,D,20260206,000000,0.24,0.26,0.22,0.25,46373,0
AMPGZ.US,D,20260209,000000,0.25,0.25,0.1806,0.25,11582,0
AMPGZ.US,D,20260210,000000,0.2636,0.2775,0.25,0.25,6028,0
AMPGZ.US,D,20260211,000000,0.25,0.25,0.233201,0.24,4428,0
AMPGZ.US,D,20260212,000000,0.15,0.19,0.15,0.19,223,0
AMPGZ.US,D,20260213,000000,0.19,0.19,0.175,0.175,10536,0
AMPGZ.US,D,20260217,000000,0.2297,0.3,0.2297,0.3,7044,0
AMPGZ.US,D,20260218,000000,0.33,0.35,0.2607,0.2607,13685,0
AMPGZ.US,D,20260219,000000,0.28,0.28,0.25,0.25,4122,0
AMPGZ.US,D,20260220,000000,0.33,0.33,0.29,0.29,5835,0
AMPGZ.US,D,20260223,000000,0.3,0.3,0.24,0.24,5455,0
AMPGZ.US,D,20260224,000000,0.2301,0.235,0.1996,0.235,3711,0
AMPGZ.US,D,20260225,000000,0.235,0.24,0.235,0.24,4030,0
AMPGZ.US,D,20260226,000000,0.24,0.25,0.2252,0.2252,4108,0
AMPGZ.US,D,20260227,000000,0.28,0.28,0.2498,0.25,5941,0
AMPGZ.US,D,20260302,000000,0.25,0.25,0.22,0.22,4737,0
AMPGZ.US,D,20260304,000000,0.2354,0.2354,0.2354,0.2354,411,0
AMPGZ.US,D,20260306,000000,0.23,0.23,0.2299,0.2299,1005,0
AMPGZ.US,D,20260309,000000,0.19801,0.23,0.19801,0.23,1829,0
AMPGZ.US,D,20260310,000000,0.21,0.21,0.21,0.21,2596,0
AMPGZ.US,D,20260311,000000,0.205,0.205,0.17,0.17,1339,0
AMPGZ.US,D,20260317,000000,0.1701,0.1701,0.17,0.17,5700,0
AMPGZ.US,D,20260318,000000,0.16,0.16,0.13,0.1301,10684,0
AMPGZ.US,D,20260320,000000,0.1101,0.14,0.1001,0.14,10753,0
AMPGZ.US,D,20260325,000000,0.13,0.13,0.1,0.1,2600,0
AMPGZ.US,D,20260326,000000,0.11,0.1105,0.11,0.11,3438,0
AMPGZ.US,D,20260327,000000,0.0901,0.0901,0.0507,0.0507,5594,0
AMPGZ.US,D,20260330,000000,0.0564,0.0564,0.0564,0.0564,250,0
AMPGZ.US,D,20260331,000000,0.0733,0.1399,0.051,0.12,6362,0
AMPGZ.US,D,20260401,000000,0.11,0.11,0.06,0.061,1059,0
AMPGZ.US,D,20260402,000000,0.082,0.1,0.082,0.1,6997,0
AMPGZ.US,D,20260406,000000,0.1371,0.1389,0.06,0.1,8214,0
AMPGZ.US,D,20260407,000000,0.06802,0.08,0.06802,0.08,637,0
AMPGZ.US,D,20260408,000000,0.0798,0.0798,0.065,0.07,922,0
AMPGZ.US,D,20260409,000000,0.0601,0.0601,0.06,0.06,6052,0
AMPGZ.US,D,20260410,000000,0.051,0.1664,0.051,0.0935,21041,0
AMPGZ.US,D,20260413,000000,0.0967,0.1,0.051,0.09,9004,0
AMPGZ.US,D,20260414,000000,0.1,0.15,0.0555,0.13,9808,0
AMPGZ.US,D,20260415,000000,0.13,0.13,0.06,0.1,23932,0
AMPGZ.US,D,20260416,000000,0.0512,0.0999,0.0512,0.0999,2438,0
AMPGZ.US,D,20260417,000000,0.097,0.098,0.052,0.098,3780,0
AMPGZ.US,D,20260420,000000,0.053,0.09,0.053,0.09,1786,0
AMPGZ.US,D,20260422,000000,0.0301,0.08,0.0301,0.061,2735,0
AMPGZ.US,D,20260423,000000,0.06,0.0798,0.0599,0.0798,2631,0
AMPGZ.US,D,20260424,000000,0.08,0.08,0.0556,0.0556,1039,0
AMPGZ.US,D,20260430,000000,0.048,0.0718,0.048,0.0718,1600,0
AMPGZ.US,D,20260501,000000,0.079,0.0979,0.079,0.0889,12130,0
AMPGZ.US,D,20260504,000000,0.0899,0.0899,0.07,0.085,17903,0
AMPGZ.US,D,20260505,000000,0.06001,0.0981,0.06001,0.09,11439,0
AMPGZ.US,D,20260506,000000,0.0501,0.0899,0.0501,0.0501,1636,0
AMPGZ.US,D,20260507,000000,0.08,0.09,0.075,0.075,3598,0
AMPGZ.US,D,20260508,000000,0.08,0.0899,0.079951,0.08,1657,0
AMPGZ.US,D,20260511,000000,0.09,0.11,0.05601,0.104,47358,0
AMPGZ.US,D,20260512,000000,0.102,0.102,0.09,0.1,2340,0
AMPGZ.US,D,20260513,000000,0.1099,0.12,0.0999,0.1,10744,0
AMPGZ.US,D,20260514,000000,0.08,0.12,0.08,0.12,8969,0
AMPGZ.US,D,20260515,000000,0.0901,0.120001,0.0901,0.1,35065,0
AMPGZ.US,D,20260518,000000,0.11,0.299,0.0979,0.25,289791,0
AMPGZ.US,D,20260519,000000,0.21,0.65,0.21,0.580001,248840,0
AMPGZ.US,D,20260520,000000,0.68,0.84,0.6499,0.65,120248,0
AMPGZ.US,D,20260521,000000,0.68,1.2,0.68,0.98,207198,0
AMPGZ.US,D,20260522,000000,1.01,1.08,0.5244,0.8,41478,0
AMPGZ.US,D,20260526,000000,0.8125,0.93,0.57,0.93,20804,0
AMPGZ.US,D,20260527,000000,0.85,0.86,0.525001,0.725,4949,0
AMPGZ.US,D,20260528,000000,0.7,0.81,0.600001,0.732,25050,0
AMPGZ.US,D,20260529,000000,0.62,0.65,0.441,0.648,27307,0
AMPGZ.US,D,20260601,000000,0.7,0.995,0.66,0.99,22384,0
AMPGZ.US,D,20260602,000000,0.8831,0.9,0.830001,0.898699,44687,0
AMPGZ.US,D,20260603,000000,0.9,0.9997,0.69,0.9994,15646,0
AMPGZ.US,D,20260604,000000,0.985,1.88,0.985,1.43,143933,0
AMPGZ.US,D,20260605,000000,1.35,1.35,0.9001,0.97,730927,0
AMPGZ.US,D,20260608,000000,1.01,1.69,0.6951,1.65,23052,0
AMPGZ.US,D,20260609,000000,2.21,2.45,1.325,1.8701,41108,0
AMPGZ.US,D,20260610,000000,2.45,2.85,1.88,2.57,44319,0
AMPGZ.US,D,20260611,000000,2.29,3.65,2.29,3,49402,0
AMPGZ.US,D,20260612,000000,3.54,3.54,2.62,2.865,35185,0
AMPGZ.US,D,20260615,000000,2.9,3,2.06,2.16,34864,0
AMPGZ.US,D,20260616,000000,2.35,3.09,2.29,2.925,22266,0
AMPGZ.US,D,20260617,000000,2.505,3.37,2.505,3,105334,0
AMPGZ.US,D,20260618,000000,2.99,3,2.86,3,8280,0
AMPGZ.US,D,20260622,000000,3,3,2.25,2.7,12064,0
AMPGZ.US,D,20260623,000000,1.76,1.85,1.68,1.85,2000,0
AMPGZ.US,D,20260624,000000,1.5,1.8,1.5,1.62,11928,0
