<TICKER>,<PER>,<DATE>,<TIME>,<OPEN>,<HIGH>,<LOW>,<CLOSE>,<VOL>,<OPENINT>
APURU.US,D,20260521,000000,10.01,10.02,9.99,10,3237816,0
APURU.US,D,20260522,000000,9.99,10,9.99,9.995,625167,0
APURU.US,D,20260526,000000,10,10.01,9.99,9.99,80166,0
APURU.US,D,20260527,000000,10,10,9.99,10,76607,0
APURU.US,D,20260528,000000,10.01,10.01,10,10,52580,0
APURU.US,D,20260529,000000,10.005,10.01,10,10.01,29204,0
APURU.US,D,20260601,000000,10.05,10.05,10.01,10.02,99622,0
APURU.US,D,20260602,000000,10.02,10.02,10.02,10.02,25094,0
APURU.US,D,20260603,000000,10.02,10.02,10.02,10.02,100741,0
APURU.US,D,20260604,000000,10.02,10.03,10.02,10.02,51001,0
APURU.US,D,20260605,000000,10.04,10.05,10.035,10.035,58433,0
APURU.US,D,20260608,000000,10.04,10.045,10.04,10.04,2178,0
APURU.US,D,20260609,000000,10.03,10.1,10.03,10.09,421532,0
