<TICKER>,<PER>,<DATE>,<TIME>,<OPEN>,<HIGH>,<LOW>,<CLOSE>,<VOL>,<OPENINT>
AVAT.US,D,20260611,000000,2.99,3,1.75,1.85,497584,0
AVAT.US,D,20260612,000000,1.43,1.5699,1.21,1.35,1013412,0
AVAT.US,D,20260615,000000,1.38,1.47,1.05,1.17,4172970,0
AVAT.US,D,20260616,000000,1.21,1.2196,0.915,0.9601,3242621,0
AVAT.US,D,20260617,000000,1,1.14,0.91,1.09,1420106,0
AVAT.US,D,20260618,000000,1.04,1.04,0.844181,0.8547,1302261,0
AVAT.US,D,20260622,000000,0.929,0.94,0.83,0.849,688914,0
AVAT.US,D,20260623,000000,0.82,0.8526,0.77,0.81,662121,0
AVAT.US,D,20260624,000000,0.791,0.8396,0.69,0.7148,613266,0
