<TICKER>,<PER>,<DATE>,<TIME>,<OPEN>,<HIGH>,<LOW>,<CLOSE>,<VOL>,<OPENINT>
BNRG.US,D,20220526,000000,7665,7962.5,6125.15,6475,210.91657149184644,0
BNRG.US,D,20220527,000000,6230,6527.5,5775,5985,70.9611428784312,0
BNRG.US,D,20220531,000000,6195,6352.5,4812.5,5460,154.92742861790683,0
BNRG.US,D,20220601,000000,5372.5,5670,5285,5518.45,65.87857144833501,0
BNRG.US,D,20220602,000000,5267.65,5407.5,5127.5,5180,52.45371430145041,0
BNRG.US,D,20220603,000000,5207.8,5390,4917.5,5075,21.266285720665607,0
BNRG.US,D,20220606,000000,5320,6107.5,4917.5,4935,100.2634286015076,0
BNRG.US,D,20220607,000000,5040,5215,4812.5,5055.4,34.395428581747204,0
BNRG.US,D,20220608,000000,5985,5985,5302.5,5530,110.9508571761424,0
BNRG.US,D,20220609,000000,5442.5,5442.5,5180,5250,11.630285717774802,0
BNRG.US,D,20220610,000000,4952.5,5425,4952.5,5162.5,2.3645714292808004,0
BNRG.US,D,20220613,000000,5110,5355,4882.5,5188.75,25.6188571505428,0
BNRG.US,D,20220614,000000,5092.5,5302.5,4830,5245.45,3.2497142866892,0
BNRG.US,D,20220615,000000,5110,5110,4900,5075,5.935428573209201,0
BNRG.US,D,20220616,000000,4812.5,4899.82,4480,4805.85,9.760571431499601,0
BNRG.US,D,20220617,000000,4899.82,5232.5,4795,5092.5,18.2651428626224,0
BNRG.US,D,20220621,000000,5250,5250,5250,5250,0.7034285716396002,0
BNRG.US,D,20220622,000000,5565,5722.5,5495,5687.5,26.729714293733203,0
BNRG.US,D,20220623,000000,5670,5950,5600,5919,21.288571434958,0
BNRG.US,D,20220624,000000,5958.75,6125,5670,5722.5,12.852571432427201,0
BNRG.US,D,20220627,000000,5687.5,6107.3,5530,5635,32.323428581125604,0
BNRG.US,D,20220628,000000,5897.5,6825,5810.15,6177.5,36.5234285823856,0
BNRG.US,D,20220629,000000,6125,6315.55,5863.35,6002.5,18.145714291158,0
BNRG.US,D,20220630,000000,5810,6160,5346.25,6142.5,10.078857145880802,0
BNRG.US,D,20220701,000000,5862.65,6527.5,5862.65,5862.65,14.559428575796401,0
BNRG.US,D,20220705,000000,5547.5,5564.8,5276.25,5320,28.670857151458407,0
BNRG.US,D,20220706,000000,5285,5582.5,5285,5381.25,10.770285717516801,0
BNRG.US,D,20220707,000000,5495,6177.5,5460,5923.75,4.767428572858801,0
BNRG.US,D,20220708,000000,6020,6125,5512.5,5862.5,6.597142859122001,0
BNRG.US,D,20220711,000000,6825,6825,5775,5967.5,30.027428580436805,0
BNRG.US,D,20220712,000000,5705,6274.95,5635,5967.5,7.991428573826001,0
BNRG.US,D,20220713,000000,5949.8,6475,5949.8,6220.9,5.284000001585201,0
BNRG.US,D,20220714,000000,5705,5915,5635,5705,14.229142861411601,0
BNRG.US,D,20220715,000000,5985,5985,5775,5792.5,2.4354285721592,0
BNRG.US,D,20220718,000000,5844.8,5862.5,5687.5,5705,9.368571431382,0
BNRG.US,D,20220719,000000,5792.5,6142.5,5652.5,5862.5,5.794285716024001,0
BNRG.US,D,20220720,000000,5862.5,6370,5862.5,6194.8,2.6594285722264,0
BNRG.US,D,20220721,000000,6101.7,6611.65,6055,6448.75,21.562857149326007,0
BNRG.US,D,20220722,000000,6965,6965,6573.85,6632.5,16.648571433566,0
BNRG.US,D,20220725,000000,6387.5,7157.3,6370,6878.35,35.45542858206521,0
BNRG.US,D,20220726,000000,6667.5,6790,6510.15,6676.25,20.341714291816803,0
BNRG.US,D,20220727,000000,6685,6999.8,6545,6772.5,19.634285720176006,0
BNRG.US,D,20220728,000000,6632.5,6807.5,6630.75,6685,24.689714293121202,0
BNRG.US,D,20220729,000000,6912.3,7262.3,6685,6737.5,64.45542859076521,0
BNRG.US,D,20220801,000000,6580,6737.5,6282.5,6448.75,46.389142871059605,0
BNRG.US,D,20220802,000000,6597.3,6597.5,6387.5,6405.15,10.387428574544801,0
BNRG.US,D,20220803,000000,6498.6,6824.8,6474.8,6571.25,13.112000003933602,0
BNRG.US,D,20220804,000000,6562.5,6824.8,6492.5,6492.5,2.9868571437532005,0
BNRG.US,D,20220805,000000,6650,6737.5,6492.5,6512.6,6.138285716127201,0
BNRG.US,D,20220808,000000,6746.25,6982.5,6492.65,6877.5,14.189142861399603,0
BNRG.US,D,20220809,000000,7105,7350,6755,7332.5,40.590857155034406,0
BNRG.US,D,20220810,000000,7402.5,7402.5,6650,6685,47.312571442765204,0
BNRG.US,D,20220811,000000,6772.3,6912.5,6737.5,6851.25,11.564000003469202,0
BNRG.US,D,20220812,000000,6812.05,6968.3,6755,6912.5,5.5040000016512005,0
BNRG.US,D,20220815,000000,6771.95,7157.5,6738.55,6860,4.6080000013824005,0
BNRG.US,D,20220816,000000,7109.2,7111.45,6930,6965,7.351428573634002,0
BNRG.US,D,20220817,000000,6912.65,6982.5,6650,6842.5,9.0520000027156,0
BNRG.US,D,20220818,000000,6904.8,6982.5,6842.65,6860,3.980000001194001,0
BNRG.US,D,20220819,000000,7122.5,7122.5,6825,6860,2.1822857149404,0
BNRG.US,D,20220822,000000,6667.5,7052.3,6667.5,6957.1,9.0954285741572,0
BNRG.US,D,20220823,000000,7035,7035,6895,6982.5,1.1080000003324002,0
BNRG.US,D,20220824,000000,6930,7084.85,6930,6965,4.029142858351601,0
BNRG.US,D,20220825,000000,7070,7165.35,6930,7000,4.7794285728624,0
BNRG.US,D,20220826,000000,7175,7175,6877.5,6895,4.898857144326801,0
BNRG.US,D,20220829,000000,6965.7,6982.5,6842.5,6930,0.9497142859992002,0
BNRG.US,D,20220830,000000,6885.7,7070,6737.5,6947.5,7.7285714308900015,0
BNRG.US,D,20220831,000000,6895,7297.5,6860,7262.5,16.935428576509203,0
BNRG.US,D,20220901,000000,7157.5,7175,6912.5,7087.5,11.661714289212803,0
BNRG.US,D,20220902,000000,7314.8,7314.8,6825,6956.25,5.9034285731996015,0
BNRG.US,D,20220906,000000,6860,7122.5,6807.5,6965,17.1931428623008,0
BNRG.US,D,20220907,000000,6772.5,6964.1,6757.6,6807.5,12.585142860918403,0
BNRG.US,D,20220908,000000,6597.5,6929.8,6597.5,6772.5,9.3840000028152,0
BNRG.US,D,20220909,000000,7315,7315,6737.5,6755,3.8965714297404,0
BNRG.US,D,20220912,000000,6842.5,6947.3,6737.5,6772.5,1.9331428577228,0
BNRG.US,D,20220913,000000,6877.5,6877.5,6597.5,6650,15.314857147451603,0
BNRG.US,D,20220914,000000,6755,7192.5,6632.5,6807.5,12.760571432399601,0
BNRG.US,D,20220915,000000,6772.5,6912.5,6685,6734.85,9.990285717282802,0
BNRG.US,D,20220916,000000,6772.5,7043.75,6606.25,6825,2.4914285721760003,0
BNRG.US,D,20220919,000000,6720,6720,6422.5,6554.1,15.910285719058804,0
BNRG.US,D,20220920,000000,6685,6780.35,6405,6448.75,5.783428573163601,0
BNRG.US,D,20220921,000000,6405,6755,6405,6755,1.3382857146872003,0
BNRG.US,D,20220922,000000,6475,6687.25,6405,6615,8.596000002578801,0
BNRG.US,D,20220923,000000,6947.3,6947.3,6317.5,6396.25,2.988571429468,0
BNRG.US,D,20220926,000000,6475.15,6790,6475.15,6728.75,2.4325714293012,0
BNRG.US,D,20220927,000000,6597.5,6685,6527.5,6527.5,1.5234285718856002,0
BNRG.US,D,20220928,000000,6352.3,6496.35,6265,6439.8,5.281714287298801,0
BNRG.US,D,20220929,000000,6352.5,6746.6,6317.5,6746.6,1.0782857146092002,0
BNRG.US,D,20220930,000000,6650.15,6665.4,6317.5,6544.8,7.289714287901202,0
BNRG.US,D,20221003,000000,6317.5,6825,6264.8,6608,12.368571432282002,0
BNRG.US,D,20221004,000000,6422.5,6544.8,6317.5,6544.8,0.7320000002196001,0
BNRG.US,D,20221005,000000,6459.75,6781.25,6422.5,6615,1.8954285719972004,0
BNRG.US,D,20221006,000000,6580,6724.35,6282.5,6317.65,9.321714288510801,0
BNRG.US,D,20221007,000000,6527.5,6527.5,5460,5678.75,20.850285720540803,0
BNRG.US,D,20221010,000000,5705.15,6120.45,5600,5757.5,7.440000002232001,0
BNRG.US,D,20221011,000000,5915.15,6020,5792.5,5901,6.296571430460401,0
BNRG.US,D,20221012,000000,5950.35,5976.25,5810,5880,4.602857144238,0
BNRG.US,D,20221013,000000,6168.75,6168.75,6090,6090,1.7200000005160003,0
BNRG.US,D,20221014,000000,6405,6405,6212.5,6212.5,0.12685714289520003,0
BNRG.US,D,20221017,000000,6335,6422.5,6247.65,6375.25,2.6411428579352005,0
BNRG.US,D,20221018,000000,6370,6370,6160,6160,5.8280000017484,0
BNRG.US,D,20221019,000000,6160,6205.65,5862.5,6111.35,4.849142858597601,0
BNRG.US,D,20221020,000000,5600,5909.75,5600,5740.7,7.376000002212802,0
BNRG.US,D,20221021,000000,6002.5,6002.5,5582.5,5673.3,2.4040000007212003,0
BNRG.US,D,20221024,000000,5670,5724.25,5530,5635,16.4548571477936,0
BNRG.US,D,20221025,000000,5460,5793.7,5075,5197.5,16.511428576382,0
BNRG.US,D,20221026,000000,5232.5,5357.6,5232.5,5357.6,0.6468571430512001,0
BNRG.US,D,20221027,000000,5057.5,5206.25,5057.5,5162.65,11.977714289307603,0
BNRG.US,D,20221028,000000,5145,5390,5145,5302.5,0.7377142859356001,0
BNRG.US,D,20221031,000000,5302.5,5302.5,4865,4978.75,16.1720000048516,0
BNRG.US,D,20221101,000000,4970,5040,4970,5040,0.2548571429336,0
BNRG.US,D,20221102,000000,4900,4987.5,4410.17,4462.5,16.8920000050676,0
BNRG.US,D,20221103,000000,4165,4375,4060,4095,26.834857150907602,0
BNRG.US,D,20221104,000000,4506.77,4550,4217.5,4375,3.0868571437832006,0
BNRG.US,D,20221107,000000,4095,4322.5,4025,4305,7.6937142880224005,0
BNRG.US,D,20221108,000000,4217.5,4250.58,3780,4007.5,13.197142861102002,0
BNRG.US,D,20221109,000000,3867.5,3919.12,3815,3919.12,2.5628571436260006,0
BNRG.US,D,20221110,000000,3745,4236.58,3745,4119.5,10.102857145888002,0
BNRG.US,D,20221111,000000,4233.25,4235,4130,4235,0.9845714288668002,0
BNRG.US,D,20221114,000000,3850,4095,3850,4095,8.7988571454968,0
BNRG.US,D,20221115,000000,3815,4200,3727.5,4047.58,8.164571431020802,0
BNRG.US,D,20221116,000000,3692.5,3849.82,3500,3500,16.952571433657205,0
BNRG.US,D,20221117,000000,3255,3587.5,3167.5,3202.5,29.742857151780004,0
BNRG.US,D,20221118,000000,3307.5,3307.5,3272.5,3272.5,0.39714285726200005,0
BNRG.US,D,20221121,000000,3132.5,3132.5,2922.5,3097.15,13.5480000040644,0
BNRG.US,D,20221122,000000,2887.5,3010,2747.5,2870,21.878285720849206,0
BNRG.US,D,20221123,000000,2747.5,2782.5,2607.5,2625,7.5611428594112,0
BNRG.US,D,20221125,000000,2712.5,3074.22,2712.5,2992.5,5.7451428588664015,0
BNRG.US,D,20221128,000000,2695,2695,2590,2642.5,19.539428577290405,0
BNRG.US,D,20221129,000000,2590,2590,2590,2590,0.35200000010560006,0
BNRG.US,D,20221130,000000,2380,2572.5,2275,2504.25,66.6531428771388,0
BNRG.US,D,20221201,000000,2502.5,2625,2502.5,2572.5,19.755428577355204,0
BNRG.US,D,20221202,000000,2625,2747.5,2625,2730,44.94114287062521,0
BNRG.US,D,20221205,000000,2642.5,2870,2590,2625,26.995428579527204,0
BNRG.US,D,20221206,000000,2756.25,2940,2747.5,2883.12,41.90457144114281,0
BNRG.US,D,20221207,000000,2992.5,2992.5,2596.3,2870,37.7737142970464,0
BNRG.US,D,20221208,000000,2712.5,2870,2625,2625,3.1291428580816003,0
BNRG.US,D,20221209,000000,2835,2835,2835,2835,0.108571428604,0
BNRG.US,D,20221212,000000,2590,2677.5,2572.5,2677.5,0.6965714287804001,0
BNRG.US,D,20221213,000000,2754.32,2800,2712.5,2799.12,4.691428572836,0
BNRG.US,D,20221214,000000,2660,2887.5,2660,2800,1.5354285718892002,0
BNRG.US,D,20221215,000000,2642.5,2730,2590,2730,6.0251428589504,0
BNRG.US,D,20221216,000000,2607.5,2607.5,2485,2590,3.9171428583180004,0
BNRG.US,D,20221219,000000,2467.5,2625.18,2152.5,2310,4.066857144077201,0
BNRG.US,D,20221220,000000,2441.6,2441.6,2397.5,2413.6,2.8262857151336007,0
BNRG.US,D,20221221,000000,2380,2542.4,2380,2542.4,1.0771428574660002,0
BNRG.US,D,20221222,000000,2737.35,2765,2537.5,2537.5,1.3965714289904003,0
BNRG.US,D,20221223,000000,2695,2695,2677.5,2677.5,0.1240000000372,0
BNRG.US,D,20221227,000000,2432.5,2450,2345,2406.25,3.2948571438456002,0
BNRG.US,D,20221228,000000,2415,2625,2388.75,2467.5,8.534285716846,0
BNRG.US,D,20221229,000000,2432.5,2485,2299.32,2362.5,2.3548571435636005,0
BNRG.US,D,20221230,000000,2590,2590,2401.17,2401.17,0.25657142864840005,0
BNRG.US,D,20230103,000000,2642.5,2765,2607.5,2712.5,13.521142861199202,0
BNRG.US,D,20230104,000000,2765,2765,2747.5,2765,4.964000001489201,0
BNRG.US,D,20230105,000000,2607.5,2695,2590,2695,2.1382857149272003,0
BNRG.US,D,20230106,000000,2799.82,2799.82,2644.6,2782.5,1.3994285718484,0
BNRG.US,D,20230110,000000,2756.25,2765,2747.5,2747.5,0.23828571435720003,0
BNRG.US,D,20230111,000000,2835,2835,2747.5,2835,4.3782857155992,0
BNRG.US,D,20230112,000000,3010,3010,2975,2975,0.17542857148120003,0
BNRG.US,D,20230117,000000,3255,3412.5,3255,3412.5,4.0708571440784,0
BNRG.US,D,20230118,000000,3517.5,3517.5,3377.5,3447.5,5.748571430296,0
BNRG.US,D,20230119,000000,2940,2940,2800,2800,0.30000000009000005,0
BNRG.US,D,20230120,000000,2870,3272.5,2870,3150,1.7417142862368005,0
BNRG.US,D,20230123,000000,2940,3500,2940,3202.32,1.3788571432708001,0
BNRG.US,D,20230124,000000,3220,3517.5,3202.5,3517.5,1.9674285720188003,0
BNRG.US,D,20230125,000000,3500,3500,3251.85,3395,2.2468571435312,0
BNRG.US,D,20230126,000000,3220,3246.25,3036.25,3220,2.7571428579700004,0
BNRG.US,D,20230127,000000,3255,3272.5,3124.28,3272.5,2.1491428577876,0
BNRG.US,D,20230130,000000,2975,2992.5,2871.4,2975,7.610285716568801,0
BNRG.US,D,20230131,000000,2887.5,2913.75,2835,2887.5,3.3114285724220007,0
BNRG.US,D,20230201,000000,2887.5,2887.5,2800,2835,3.5725714296432005,0
BNRG.US,D,20230202,000000,2835,3150,2835,2994.95,8.6097142882972,0
BNRG.US,D,20230203,000000,3115,3115,2817.85,2887.5,2.8560000008568003,0
BNRG.US,D,20230206,000000,3080,3307.5,2817.5,3080,2.4211428578692002,0
BNRG.US,D,20230207,000000,2835,2852.5,2782.5,2782.5,3.5028571439080007,0
BNRG.US,D,20230208,000000,2712.5,2730,2668.75,2668.75,2.1748571435096005,0
BNRG.US,D,20230209,000000,2800,2800,2625,2625.18,1.2142857146500001,0
BNRG.US,D,20230210,000000,2642.68,2642.68,2642.68,2642.68,0.12000000003600003,0
BNRG.US,D,20230213,000000,2870,2870,2870,2870,0.12000000003600003,0
BNRG.US,D,20230214,000000,2887.5,2887.5,2765,2765,0.7977142859536002,0
BNRG.US,D,20230215,000000,2742.77,2742.77,2742.77,2742.77,0.6931428573508001,0
BNRG.US,D,20230216,000000,2887.5,2887.5,2695,2695,0.8708571431184002,0
BNRG.US,D,20230217,000000,2852.5,2887.5,2782.5,2800,4.1588571441048,0
BNRG.US,D,20230221,000000,2765,3220,2765,3185,48.56142858599701,0
BNRG.US,D,20230222,000000,3272.5,3307.5,3044.65,3200.4,12.3131428608368,0
BNRG.US,D,20230223,000000,2905,2992.5,2537.68,2747.5,23.954285721472004,0
BNRG.US,D,20230224,000000,2747.5,2747.5,2625,2677.5,4.0931428583708,0
BNRG.US,D,20230227,000000,2765,2765,2537.5,2572.5,4.630285715674801,0
BNRG.US,D,20230228,000000,2572.5,2607.5,2572.5,2603.12,2.3240000006972004,0
BNRG.US,D,20230301,000000,2590,2590,2537.5,2555,10.501142860293202,0
BNRG.US,D,20230302,000000,2537.5,2537.5,2327.5,2502.5,8.338285716787201,0
BNRG.US,D,20230303,000000,2430.4,2485,2336.07,2467.32,7.9445714309548014,0
BNRG.US,D,20230306,000000,2502.5,2546.25,2502.5,2546.25,0.8897142859812002,0
BNRG.US,D,20230307,000000,2519.48,2519.48,2360.05,2441.25,0.41485714298160004,0
BNRG.US,D,20230308,000000,2507.75,2507.75,2507.75,2507.75,0.07714285716600001,0
BNRG.US,D,20230309,000000,2467.5,2467.5,2327.5,2329.25,1.3908571432744001,0
BNRG.US,D,20230310,000000,2397.5,2712.5,2383.85,2383.85,1.8017142862548003,0
BNRG.US,D,20230313,000000,2362.5,2362.5,2353.75,2353.75,0.43714285727400004,0
BNRG.US,D,20230314,000000,2377.38,2502.5,2377.38,2400.12,3.0702857152068,0
BNRG.US,D,20230315,000000,2450,2450,2363.72,2402.75,2.1017142863448,0
BNRG.US,D,20230316,000000,2275,2275,2275,2275,1.0068571431592002,0
BNRG.US,D,20230317,000000,2292.5,2398.55,2292.5,2292.5,0.5171428572980001,0
BNRG.US,D,20230320,000000,2485,2485,2380,2380,0.4348542858447421,0
BNRG.US,D,20230321,000000,2432.5,2432.5,2222.5,2222.5,0.28742857151480006,0
BNRG.US,D,20230322,000000,2436.35,2467.5,2362.5,2467.5,1.182857143212,0
BNRG.US,D,20230323,000000,2380,2380,2275,2362.5,0.7451428573664001,0
BNRG.US,D,20230327,000000,2082.5,2112.78,1961.05,2012.5,6.337142859044001,0
BNRG.US,D,20230328,000000,2012.5,2047.5,2012.5,2012.5,2.8405714294236004,0
BNRG.US,D,20230329,000000,1890,1890,1645,1645.18,6.3931428590608,0
BNRG.US,D,20230330,000000,1505.7,1750,1505.7,1750,3.509714286767201,0
BNRG.US,D,20230331,000000,1749.82,1750,1715,1715,0.7777142859476001,0
BNRG.US,D,20230403,000000,1707.48,1748.78,1707.48,1732.5,0.6302857144748,0
BNRG.US,D,20230404,000000,1785,1785,1540.52,1540.52,3.4651428581824,0
BNRG.US,D,20230405,000000,1557.5,1557.5,1557.5,1557.5,0.265714285794,0
BNRG.US,D,20230410,000000,1925,4812.5,1925,2362.5,7276.54285932582,0
BNRG.US,D,20230411,000000,2887.5,4742.5,2450.35,4112.5,9499.942859992841,0
BNRG.US,D,20230412,000000,3990,4900,3202.5,3202.5,2498.6600007495986,0
BNRG.US,D,20230413,000000,3027.5,3202.5,2712.5,2887.5,289.46285722969606,0
BNRG.US,D,20230414,000000,2712.5,2765,2152.5,2467.5,159.19600004775882,0
BNRG.US,D,20230417,000000,2520,2572.67,2275,2397.5,78.15600002344681,0
BNRG.US,D,20230418,000000,2345,2485,2222.5,2240,104.53742860278982,0
BNRG.US,D,20230419,000000,2205,2310,1890,2082.5,113.62057146265761,0
BNRG.US,D,20230420,000000,2257.5,2607.5,2240,2318.75,303.60857151965405,0
BNRG.US,D,20230421,000000,2257.5,2327.5,1977.5,2100,43.20571429867601,0
BNRG.US,D,20230424,000000,2117.5,2152.5,1977.5,2051,24.747428578852805,0
BNRG.US,D,20230425,000000,2030,2271.5,1977.5,1977.5,53.592000016077606,0
BNRG.US,D,20230426,000000,2099.82,2411.32,1977.5,2065,160.8268571911052,0
BNRG.US,D,20230427,000000,1995,2082.68,1977.5,2082.68,25.0434285789416,0
BNRG.US,D,20230428,000000,2065,2132.38,1855,2016.88,13.568571432642,0
BNRG.US,D,20230501,000000,1837.5,1942.5,1802.5,1837.5,29.642857151750004,0
BNRG.US,D,20230502,000000,1820,1879.5,1767.5,1767.5,25.017714293219605,0
BNRG.US,D,20230503,000000,1750,1872.5,1697.5,1872.5,14.737714290135603,0
BNRG.US,D,20230504,000000,1767.5,1837.5,1662.5,1697.5,20.0217142917208,0
BNRG.US,D,20230505,000000,1732.5,1815.28,1732.15,1767.5,21.475428577871202,0
BNRG.US,D,20230508,000000,1837.5,1837.5,1732.5,1820,14.600000004380002,0
BNRG.US,D,20230509,000000,1820,1837.5,1732.5,1767.5,11.192571431929203,0
BNRG.US,D,20230510,000000,1767.5,1802.5,1732.5,1750,23.8611428643012,0
BNRG.US,D,20230511,000000,1750,1750,1574.12,1645.53,30.028571437580002,0
BNRG.US,D,20230512,000000,1643.25,1643.25,1565.72,1575.18,7.768571430902,0
BNRG.US,D,20230515,000000,1575,1610,1567.48,1592.5,12.248000003674402,0
BNRG.US,D,20230516,000000,1575.35,1680.18,1522.68,1575,25.5902857219628,0
BNRG.US,D,20230517,000000,1557.5,1691.9,1557.5,1628.38,35.102285724816404,0
BNRG.US,D,20230518,000000,1640.45,1640.45,1591.1,1597.4,2.9131428580168004,0
BNRG.US,D,20230519,000000,1596.7,1645,1596.7,1618.22,4.414285715610001,0
BNRG.US,D,20230522,000000,1614.9,1614.9,1548.75,1557.85,6.720571430587601,0
BNRG.US,D,20230523,000000,1526.88,1767.5,1526.88,1723.75,23.037142864054005,0
BNRG.US,D,20230524,000000,1692.78,1732.32,1601.68,1627.5,25.222857150424,0
BNRG.US,D,20230525,000000,1680,1976.98,1675.18,1837.5,99.20514288690441,0
BNRG.US,D,20230526,000000,1925,1943.72,1750,1846.25,53.36000001600801,0
BNRG.US,D,20230530,000000,1907.5,2257.5,1662.5,1872.5,490.13714300418405,0
BNRG.US,D,20230531,000000,1872.5,1872.5,1701,1785,66.4634285913676,0
BNRG.US,D,20230601,000000,1706.25,1767.5,1573.95,1715,43.95371429890041,0
BNRG.US,D,20230602,000000,1732.5,1767.5,1645,1732.32,30.486285723431607,0
BNRG.US,D,20230605,000000,1699.95,1732.32,1610,1627.5,38.7240000116172,0
BNRG.US,D,20230606,000000,1697.32,1697.5,1627.5,1674.75,9.52857143143,0
BNRG.US,D,20230607,000000,1714.82,1714.82,1645,1667.22,19.060000005718003,0
BNRG.US,D,20230608,000000,1697.68,1715,1610,1715,19.667428577328806,0
BNRG.US,D,20230609,000000,1732.32,1749.82,1627.5,1689.28,10.412571431695202,0
BNRG.US,D,20230612,000000,1638.7,1714.82,1487.5,1575,22.977142864036004,0
BNRG.US,D,20230613,000000,1715,1741.42,1601.25,1680.18,55.41942858805441,0
BNRG.US,D,20230614,000000,1732.5,1732.5,1658.48,1659.88,8.804000002641201,0
BNRG.US,D,20230615,000000,1662.5,1732.5,1662.5,1732.32,9.662285717184401,0
BNRG.US,D,20230616,000000,1750,1750,1680,1709.75,10.706285717497602,0
BNRG.US,D,20230620,000000,1680.88,1731.98,1680,1709.92,11.949142860727603,0
BNRG.US,D,20230621,000000,1724.1,1724.1,1662.5,1680,12.127428575066801,0
BNRG.US,D,20230622,000000,1662.5,1715,1662.5,1680,13.232571432541201,0
BNRG.US,D,20230623,000000,1732.5,1766.8,1662.5,1662.5,5.557142858810001,0
BNRG.US,D,20230626,000000,1662.68,1749.82,1655.85,1692.08,4.3234285727256,0
BNRG.US,D,20230627,000000,1610,1715,1610,1692.08,4.3160000012948005,0
BNRG.US,D,20230628,000000,1662.5,1677.72,1662.5,1677.72,3.8891428583096004,0
BNRG.US,D,20230629,000000,1585.5,1679.82,1575,1622.6,6.061714287532801,0
BNRG.US,D,20230630,000000,1622.6,1643.51,1557.5,1643.51,5.3108571444504005,0
BNRG.US,D,20230703,000000,1632.75,1632.75,1547.7,1557.5,8.734828574049022,0
BNRG.US,D,20230705,000000,1662.5,1662.68,1566.25,1618.75,9.004571431272801,0
BNRG.US,D,20230706,000000,1610,1662.5,1610,1661.62,0.43028571441480007,0
BNRG.US,D,20230707,000000,1661.45,1661.45,1540,1592.5,4.294857144145601,0
BNRG.US,D,20230710,000000,1672.12,1672.12,1522.68,1584.51,3.1954285723872005,0
BNRG.US,D,20230711,000000,1600.37,1645,1566.25,1592.5,5.014285715790001,0
BNRG.US,D,20230712,000000,1540,1592.5,1505,1548.75,10.179428574482401,0
BNRG.US,D,20230713,000000,1510.78,1626.01,1510.78,1567.76,14.787428575864801,0
BNRG.US,D,20230714,000000,1567.3,1645,1540,1600.44,6.6582857162832,0
BNRG.US,D,20230717,000000,1557.5,1618.22,1522.68,1613.93,1.2514285718040001,0
BNRG.US,D,20230718,000000,1592.5,1601.25,1592.5,1601.25,0.5908571430344001,0
BNRG.US,D,20230719,000000,1650.25,1650.25,1627.5,1627.5,5.924571430348801,0
BNRG.US,D,20230720,000000,1662.5,1662.5,1610,1645,9.272000002781601,0
BNRG.US,D,20230721,000000,1610,1650.74,1610,1650.74,0.4800000001440001,0
BNRG.US,D,20230724,000000,1592.5,1610,1575,1592.5,7.219428573594401,0
BNRG.US,D,20230725,000000,1505,1592.68,1487.5,1540.18,6.491428573376,0
BNRG.US,D,20230726,000000,1487.5,2406.43,1487.5,1616.3,2239.682857814762,0
BNRG.US,D,20230727,000000,1662.32,1662.5,1488.38,1592.68,103.92285717403402,0
BNRG.US,D,20230728,000000,1610,1650.25,1524.42,1540,61.5040000184512,0
BNRG.US,D,20230731,000000,1612.24,1612.24,1368.5,1523.2,121.54057146503362,0
BNRG.US,D,20230801,000000,1477.52,1522.32,1384.25,1476.37,34.421714296040804,0
BNRG.US,D,20230802,000000,1461.25,1470,1369.2,1452.32,28.772571437203204,0
BNRG.US,D,20230803,000000,1405.78,1444.36,1365,1426.25,8.677685716889021,0
BNRG.US,D,20230804,000000,1382.5,1486.01,1382.5,1423.62,7.540000002262001,0
BNRG.US,D,20230807,000000,1428.87,1502.38,1428.7,1469.82,4.385714287030001,0
BNRG.US,D,20230808,000000,1380.92,1470,1380.92,1468.25,6.602285716266401,0
BNRG.US,D,20230809,000000,1468.25,1478.47,1417.5,1470,21.123428577765605,0
BNRG.US,D,20230810,000000,1417.5,1434.82,1347.5,1365,13.2548571468336,0
BNRG.US,D,20230811,000000,1400,1435,1365,1382.5,8.7565714311984,0
BNRG.US,D,20230814,000000,1417.5,1417.68,1350.12,1400,6.459428573366401,0
BNRG.US,D,20230815,000000,1391.25,1434.82,1330,1347.5,24.270285721566804,0
BNRG.US,D,20230816,000000,1377.32,1377.32,1286.07,1295,16.2131428620068,0
BNRG.US,D,20230817,000000,1286.25,1312.5,1286.25,1312.5,4.1040000012312,0
BNRG.US,D,20230818,000000,1303.75,1410.58,1301.91,1365,3.448000001034401,0
BNRG.US,D,20230821,000000,1321.25,1321.86,1277.5,1277.5,6.981714287808801,0
BNRG.US,D,20230822,000000,1376.72,1417.5,1277.5,1279.25,7.202857145018001,0
BNRG.US,D,20230823,000000,1295,1400,1295,1382.5,10.551428574594002,0
BNRG.US,D,20230824,000000,1277.5,1382.5,1260,1295,13.368571432582002,0
BNRG.US,D,20230825,000000,1260.18,1365,1260,1260.18,13.9720000041916,0
BNRG.US,D,20230828,000000,1260,1260.35,1172.5,1242.5,10.420571431697603,0
BNRG.US,D,20230829,000000,1242.5,1353.98,962.5,1130.15,145.81314290088682,0
BNRG.US,D,20230830,000000,1155.7,1312.68,1141,1295,52.3137143014084,0
BNRG.US,D,20230831,000000,1321.25,1365,1266.12,1295,17.537142862404,0
BNRG.US,D,20230901,000000,1330,1365,1232.52,1340.27,3.305142858134401,0
BNRG.US,D,20230905,000000,1312.5,1346.62,1215.02,1242.68,4.605142858524401,0
BNRG.US,D,20230906,000000,1294.82,1435,1294.82,1417.32,32.740000009822005,0
BNRG.US,D,20230907,000000,1347.5,1434.82,1347.5,1347.5,18.3651428626524,0
BNRG.US,D,20230908,000000,1433.25,1434.82,1358.52,1399.82,8.073142859564802,0
BNRG.US,D,20230911,000000,1433.25,1433.25,1317.22,1399.82,18.306285719777602,0
BNRG.US,D,20230912,000000,1435,1435,1347.5,1433.25,1.1891428574996001,0
BNRG.US,D,20230913,000000,1417.5,1417.5,1314.25,1417.5,9.840571431523601,0
BNRG.US,D,20230914,000000,1362.72,1395.32,1206.45,1277.5,23.6588571499548,0
BNRG.US,D,20230915,000000,1225,1332.02,1050,1148.49,25.038857150368802,0
BNRG.US,D,20230918,000000,1102.5,1251.25,1102.5,1207.5,10.369142860253602,0
BNRG.US,D,20230919,000000,1277.15,1277.15,1137.5,1205.75,13.908571432744,0
BNRG.US,D,20230920,000000,1256.32,1256.5,1155.18,1225,1.3542857146920002,0
BNRG.US,D,20230921,000000,1207.5,1207.5,1155,1207.5,0.9017142859848001,0
BNRG.US,D,20230922,000000,1207.5,1207.5,1155,1156.75,4.758857144284801,0
BNRG.US,D,20230925,000000,1155,1207.5,1155,1155,3.1714285723800004,0
BNRG.US,D,20230926,000000,1156.75,1156.75,1050,1119.82,13.896000004168801,0
BNRG.US,D,20230927,000000,1186.5,1204,1142.75,1204,3.2074000009622203,0
BNRG.US,D,20230928,000000,1200.5,1200.5,1127.87,1200.5,1.5588571433248004,0
BNRG.US,D,20230929,000000,1200.5,1200.5,1132.07,1200.5,2.3360000007008006,0
BNRG.US,D,20231002,000000,1140.47,1180.72,1102.5,1172.5,8.005714288116001,0
BNRG.US,D,20231003,000000,1165.5,1260,1155.44,1207.5,5.602285715966401,0
BNRG.US,D,20231004,000000,1086.05,1190,1086.05,1190,0.8634285716876001,0
BNRG.US,D,20231005,000000,1172.5,1172.5,1110.37,1110.37,1.8325714291212003,0
BNRG.US,D,20231006,000000,1153.26,1193.19,1137.5,1137.5,4.703428572839601,0
BNRG.US,D,20231009,000000,1050,1184.75,1050,1137.32,6.219428573294401,0
BNRG.US,D,20231010,000000,1146.25,1204,1137.68,1170.75,5.4920000016476,0
BNRG.US,D,20231011,000000,1225,1225,1100.75,1153.25,153.03714290305402,0
BNRG.US,D,20231012,000000,1101.45,1172.5,1017.1,1069.25,22.561714292482804,0
BNRG.US,D,20231013,000000,1069.16,1137.5,1067.68,1137.5,11.6908571463644,0
BNRG.US,D,20231016,000000,1260,1435,1207.5,1295,87.84171431206681,0
BNRG.US,D,20231017,000000,1295,1295,1172.5,1277.5,15.904571433342802,0
BNRG.US,D,20231018,000000,1277.5,1328.51,1207.5,1258.25,13.021714289620801,0
BNRG.US,D,20231019,000000,1355.72,1355.72,1188.08,1277.5,4.797142858582001,0
BNRG.US,D,20231020,000000,1242.15,1260,1172.68,1251.38,10.914857146131602,0
BNRG.US,D,20231023,000000,1207.5,1277.5,1172.5,1207.5,10.326285717383602,0
BNRG.US,D,20231024,000000,1172.5,1246.61,997.675,1190,16.462857147796004,0
BNRG.US,D,20231025,000000,1111.25,1176.44,1085,1153.25,5.721142858859201,0
BNRG.US,D,20231026,000000,1099.92,1099.92,1029.18,1032.5,13.3165714325664,0
BNRG.US,D,20231027,000000,1141.26,1141.26,997.5,997.5,5.848000001754401,0
BNRG.US,D,20231030,000000,963.025,1120,910,1119.82,13.952571432757203,0
BNRG.US,D,20231031,000000,1137.32,1137.32,917.875,1030.75,10.794857146095602,0
BNRG.US,D,20231101,000000,956.375,1015,927.5,1015,11.821714289260802,0
BNRG.US,D,20231102,000000,1032.5,1137.32,989.8,1067.5,7.860571430929601,0
BNRG.US,D,20231103,000000,1067.5,1216.25,1006.68,1158.5,8.0148571452616,0
BNRG.US,D,20231106,000000,1179.32,1179.32,1032.68,1170.75,8.977142859836,0
BNRG.US,D,20231107,000000,1155,1186.32,1032.5,1142.74,17.625142862430405,0
BNRG.US,D,20231108,000000,1120,1120,1032.5,1084.82,3.957714286901601,0
BNRG.US,D,20231109,000000,1155,1172.32,1084.47,1084.47,2.494285715034,0
BNRG.US,D,20231110,000000,1150.8,1150.8,1137.5,1137.5,0.47942857157240004,0
BNRG.US,D,20231113,000000,1136.45,1137.32,1032.5,1120,3.3788285724422202,0
BNRG.US,D,20231114,000000,1050.18,1155,1050.18,1153.08,6.0394285732404,0
BNRG.US,D,20231115,000000,1101.53,1153.08,1085,1085,1.7874285719648004,0
BNRG.US,D,20231116,000000,1155,1155,1050,1081.5,1.7748571433896,0
BNRG.US,D,20231117,000000,1120,1120,1120,1120,0.14285714290000004,0
BNRG.US,D,20231120,000000,1050,1120,1033.38,1033.55,8.711428574042001,0
BNRG.US,D,20231121,000000,1076.95,1119.82,1067.5,1102.5,3.2120000009636005,0
BNRG.US,D,20231122,000000,1128.75,1207.5,1071.88,1155,6.088571430398001,0
BNRG.US,D,20231124,000000,1225,1225,1066.8,1155,3.46454285818222,0
BNRG.US,D,20231127,000000,1207.5,1207.5,1155,1155,0.39714285726200005,0
BNRG.US,D,20231128,000000,1136.62,1136.62,1067.5,1067.5,1.808571429114,0
BNRG.US,D,20231129,000000,1067.5,1207.5,962.5,1067.5,17.773714291046403,0
BNRG.US,D,20231130,000000,963.375,1102.32,951.74,962.5,58.13657144601241,0
BNRG.US,D,20231201,000000,1015,1119.82,945,1113,68.4468571633912,0
BNRG.US,D,20231204,000000,1061.69,1061.69,966,1018.5,60.64571430390801,0
BNRG.US,D,20231205,000000,1006.26,1135.75,1006.26,1080.62,56.462857159796016,0
BNRG.US,D,20231206,000000,1067.51,1110.72,1051.75,1067.5,31.297142866532006,0
BNRG.US,D,20231207,000000,1044.75,1163.75,1034.25,1034.25,17.960000005388004,0
BNRG.US,D,20231208,000000,1037.75,1099,1029,1030.75,8.874285716948002,0
BNRG.US,D,20231211,000000,1006.25,1075.77,997.5,997.5,4.491428572776001,0
BNRG.US,D,20231212,000000,962.5,1015,894.25,939.75,75.891428594196,0
BNRG.US,D,20231213,000000,903,949.375,903,949.375,25.485714293360004,0
BNRG.US,D,20231214,000000,987,1067.5,982.625,1056.91,111.42285717628403,0
BNRG.US,D,20231215,000000,1043.32,1069.25,1036.88,1058.75,8.668571431172001,0
BNRG.US,D,20231218,000000,1092,1092,999.25,1008,49.06285715757601,0
BNRG.US,D,20231219,000000,964.25,1063.12,964.25,1050,17.880000005364,0
BNRG.US,D,20231220,000000,1099,1099,1008,1032.5,63.948571447756,0
BNRG.US,D,20231221,000000,1041.25,1069.25,1006.26,1065.75,13.520000004056001,0
BNRG.US,D,20231222,000000,1058.75,1064,1020.46,1064,4.982857144352001,0
BNRG.US,D,20231226,000000,1048.25,1050,981.75,1018.5,27.108571436704,0
BNRG.US,D,20231227,000000,1034.9,1065.75,1007.46,1065.75,52.497142872892006,0
BNRG.US,D,20231228,000000,1064,1064,994,1031.43,16.97142857652,0
BNRG.US,D,20231229,000000,1037.75,1053.16,1015,1023.75,24.925714293192,0
BNRG.US,D,20240102,000000,1002.76,1002.76,1002.76,1002.76,3.702857143968,0
BNRG.US,D,20240103,000000,1002.75,1002.75,876.75,995.485,30.651428580624003,0
BNRG.US,D,20240104,000000,1004.44,1004.5,894.25,1002.75,30.428571437700004,0
BNRG.US,D,20240105,000000,927.5,998.9,927.5,978.25,31.365714295124004,0
BNRG.US,D,20240108,000000,1030.75,1263.5,931,995.75,213.54857149263603,0
BNRG.US,D,20240109,000000,1039.5,1039.5,931,973,90.34285716996001,0
BNRG.US,D,20240110,000000,1069.25,1069.25,955.5,1012.9,94.97142859992002,0
BNRG.US,D,20240111,000000,1158.5,1205.75,1067.5,1090.25,710.988571641868,0
BNRG.US,D,20240112,000000,1197,1197,1050.01,1069.25,106.13714288898403,0
BNRG.US,D,20240116,000000,1099,1099,1034.25,1034.25,20.622857149044002,0
BNRG.US,D,20240117,000000,1041.25,1046.92,1034.7,1046.92,20.965714292004,0
BNRG.US,D,20240118,000000,1074.5,1102.5,1041.25,1046.97,67.72000002031601,0
BNRG.US,D,20240119,000000,1067.5,1067.5,1041.25,1046.5,23.754285721412003,0
BNRG.US,D,20240122,000000,1039.5,1050,962.5,1013.44,54.51428573064001,0
BNRG.US,D,20240123,000000,924,924,836.5,855.75,119.32000003579601,0
BNRG.US,D,20240124,000000,848.75,887.25,822.5,838.845,85.074285739808,0
BNRG.US,D,20240125,000000,822.5,822.5,668.5,726.25,114.262857177136,0
BNRG.US,D,20240126,000000,813.75,817.265,700,775.25,31.61142858091201,0
BNRG.US,D,20240129,000000,770,770,719.25,761.25,57.611428588712016,0
BNRG.US,D,20240130,000000,780.5,784,722.75,722.75,18.234285719756002,0
BNRG.US,D,20240131,000000,700,770,700,770,28.754285722912,0
BNRG.US,D,20240201,000000,733.25,763,731.5,763,17.902857148228005,0
BNRG.US,D,20240202,000000,785.75,785.75,700,743.75,18.148571434016002,0
BNRG.US,D,20240205,000000,712.25,780.5,712.25,777,9.737142860064003,0
BNRG.US,D,20240206,000000,813.75,813.75,698.25,773.5,9.828571431520002,0
BNRG.US,D,20240207,000000,760.845,760.845,733.25,743.75,20.742857149080002,0
BNRG.US,D,20240208,000000,731.5,787.48,726.25,784.245,35.331428582028,0
BNRG.US,D,20240209,000000,760.62,799.75,726.25,791,15.502857147508003,0
BNRG.US,D,20240212,000000,755.125,780.955,701.75,701.75,91.09714288447202,0
BNRG.US,D,20240213,000000,700,701.75,663.25,663.25,18.822857148504,0
BNRG.US,D,20240214,000000,673.75,717.5,651,715.75,54.60571430209601,0
BNRG.US,D,20240215,000000,701.82,703.5,696.57,700,5.6857142874200015,0
BNRG.US,D,20240216,000000,728,728,612.5,691.25,30.028571437580002,0
BNRG.US,D,20240220,000000,679,735,679,728,60.42285716098401,0
BNRG.US,D,20240221,000000,745.5,770,654.5,743.75,15.062857147376002,0
BNRG.US,D,20240222,000000,715.75,752.5,654.5,729.75,18.160000005448005,0
BNRG.US,D,20240223,000000,680.75,738.5,656.25,698.25,29.274285723068,0
BNRG.US,D,20240226,000000,698.25,719.25,612.5,689.5,18.097142862572,0
BNRG.US,D,20240227,000000,638.75,684.53,612.5,630,25.725714293432006,0
BNRG.US,D,20240228,000000,577.5,647.5,577.5,595,23.200000006960003,0
BNRG.US,D,20240229,000000,609,652.75,593.25,623.875,12.594285718064002,0
BNRG.US,D,20240301,000000,600.25,638.75,595,630,13.897142861312,0
BNRG.US,D,20240304,000000,588,623,542.5,591.5,128.594285752864,0
BNRG.US,D,20240305,000000,542.5,589.75,528.5,546,50.60571430089601,0
BNRG.US,D,20240306,000000,546,546,525,525,25.377142864756006,0
BNRG.US,D,20240307,000000,539,539,483.018,526.155,27.782857151192005,0
BNRG.US,D,20240308,000000,520.815,524.42,484.75,512.59,13.794285718424002,0
BNRG.US,D,20240311,000000,514.5,518.14,425.268,439.25,87.56571431198402,0
BNRG.US,D,20240312,000000,463.75,468.02,455,462,69.37142859224001,0
BNRG.US,D,20240313,000000,462,462,423.342,456.522,33.102857152788,0
BNRG.US,D,20240314,000000,460.862,460.862,437.5,446.25,29.920000008976004,0
BNRG.US,D,20240315,000000,446.25,450.94,430.5,449.732,5.862857144616001,0
BNRG.US,D,20240318,000000,451.08,451.08,428.75,438.287,34.26857143885201,0
BNRG.US,D,20240319,000000,439.355,439.355,432.25,433.615,30.211428580492004,0
BNRG.US,D,20240320,000000,435.75,516.25,432.25,485.73,120.69714289335201,0
BNRG.US,D,20240321,000000,469,509.67,428.75,446.25,78.86285716651601,0
BNRG.US,D,20240322,000000,447.982,450.117,423.5,450.117,12.125714289352,0
BNRG.US,D,20240325,000000,478.625,478.625,411.25,418.25,31.94857143815601,0
BNRG.US,D,20240326,000000,413,413,393.75,393.75,10.868571431832,0
BNRG.US,D,20240327,000000,411.25,411.25,353.5,411.25,34.32571429601201,0
BNRG.US,D,20240328,000000,360.5,400.732,350,350,31.051428580744002,0
BNRG.US,D,20240401,000000,369.25,403.147,350,351.75,38.685714297320004,0
BNRG.US,D,20240402,000000,350,376.25,350,365.75,12.817142860988003,0
BNRG.US,D,20240403,000000,371,399.56,365.75,365.75,26.434285722216003,0
BNRG.US,D,20240404,000000,385,413,385,399,8.765714288344002,0
BNRG.US,D,20240405,000000,367.5,519.75,367.5,483,163.79428576342403,0
BNRG.US,D,20240408,000000,504,504,430.5,455,110.49142860457602,0
BNRG.US,D,20240409,000000,441,450.625,420,420,26.360000007908003,0
BNRG.US,D,20240410,000000,421.75,446.722,350,371,24.394285721604003,0
BNRG.US,D,20240411,000000,381.5,429.345,365.75,429.345,28.822857151504003,0
BNRG.US,D,20240412,000000,439.688,439.688,390.25,431.655,5.228571430140001,0
BNRG.US,D,20240415,000000,430.727,430.727,397.25,430.15,6.994285716384001,0
BNRG.US,D,20240416,000000,423.5,434,400.75,400.75,39.845714297668,0
BNRG.US,D,20240417,000000,357,428.75,357,378,14.982857147352002,0
BNRG.US,D,20240418,000000,420,420,358.75,360.5,8.800000002640001,0
BNRG.US,D,20240419,000000,437.5,437.5,371.298,371.298,13.645714289808001,0
BNRG.US,D,20240422,000000,397.25,397.25,378.262,390.25,34.377142867456,0
BNRG.US,D,20240423,000000,412.982,412.982,382.375,406,13.605714289796001,0
BNRG.US,D,20240424,000000,402.5,413,393.75,393.75,6.520000001956001,0
BNRG.US,D,20240425,000000,395.5,411.25,358.75,368.06,45.05714287066001,0
BNRG.US,D,20240426,000000,376.25,376.25,350,350,31.234285723656008,0
BNRG.US,D,20240429,000000,376.25,376.25,348.898,348.898,27.462857151096006,0
BNRG.US,D,20240430,000000,350,371.648,346.5,363.982,12.394285718004001,0
BNRG.US,D,20240501,000000,357,357,346.5,346.5,4.445714287048,0
BNRG.US,D,20240502,000000,332.5,342.16,330.33,336,11.514285717740002,0
BNRG.US,D,20240503,000000,323.75,350,315,329.875,45.657142870840005,0
BNRG.US,D,20240506,000000,343,376.25,341.25,374.5,101.27428574466802,0
BNRG.US,D,20240507,000000,385,400.75,306.25,381.5,79.58285716673201,0
BNRG.US,D,20240508,000000,376.25,381.5,376.25,381.5,2.7085714293840004,0
BNRG.US,D,20240509,000000,341.25,376.25,311.5,332.5,15.108571433104002,0
BNRG.US,D,20240510,000000,334.25,381.57,334.25,381.57,61.485714304160005,0
BNRG.US,D,20240513,000000,372.75,383.25,353.5,380.03,74.58285716523201,0
BNRG.US,D,20240514,000000,383.25,383.25,369.25,371,37.245714296888,0
BNRG.US,D,20240515,000000,374.5,378,372.75,376.25,21.045714292028006,0
BNRG.US,D,20240516,000000,376.25,381.272,369.25,369.25,19.891428577396002,0
BNRG.US,D,20240517,000000,535.5,572.25,318.5,351.75,61612.14287562651,0
BNRG.US,D,20240520,000000,355.25,355.25,294,323.75,3197.1714295305806,0
BNRG.US,D,20240521,000000,297.5,318.5,297.5,318.5,884.4228574081841,0
BNRG.US,D,20240522,000000,301,313.232,246.75,276.5,1766.4400005299321,0
BNRG.US,D,20240523,000000,283.5,283.5,252,271.25,648.0057144801161,0
BNRG.US,D,20240524,000000,269.5,269.5,225.75,253.75,1377.931428984808,0
BNRG.US,D,20240528,000000,253.75,257.25,234.5,243.25,466.2857144256001,0
BNRG.US,D,20240529,000000,241.5,251.125,232.312,241.745,545.0342858777962,0
BNRG.US,D,20240530,000000,241.5,252,236.25,246.75,578.08571445914,0
BNRG.US,D,20240531,000000,246.75,362.268,220.5,222.25,60986.942875438945,0
BNRG.US,D,20240603,000000,213.5,219.328,183.75,197.75,3469.9142867552605,0
BNRG.US,D,20240604,000000,199.5,203,189.175,201.25,1185.497143212792,0
BNRG.US,D,20240605,000000,197.75,203,175,192.5,943.0114288543323,0
BNRG.US,D,20240606,000000,232.75,253.75,187.25,187.25,88627.62859801686,0
BNRG.US,D,20240607,000000,182,187.25,166.25,173.25,5513.914287368461,0
BNRG.US,D,20240610,000000,204.75,217,182,211.75,29958.457151844686,0
BNRG.US,D,20240611,000000,185.5,219.1,178.5,196,4898.31428718378,0
BNRG.US,D,20240612,000000,206.5,210,186.672,192.5,3468.74285818348,0
BNRG.US,D,20240613,000000,183.75,187.25,168,173.25,2353.651429277524,0
BNRG.US,D,20240614,000000,173.25,185.5,168,176.75,1968.7028577334686,0
BNRG.US,D,20240617,000000,182,182,171.5,173.267,707.994285926684,0
BNRG.US,D,20240618,000000,178.5,182,171.588,182,1157.9657146331042,0
BNRG.US,D,20240620,000000,178.5,178.5,168,176.75,803.280000240984,0
BNRG.US,D,20240621,000000,173.25,176.522,169.75,174.58,430.64571441490807,0
BNRG.US,D,20240624,000000,175,182,171.5,173.267,507.49142872367605,0
BNRG.US,D,20240625,000000,176.75,176.75,146.405,153.37,1706.2285719404401,0
BNRG.US,D,20240626,000000,152.25,162.592,148.75,157.325,390.44571440284807,0
BNRG.US,D,20240627,000000,162.575,168,154.105,165.9,493.47428586232803,0
BNRG.US,D,20240628,000000,166.075,166.075,157.5,161.175,186.48000005594403,0
BNRG.US,D,20240701,000000,154,161.525,151.375,157.482,485.60000014568004,0
BNRG.US,D,20240702,000000,152.6,157.5,152.6,157.5,552.222857308524,0
BNRG.US,D,20240703,000000,171.5,171.5,162.102,165.042,630.1257144747522,0
BNRG.US,D,20240705,000000,162.75,166.248,161.175,164.5,59.748571446496,0
BNRG.US,D,20240708,000000,173.25,173.25,158.042,161.875,305.32000009159606,0
BNRG.US,D,20240709,000000,161.84,161.84,148.75,154.402,462.94857156745604,0
BNRG.US,D,20240710,000000,155.75,157.5,152.25,155.418,261.51428579274005,0
BNRG.US,D,20240711,000000,157.5,157.5,152.25,155.75,398.41714297666806,0
BNRG.US,D,20240712,000000,155.925,155.925,150.5,154,341.28000010238407,0
BNRG.US,D,20240715,000000,152.775,164.307,149.152,158.358,1268.2628575233362,0
BNRG.US,D,20240716,000000,158.358,158.358,148.75,152.74,766.7828573728921,0
BNRG.US,D,20240717,000000,153.125,164.325,152.25,157.15,681.0171430614481,0
BNRG.US,D,20240718,000000,164.675,166.022,149.292,151.9,1093.0000003279001,0
BNRG.US,D,20240719,000000,152.6,152.6,145.25,148.312,276.86285722591606,0
BNRG.US,D,20240722,000000,152.075,152.075,141.785,147,236.87428578534806,0
BNRG.US,D,20240723,000000,149.975,149.975,143.71,144.392,240.19428578634404,0
BNRG.US,D,20240724,000000,145.25,180.25,143.535,170.625,5232.628572998361,0
BNRG.US,D,20240725,000000,161,166.25,156.818,162.505,727.5600002182681,0
BNRG.US,D,20240726,000000,162.75,164.5,150.5,156.843,751.9942859398841,0
BNRG.US,D,20240729,000000,151.078,156.835,142.328,142.747,575.2971430297321,0
BNRG.US,D,20240730,000000,147,149.152,131.25,136.5,804.4057145270361,0
BNRG.US,D,20240731,000000,136.57,140.017,126.42,129.85,1141.6800003425042,0
BNRG.US,D,20240801,000000,133,136.132,127.978,128.8,452.8628572787161,0
BNRG.US,D,20240802,000000,127.75,129.386,120.925,120.942,470.54285728402004,0
BNRG.US,D,20240805,000000,113.75,124.268,111.492,115.587,860.902857401128,0
BNRG.US,D,20240806,000000,113.75,120.05,106.75,109.41,362.5714286802001,0
BNRG.US,D,20240807,000000,109.55,120.75,109.55,110.25,173.47428576632805,0
BNRG.US,D,20240808,000000,114.012,114.887,108.535,110.25,135.10285718338804,0
BNRG.US,D,20240809,000000,110.25,113.4,110.25,113.382,161.97714290573603,0
BNRG.US,D,20240812,000000,113.009,113.75,110.828,113.05,149.02285718756403,0
BNRG.US,D,20240813,000000,112,112,107.625,108.5,123.96571432290403,0
BNRG.US,D,20240814,000000,108.5,110.058,106.75,108.675,138.84000004165202,0
BNRG.US,D,20240815,000000,108.5,113.4,108.5,111.16,197.61714291642804,0
BNRG.US,D,20240816,000000,112.018,113.4,105.875,109.2,398.2742858337681,0
BNRG.US,D,20240819,000000,105.28,132.912,105.28,120.75,1840.8000005522401,0
BNRG.US,D,20240820,000000,117.25,126,117.25,121.712,148.605714330296,0
BNRG.US,D,20240821,000000,122.15,127.75,121.975,124.617,232.06285721247602,0
BNRG.US,D,20240822,000000,129.15,129.15,122.5,122.5,71.64571430720801,0
BNRG.US,D,20240823,000000,118.16,122.5,118.125,120.837,110.89714289041201,0
BNRG.US,D,20240826,000000,117.25,121.625,114.905,120.312,185.61142862711202,0
BNRG.US,D,20240827,000000,121.625,121.625,114.905,114.905,68.2857143062,0
BNRG.US,D,20240828,000000,121.45,121.45,110.775,110.775,117.325714320912,0
BNRG.US,D,20240829,000000,126.875,126.875,110.775,112.892,51104.142872474105,0
BNRG.US,D,20240830,000000,248.5,439.25,224,271.25,1358975.0004076927,0
BNRG.US,D,20240903,000000,227.5,248.5,180.25,215.25,36587.22858240474,0
BNRG.US,D,20240904,000000,213.5,327.25,201.25,220.5,148911.48575895917,0
BNRG.US,D,20240905,000000,206.5,222.25,185.5,196,12138.714289355901,0
BNRG.US,D,20240906,000000,196,200.76,166.25,166.25,5463.800001639141,0
BNRG.US,D,20240909,000000,192.5,259,175,220.5,257241.71436288685,0
BNRG.US,D,20240910,000000,204.75,217,183.75,196,14390.142861459903,0
BNRG.US,D,20240911,000000,176.75,192.5,175,178.5,4339.028572730281,0
BNRG.US,D,20240912,000000,175,178.5,165.042,168.875,3718.6285725441603,0
BNRG.US,D,20240913,000000,176.75,183.75,164.5,165.742,2297.588572117849,0
BNRG.US,D,20240916,000000,183.75,211.75,180.25,197.75,16293.542862030923,0
BNRG.US,D,20240917,000000,199.5,201.25,168,173.582,4103.485715516761,0
BNRG.US,D,20240918,000000,178.5,182,171.552,173.267,2321.4171435535686,0
BNRG.US,D,20240919,000000,178.5,180.25,162.838,164.5,1964.897143446612,0
BNRG.US,D,20240920,000000,168,171.5,159.25,160.912,1280.1885718126282,0
BNRG.US,D,20240923,000000,164.5,166.04,145.828,150.325,1458.4342861518162,0
BNRG.US,D,20240924,000000,143.325,157.5,143.325,149.082,1851.6742862697881,0
BNRG.US,D,20240925,000000,157.395,167.982,151.392,162.75,11475.485717728363,0
BNRG.US,D,20240926,000000,159.075,166.145,147.665,152.582,1946.7314291554485,0
BNRG.US,D,20240927,000000,154.315,157.5,141.75,144.27,1270.7885718098082,0
BNRG.US,D,20240930,000000,143.675,144.27,138.25,141.61,634.4057144760361,0
BNRG.US,D,20241001,000000,138.25,148.75,138.25,143.5,1443.691429004536,0
BNRG.US,D,20241002,000000,141.61,145.075,138.25,142.625,715.8971430719121,0
BNRG.US,D,20241003,000000,140,142.45,133.875,136.098,865.3942859739041,0
BNRG.US,D,20241004,000000,134.75,140.052,131.775,134.75,1356.3714289783402,0
BNRG.US,D,20241007,000000,133.175,142.625,133,139.65,763.3028573718481,0
BNRG.US,D,20241008,000000,138.25,154,137.375,152.25,1055.5942860309642,0
BNRG.US,D,20241009,000000,152.25,152.25,141.837,145.25,414.08571440994,0
BNRG.US,D,20241010,000000,144.392,148.575,138.25,146.132,516.6571430121401,0
BNRG.US,D,20241011,000000,141.172,148.575,141.085,143.605,372.3200001116961,0
BNRG.US,D,20241014,000000,141.872,147,140,140.367,439.4857144175601,0
BNRG.US,D,20241015,000000,140,143.5,131.25,131.285,842.1200002526361,0
BNRG.US,D,20241016,000000,131.25,136.5,126,126.892,742.2114287940922,0
BNRG.US,D,20241017,000000,131.25,134.75,124.25,134.662,725.5771430748161,0
BNRG.US,D,20241018,000000,133,148.732,133,138.425,1008.4171431596681,0
BNRG.US,D,20241021,000000,143.5,147,140,144.2,1334.177143257396,0
BNRG.US,D,20241022,000000,148.732,154.875,138.425,154,715.88571450048,0
BNRG.US,D,20241023,000000,152.11,154.602,147.035,154,341.7485715310961,0
BNRG.US,D,20241024,000000,149.432,154,147,150.832,855.5428573995201,0
BNRG.US,D,20241025,000000,155.75,159.25,143.5,149.975,3286.8000009860402,0
BNRG.US,D,20241028,000000,145.267,152.25,144.375,151.9,606.102857324688,0
BNRG.US,D,20241029,000000,153.825,153.93,147.017,149.581,330.8342858135361,0
BNRG.US,D,20241030,000000,146.125,153.93,146.125,147.175,388.731428688048,0
BNRG.US,D,20241031,000000,152.25,152.25,145.25,151.55,668.8514287720841,0
BNRG.US,D,20241101,000000,152.25,152.25,145.25,150.5,605.9657144675041,0
BNRG.US,D,20241104,000000,148.96,153.79,141.776,147,721.1542859306321,0
BNRG.US,D,20241105,000000,150.5,150.5,141.75,149.1,676.137143059984,0
BNRG.US,D,20241106,000000,145.267,150.237,143.5,146.142,865.022857402364,0
BNRG.US,D,20241107,000000,145.25,147.017,131.355,141.418,753.5257145117721,0
BNRG.US,D,20241108,000000,131.372,139.632,131.372,137.121,463.960000139188,0
BNRG.US,D,20241111,000000,134.575,139.772,128.607,134.4,537.54285730412,0
BNRG.US,D,20241112,000000,131.25,136.972,127.907,131.95,370.925714396992,0
BNRG.US,D,20241113,000000,129.5,134.4,126,129.5,400.25714297722004,0
BNRG.US,D,20241114,000000,136.15,136.15,123.375,127.558,455.297142993732,0
BNRG.US,D,20241115,000000,126,133,122.745,124.25,613.377143041156,0
BNRG.US,D,20241118,000000,124.25,131.198,124.25,130.375,232.34857149827604,0
BNRG.US,D,20241119,000000,126.858,130.375,122.85,127.732,380.18285725691203,0
BNRG.US,D,20241120,000000,126,129.5,124.25,126.14,142.49142861417602,0
BNRG.US,D,20241121,000000,125.755,129.43,122.5,126,334.08571438594004,0
BNRG.US,D,20241122,000000,127.75,134.05,123.445,129.5,668.3542859147922,0
BNRG.US,D,20241125,000000,129.5,148.575,127.75,145.285,796.1485716674161,0
BNRG.US,D,20241126,000000,146.825,146.825,133.822,135.625,434.10857155880404,0
BNRG.US,D,20241127,000000,143.482,143.482,132.125,132.178,124.03428575149601,0
BNRG.US,D,20241129,000000,133,143.5,131.25,143.172,551.422857308284,0
BNRG.US,D,20241202,000000,143.5,150.55,136.517,140.175,227.80000006834004,0
BNRG.US,D,20241203,000000,140,152.092,136.5,137.427,359.17142867918005,0
BNRG.US,D,20241204,000000,136.972,151.218,123.375,143.5,56373.11430262623,0
BNRG.US,D,20241205,000000,134.032,146.335,126.175,138.04,5085.571430097101,0
BNRG.US,D,20241206,000000,131.425,141.575,131.25,140,1366.2971432670322,0
BNRG.US,D,20241209,000000,134.75,140,131.6,132.878,1584.748571903996,0
BNRG.US,D,20241210,000000,137.987,140,130.725,131.25,846.451428825364,0
BNRG.US,D,20241211,000000,127.75,133,127.75,129.5,377.15428582743203,0
BNRG.US,D,20241212,000000,126,130.375,125.318,125.318,203.49142863247602,0
BNRG.US,D,20241213,000000,127.015,131.25,126.875,130.9,411.68000012350404,0
BNRG.US,D,20241216,000000,126,129.5,123.61,126,423.79428584142397,0
BNRG.US,D,20241217,000000,124.25,125.554,119.018,119.245,996.8000002990401,0
BNRG.US,D,20241218,000000,123.62,127.732,118.23,119,591.1542858916322,0
BNRG.US,D,20241219,000000,120.75,127.75,119,120.75,855.177143113696,0
BNRG.US,D,20241220,000000,120.837,136.78,116.568,131.828,68022.54287754963,0
BNRG.US,D,20241223,000000,157.412,168.665,138.267,162.435,52652.771444367274,0
BNRG.US,D,20241224,000000,147,189,146.545,183.75,11719.45714637298,0
BNRG.US,D,20241226,000000,169.54,192.5,163.117,187.25,5644.228573121841,0
BNRG.US,D,20241227,000000,180.25,182,166.25,178.5,2149.2742863590684,0
BNRG.US,D,20241230,000000,173.25,180.232,168,176.75,2081.348572052976,0
BNRG.US,D,20241231,000000,215.25,428.75,189,227.5,281308.1715129639,0
BNRG.US,D,20250102,000000,220.5,292.25,220.5,274.75,26100.94286497314,0
BNRG.US,D,20250103,000000,287,322,277.375,290.5,10461.971431710022,0
BNRG.US,D,20250106,000000,281.75,371,248.5,364,15152.742861688683,0
BNRG.US,D,20250107,000000,337.75,393.75,311.5,385,8737.857145478501,0
BNRG.US,D,20250108,000000,367.5,440.842,320.25,402.5,8867.714288374602,0
BNRG.US,D,20250110,000000,404.25,535.5,404.25,525,14809.485718728562,0
BNRG.US,D,20250113,000000,486.5,507.5,402.518,451.5,5789.77143030836,0
BNRG.US,D,20250114,000000,427,428.05,315,325.5,4944.97143005492,0
BNRG.US,D,20250115,000000,332.5,369.25,302.75,344.75,3387.1142867304206,0
BNRG.US,D,20250116,000000,341.25,348.25,303.625,308,2180.3371435112444,0
BNRG.US,D,20250117,000000,322,330.732,303.607,315,1069.1657146064642,0
BNRG.US,D,20250121,000000,358.75,434,339.5,372.75,6394.542859061221,0
BNRG.US,D,20250122,000000,392,395.5,357,374.5,1607.7028576251682,0
BNRG.US,D,20250123,000000,371,374.5,302.75,311.5,1872.777143418976,0
BNRG.US,D,20250124,000000,308,321.982,302.75,316.75,828.560000248568,0
BNRG.US,D,20250127,000000,302.75,302.75,252,266,2920.08571516174,0
BNRG.US,D,20250128,000000,264.25,280,253.75,273,947.0171431412481,0
BNRG.US,D,20250129,000000,276.5,287,271.25,283.5,934.382857423172,0
BNRG.US,D,20250130,000000,276.5,287.578,255.5,269.5,572.280000171684,0
BNRG.US,D,20250131,000000,262.5,273,234.5,238,1352.0914289770562,0
BNRG.US,D,20250203,000000,225.75,248.5,225.75,238,763.0228573717641,0
BNRG.US,D,20250204,000000,246.75,297.5,199.5,232.75,19610.714291597502,0
BNRG.US,D,20250205,000000,227.5,235.165,215.25,225.75,1155.662857489556,0
BNRG.US,D,20250206,000000,225.75,227.5,210,210,1179.3600003538081,0
BNRG.US,D,20250207,000000,208.25,217.49,194.25,194.25,1220.7142860805002,0
BNRG.US,D,20250210,000000,197.75,224,197.75,222.25,1375.5714289841,0
BNRG.US,D,20250211,000000,224,224,210,213.5,671.8285716301201,0
BNRG.US,D,20250212,000000,211.75,218.575,201.25,210,818.3200002454961,0
BNRG.US,D,20250213,000000,211.75,211.75,196,202.125,1040.520000312156,0
BNRG.US,D,20250214,000000,199.5,205.502,178.5,185.5,1452.445714721448,0
BNRG.US,D,20250218,000000,208.25,249.375,197.75,241.5,2356.662857849856,0
BNRG.US,D,20250219,000000,245,248.482,222.932,231,1083.062857467776,0
BNRG.US,D,20250220,000000,250.25,280,234.5,266,2927.4571437353807,0
BNRG.US,D,20250221,000000,262.5,280,250.25,253.75,2089.5657149125846,0
BNRG.US,D,20250224,000000,252,264.25,248.5,259,626.2514287593041,0
BNRG.US,D,20250225,000000,260.75,288.75,253.75,288.75,1139.9714289134201,0
BNRG.US,D,20250226,000000,285.25,302.75,266,269.5,708.817143069788,0
BNRG.US,D,20250227,000000,266,285.25,250.25,255.5,689.7771430640761,0
BNRG.US,D,20250228,000000,250.25,253.662,245,252,500.6628572930561,0
BNRG.US,D,20250303,000000,252,258.912,245,252,441.3314287038281,0
BNRG.US,D,20250304,000000,248.5,250.25,229.25,236.25,11842.228574981242,0
BNRG.US,D,20250305,000000,239.75,253.75,204.75,210,9086.22857415444,0
BNRG.US,D,20250306,000000,203,209.93,197.75,203,962.60000028878,0
BNRG.US,D,20250307,000000,201.25,220.5,201.25,217,636.6342859052761,0
BNRG.US,D,20250310,000000,208.25,220.5,206.5,208.25,493.6628572909561,0
BNRG.US,D,20250311,000000,203,217,203,208.25,233.320000069996,0
BNRG.US,D,20250312,000000,211.75,235.497,211.75,222.792,396.88571440478006,0
BNRG.US,D,20250313,000000,220.5,229.25,210,211.75,339.9771429591361,0
BNRG.US,D,20250314,000000,211.75,222.285,210,215.25,108.51428574684002,0
BNRG.US,D,20250317,000000,215.25,227.5,213.272,217,255.47428579092804,0
BNRG.US,D,20250318,000000,218.75,224,218.75,224,200.06285720287602,0
BNRG.US,D,20250319,000000,232.75,236.25,220.5,224,160.49142861957603,0
BNRG.US,D,20250320,000000,227.5,236.25,215.25,227.85,221.862857209416,0
BNRG.US,D,20250321,000000,224,248.5,224,248.5,497.79428586362405,0
BNRG.US,D,20250324,000000,248.5,259,239.75,253.75,444.6057144190961,0
BNRG.US,D,20250325,000000,259,259,250.25,253.75,226.08571435354003,0
BNRG.US,D,20250326,000000,243.985,252.455,231,246.75,248.77142864606003,0
BNRG.US,D,20250327,000000,245,248.395,222.25,224,351.55428581975207,0
BNRG.US,D,20250328,000000,222.25,234.5,220.5,231,103.64000003109203,0
BNRG.US,D,20250331,000000,218.75,232.75,208.25,217.105,514.217143011408,0
BNRG.US,D,20250401,000000,217,231,217,222.25,165.16000004954805,0
BNRG.US,D,20250402,000000,232.75,232.75,222.302,229.25,89.57714288401601,0
BNRG.US,D,20250403,000000,229.25,229.25,218.75,220.5,203.20000006096004,0
BNRG.US,D,20250404,000000,226.537,226.537,203,210,249.12000007473603,0
BNRG.US,D,20250407,000000,203,220.5,190.75,220.5,209.73714292006403,0
BNRG.US,D,20250408,000000,220.5,230.125,201.25,211.75,130.09714289617202,0
BNRG.US,D,20250409,000000,224,250.372,206.5,243.25,387.8342858306361,0
BNRG.US,D,20250410,000000,243.25,260.75,227.115,243.25,148.405714330236,0
BNRG.US,D,20250411,000000,232.75,243.233,229.25,241.5,219.868571494532,0
BNRG.US,D,20250414,000000,241.5,253.75,229.25,245,269.50857150942403,0
BNRG.US,D,20250415,000000,245,255.5,243.233,255.5,117.92571432109202,0
BNRG.US,D,20250416,000000,259,259,236.268,238,232.65714292694003,0
BNRG.US,D,20250417,000000,241.5,255.5,227.518,229.25,127.50857146682402,0
BNRG.US,D,20250421,000000,222.25,243.478,222.25,224,135.211428611992,0
BNRG.US,D,20250422,000000,234.902,239.75,224,239.75,242.13714292978398,0
BNRG.US,D,20250423,000000,248.5,248.5,238,245,162.00571433431602,0
BNRG.US,D,20250424,000000,229.25,243.687,229.25,233.1,262.125714364352,0
BNRG.US,D,20250425,000000,239.75,241.307,232.75,234.5,199.82285720280402,0
BNRG.US,D,20250428,000000,236.25,236.25,203,215.25,426.0171429849481,0
BNRG.US,D,20250429,000000,224,224,206.5,208.25,187.10857148470404,0
BNRG.US,D,20250430,000000,208.25,212.625,208.25,208.25,239.697142929052,0
BNRG.US,D,20250501,000000,203,206.5,173.25,175,2617.6628579281564,0
BNRG.US,D,20250502,000000,182,192.255,171.5,185.5,824.302857390148,0
BNRG.US,D,20250505,000000,178.5,178.5,165.095,175,524.08571444294,0
BNRG.US,D,20250506,000000,171.5,177.625,171.5,177.625,232.920000069876,0
BNRG.US,D,20250507,000000,185.5,185.5,176.75,179.375,178.58857148214804,0
BNRG.US,D,20250508,000000,178.5,189,176.75,178.5,203.13714291808404,0
BNRG.US,D,20250509,000000,187.915,189,182.875,185.5,617.2914287566161,0
BNRG.US,D,20250512,000000,189,190.102,119,138.267,3913.7142868884002,0
BNRG.US,D,20250513,000000,101.5,120.75,94.85,104.335,13708.885718398382,0
BNRG.US,D,20250514,000000,95.06,96.985,91,96.7575,17807.171433913583,0
BNRG.US,D,20250515,000000,92.75,99.75,91.35,95.9,2692.3942865220047,0
BNRG.US,D,20250516,000000,94.5,108.5,91,101.308,2501.2800007503847,0
BNRG.US,D,20250519,000000,103.968,106.19,98.0175,101.518,606.2971430390321,0
BNRG.US,D,20250520,000000,105,105,96.425,98.175,1525.3714290290402,0
BNRG.US,D,20250521,000000,97.8775,101.5,94.5175,99.9775,1312.651428965224,0
BNRG.US,D,20250522,000000,96.25,99.3825,80.5,84.3675,5574.4571445294805,0
BNRG.US,D,20250523,000000,87.5,114.275,70.07,77.945,108261.22860390696,0
BNRG.US,D,20250527,000000,77,84.49,72.1,81.375,12259.142860820602,0
BNRG.US,D,20250528,000000,81.8825,89.53,79.0825,82.25,7236.714287885301,0
BNRG.US,D,20250529,000000,82.1275,108.5,82.075,88.725,48083.000014424906,0
BNRG.US,D,20250530,000000,85.75,88.69,82.425,87.1325,4281.02857271288,0
BNRG.US,D,20250602,000000,84.525,89.6875,82.425,88.165,2058.782857760492,0
BNRG.US,D,20250603,000000,87.7975,94.15,87.5175,92.6975,2113.662857776956,0
BNRG.US,D,20250604,000000,92.6625,101.185,92.2805,97.825,3616.3714296563408,0
BNRG.US,D,20250605,000000,98,112.875,96.25,106.365,5197.057144416261,0
BNRG.US,D,20250606,000000,110.25,125.002,110.25,120.768,7225.4857164533605,0
BNRG.US,D,20250609,000000,124.25,138.075,122.5,124.075,4664.685715685121,0
BNRG.US,D,20250610,000000,126,127.732,106.786,108.395,3796.91428685336,0
BNRG.US,D,20250611,000000,107.992,122.5,105,117.25,3067.65714377744,0
BNRG.US,D,20250612,000000,113.75,121.625,113.75,118.965,1084.4571431824802,0
BNRG.US,D,20250613,000000,108.552,115.675,101.85,102.392,4083.6571440822404,0
BNRG.US,D,20250616,000000,107.625,111.545,99.75,100.747,2118.54285777842,0
BNRG.US,D,20250617,000000,92.4,92.75,80.29,81.025,10289.971431658421,0
BNRG.US,D,20250618,000000,82.95,95.375,81.375,85.75,5133.428572968601,0
BNRG.US,D,20250620,000000,91,102.2,62.3,88.9,13038.371432482942,0
BNRG.US,D,20250623,000000,84.7,95.1265,84.35,87.15,2346.65714356114,0
BNRG.US,D,20250624,000000,87.15,87.15,77.7,78.4,2350.3142864193806,0
BNRG.US,D,20250625,000000,78.05,82.25,77.35,81.9,1539.7714290333602,0
BNRG.US,D,20250626,000000,81.2,94.5,80.325,83.65,3467.8571438975,0
BNRG.US,D,20250627,000000,82.6,92.4,82.6,91.35,3227.4285723968005,0
BNRG.US,D,20250630,000000,92.4,95.55,84.7,86.8,3031.2571437665206,0
BNRG.US,D,20250701,000000,86.45,90.9965,85.96,90.3,1445.9428575766403,0
BNRG.US,D,20250702,000000,87.8745,98,80.5,95.2,3821.8000011465406,0
BNRG.US,D,20250703,000000,94.15,94.85,92.4,92.855,511.3428572962601,0
BNRG.US,D,20250707,000000,92.4,95.375,88.55,89.25,817.4857145309602,0
BNRG.US,D,20250708,000000,82.6,86.45,69.3,75.95,79196.3143094732,0
BNRG.US,D,20250709,000000,73.85,76.3,72.8,74.2,2946.0000008838006,0
BNRG.US,D,20250710,000000,73.15,75.25,71.75,74.9,1121.6571431936402,0
BNRG.US,D,20250711,000000,73.85,75.25,69.3,73.5,2939.5428580247208,0
BNRG.US,D,20250714,000000,73.5,77,73.5,74.2,4891.771430038961,0
BNRG.US,D,20250715,000000,75.25,75.95,71.75,72.8,3459.0571438948605,0
BNRG.US,D,20250716,000000,81.2,82.25,68.6,73.15,241229.22864379734,0
BNRG.US,D,20250717,000000,72.8,73.15,70,70.7,7307.657145049441,0
BNRG.US,D,20250718,000000,70,70.7,68.075,68.6,3582.7714296462605,0
BNRG.US,D,20250721,000000,69.3,73.85,68.6,72.8,5499.028573078281,0
BNRG.US,D,20250722,000000,71.75,74.606,71.0535,72.1,1837.9714291228202,0
BNRG.US,D,20250723,000000,72.45,74.55,72.1,73.5,4430.857144186401,0
BNRG.US,D,20250724,000000,73.85,75.25,72.1,72.8,2994.4285723269004,0
BNRG.US,D,20250725,000000,73.5,74.725,71.0535,73.5,2298.8857149753803,0
BNRG.US,D,20250728,000000,72.45,73.675,65.1,65.8,7328.885716484381,0
BNRG.US,D,20250729,000000,67.2,67.354,61.6,61.95,3624.5142868016405,0
BNRG.US,D,20250730,000000,63,63,58.8,60.2,2633.94285793304,0
BNRG.US,D,20250731,000000,60.2,62.3,59.15,60.2,1542.2571433198202,0
BNRG.US,D,20250801,000000,60.2,60.55,57.26,58.1,1052.6857146015202,0
BNRG.US,D,20250804,000000,57.4,63.7,57.4,60.55,746.7142859383001,0
BNRG.US,D,20250805,000000,59.5,62.65,58.8,61.25,897.0571431262601,0
BNRG.US,D,20250806,000000,60.55,61.033,57.75,58.8,392.54285726062005,0
BNRG.US,D,20250807,000000,58.8,59.689,57.75,59.15,773.4285716606,0
BNRG.US,D,20250808,000000,59.5,61.6,58.8,59.85,615.0571430416601,0
BNRG.US,D,20250811,000000,61.25,63.875,61.25,62.65,1127.05714319526,0
BNRG.US,D,20250812,000000,64.4,64.4,61.95,63.35,1465.9714290112202,0
BNRG.US,D,20250813,000000,65.45,70,63.7,70,2724.4571436744804,0
BNRG.US,D,20250814,000000,68.6,70.7,65.1,68.95,1162.91428606316,0
BNRG.US,D,20250815,000000,70.35,83.65,68.95,83.3,9882.371431536141,0
BNRG.US,D,20250818,000000,83.3,83.3,70.35,70.35,2545.7142864780003,0
BNRG.US,D,20250819,000000,70.35,73.8465,70,71.05,1463.0857147246402,0
BNRG.US,D,20250820,000000,75.95,75.95,71.05,73.5,1844.8857148391803,0
BNRG.US,D,20250821,000000,73.85,73.85,71.05,72.45,1255.05714323366,0
BNRG.US,D,20250822,000000,76.65,78.4,73.325,78.4,633.25714304712,0
BNRG.US,D,20250825,000000,78.4,80.85,77.7,78.4,1012.5714288752001,0
BNRG.US,D,20250826,000000,79.1,79.1,74.55,75.6,810.4857145288602,0
BNRG.US,D,20250827,000000,75.95,76.986,73.85,75.6,730.4857145048601,0
BNRG.US,D,20250828,000000,74.55,78.036,74.55,76.475,394.37142868974,0
BNRG.US,D,20250829,000000,77.35,78.26,70.35,71.05,1551.68571475122,0
BNRG.US,D,20250902,000000,71.05,72.45,68.95,70,773.88571451788,0
BNRG.US,D,20250903,000000,72.7895,73.15,70,72.45,911.0285717018801,0
BNRG.US,D,20250904,000000,73.5,73.5,70,71.75,531.9142858738601,0
BNRG.US,D,20250905,000000,73.15,83.3,70.35,72.45,10153.628574474662,0
BNRG.US,D,20250908,000000,77,77,71.4,73.15,1058.74285746048,0
BNRG.US,D,20250909,000000,74.662,76.65,73.885,76.65,342.17142867408006,0
BNRG.US,D,20250910,000000,78.4,80.4965,75.25,78.05,2131.48571492516,0
BNRG.US,D,20250911,000000,76.65,78.603,74.9,76.475,1468.6000004405803,0
BNRG.US,D,20250912,000000,75.95,79.8,73.5245,78.75,2994.8000008984404,0
BNRG.US,D,20250915,000000,80.5,80.5,76.3035,78.575,1143.08571462864,0
BNRG.US,D,20250916,000000,77.35,78.75,74.2,77.35,2300.8000006902403,0
BNRG.US,D,20250917,000000,76.3,77.3465,73.5,74.508,1311.0285718218802,0
BNRG.US,D,20250918,000000,74.9,77.7,73.5,76.65,1156.94285748994,0
BNRG.US,D,20250919,000000,77,78.05,75.25,77,903.1428574138001,0
BNRG.US,D,20250922,000000,77.7,79.45,75.95,78.05,1528.4000004585203,0
BNRG.US,D,20250923,000000,79.45,85.4,76.3,81.9,4108.82857266122,0
BNRG.US,D,20250924,000000,82.25,83.3,78.4,79.45,1659.4571433549802,0
BNRG.US,D,20250925,000000,79.45,82.866,72.8,80.15,27500.857151107404,0
BNRG.US,D,20250926,000000,79.8,80.5,64.7745,67.55,21582.771435046263,0
BNRG.US,D,20250929,000000,67.55,67.55,59.5,60.2,96046.62860024258,0
BNRG.US,D,20250930,000000,56.35,57.05,52.5,55.3,14602.885718666583,0
BNRG.US,D,20251001,000000,54.25,58.45,54.25,56.35,5264.457144436481,0
BNRG.US,D,20251002,000000,56.35,58.1,55.65,56.7,2332.25714355682,0
BNRG.US,D,20251003,000000,56.35,59.64,56,57.75,2984.11428660952,0
BNRG.US,D,20251006,000000,57.75,61.04,57.4,59.15,2593.8000007781407,0
BNRG.US,D,20251007,000000,59.15,59.5,54.25,54.25,2946.60000088398,0
BNRG.US,D,20251008,000000,54.95,59.85,54.95,57.4,2683.0857150906404,0
BNRG.US,D,20251009,000000,57.75,59.85,57.75,59.15,2797.6571436964405,0
BNRG.US,D,20251010,000000,59.15,68.25,57.0535,57.75,8264.228573907842,0
BNRG.US,D,20251013,000000,57.05,67.55,55.65,65.1,8304.657145348541,0
BNRG.US,D,20251014,000000,64.75,65.1,62.3,63.7,2864.02857228778,0
BNRG.US,D,20251015,000000,64.05,65.45,61.6,62.65,2472.0000007416,0
BNRG.US,D,20251016,000000,63.35,64.05,60.2,60.2,3431.80000102954,0
BNRG.US,D,20251017,000000,62.3,62.3,57.8725,59.5,1232.7428575126803,0
BNRG.US,D,20251020,000000,59.85,63.9765,59.15,61.95,893.4000002680201,0
BNRG.US,D,20251021,000000,59.85,61.95,59.85,61.6,764.1714288006801,0
BNRG.US,D,20251022,000000,60.9,60.9,56.875,57.4,1667.6857147860203,0
BNRG.US,D,20251023,000000,60.2,60.83,58.45,60.2,909.0000002727002,0
BNRG.US,D,20251024,000000,59.5,60.55,59.5,60.55,641.8285716211201,0
BNRG.US,D,20251027,000000,60.2,61.25,58.8,59.5,2184.8000006554403,0
BNRG.US,D,20251028,000000,58.8,59.15,56,56.35,1047.20000031416,0
BNRG.US,D,20251029,000000,56,57.4805,54.25,55.475,1614.2000004842603,0
BNRG.US,D,20251030,000000,54.95,55.65,53.2,53.2,439.60000013188005,0
BNRG.US,D,20251031,000000,53.2,54.25,51.8,52.85,1707.0571433692603,0
BNRG.US,D,20251103,000000,54.6,54.6,48.65,51.8,3335.34285814346,0
BNRG.US,D,20251104,000000,51.8,52.5735,47.25,49,1813.6857148298202,0
BNRG.US,D,20251105,000000,48.6395,52.458,48.5205,51.8,1363.2000004089602,0
BNRG.US,D,20251106,000000,50.4,51.5585,49.3535,50.05,546.7428573068801,0
BNRG.US,D,20251107,000000,49.7,49.945,47.026,49.945,346.14285724670003,0
BNRG.US,D,20251110,000000,49.7,49.7105,44.8,44.975,2289.8857149726805,0
BNRG.US,D,20251111,000000,46.55,47.25,45.15,46.9,755.8571430839002,0
BNRG.US,D,20251112,000000,46.2,47.6,45.85,45.85,917.4571431323801,0
BNRG.US,D,20251113,000000,45.85,47.6,42.7,44.8,2151.5428577883204,0
BNRG.US,D,20251114,000000,43.4,43.8375,42.35,42.7385,882.6285716933601,0
BNRG.US,D,20251117,000000,42.7,43.05,42,42,618.3142858997801,0
BNRG.US,D,20251118,000000,41.3,43.05,39.9,43.05,1541.5142861767401,0
BNRG.US,D,20251119,000000,42.7,43.05,36.4,36.75,3213.9428581070406,0
BNRG.US,D,20251120,000000,36.4,39.375,35.35,35.7,3529.3142867730803,0
BNRG.US,D,20251121,000000,35,41.65,35,38.15,1110.77142890466,0
BNRG.US,D,20251124,000000,40.25,40.25,36.4,38.5,617.8000001853401,0
BNRG.US,D,20251125,000000,39.55,41.1985,38.85,40.6,809.2285716713401,0
BNRG.US,D,20251126,000000,41.65,45.0065,40.2535,42.7,2499.8857150356803,0
BNRG.US,D,20251128,000000,40.25,42.7,40.25,40.6,742.5714287942001,0
BNRG.US,D,20251201,000000,40.6,41.8215,38.5,38.5,1057.22857174574,0
BNRG.US,D,20251202,000000,38.5,41.65,38.5,40.6,885.1428574084001,0
BNRG.US,D,20251203,000000,40.6,40.6,39.025,39.655,1130.8285717678202,0
BNRG.US,D,20251204,000000,39.6235,41.125,38.5,39.55,1760.7428576710802,0
BNRG.US,D,20251205,000000,39.55,41.65,39.2,40.25,552.97142873732,0
BNRG.US,D,20251208,000000,40.2535,40.6,38.8535,40.25,428.8857144143801,0
BNRG.US,D,20251209,000000,38.85,40.25,37.905,37.905,1448.8857147203803,0
BNRG.US,D,20251210,000000,39.543,40.5965,38.15,39.55,1815.1428576874002,0
BNRG.US,D,20251211,000000,36.75,39.326,33.25,33.25,9629.742860031782,0
BNRG.US,D,20251212,000000,29.9215,33.95,28.07,28.07,5388.371430187941,0
BNRG.US,D,20251215,000000,28.35,28.7,25.9,26.4215,2982.1142866089203,0
BNRG.US,D,20251216,000000,26.25,26.25,24.5,25.3435,1318.6285718241602,0
BNRG.US,D,20251217,000000,24.5,24.8465,21.3535,22.3965,5304.971430162921,0
BNRG.US,D,20251218,000000,22.75,24.115,22.75,22.785,2069.4571434779805,0
BNRG.US,D,20251219,000000,23.52,23.73,23.1,23.45,237.62857149986004,0
BNRG.US,D,20251222,000000,26.649,32.6375,26.0575,26.88,30016.771437576463,0
BNRG.US,D,20251223,000000,26.971,26.971,23.1,23.9155,5268.285715866201,0
BNRG.US,D,20251224,000000,23.9155,24.4999,22.05,23.94,1635.6000004906803,0
BNRG.US,D,20251226,000000,24.5,27.2965,23.0615,24.8535,4687.2000014061605,0
BNRG.US,D,20251229,000000,24.5,29.89,23.2155,28.364,23176.800006953043,0
BNRG.US,D,20251230,000000,30.3415,31.85,17.311,21.448,368561.62868199707,0
BNRG.US,D,20251231,000000,19.3515,19.95,16.8,17.2235,19278.11429149772,0
BNRG.US,D,20260102,000000,17.15,17.3426,15.925,16.7475,13448.600004034583,0
BNRG.US,D,20260105,000000,16.1,17.4195,16.0408,16.8035,9959.542860130721,0
BNRG.US,D,20260106,000000,16.45,17.325,15.75,17.325,7175.171430723981,0
BNRG.US,D,20260107,000000,17.311,20.65,16.8,19.845,15004.828575930023,0
BNRG.US,D,20260108,000000,20.223,20.643,18.018,19.3515,5470.485715926861,0
BNRG.US,D,20260109,000000,19.355,19.355,18.046,18.879,4585.65714423284,0
BNRG.US,D,20260112,000000,18.2105,18.3749,17.15,18.1965,5726.171430289281,0
BNRG.US,D,20260113,000000,18.2,18.2,16.345,17.6085,5328.285715884201,0
BNRG.US,D,20260114,000000,17.08,18.515,16.8,17.948,2707.7714293837603,0
BNRG.US,D,20260115,000000,18.025,18.025,17.15,17.2655,1373.8000004121402,0
BNRG.US,D,20260116,000000,17.85,18.55,17.1535,18.207,2073.2571434791203,0
BNRG.US,D,20260120,000000,17.8185,19.53,17.5,18.8825,2397.7428578621802,0
BNRG.US,D,20260121,000000,18.8825,19.2115,18.2,18.27,4247.97142984582,0
BNRG.US,D,20260122,000000,18.83,21.6825,18.4625,19.4215,21974.5714351638,0
BNRG.US,D,20260123,000000,19.6,19.6,17.9725,18.2,6934.142859223101,0
BNRG.US,D,20260126,000000,18.3,20.45,17.1,17.95,37817.8,0
BNRG.US,D,20260127,000000,17.6,17.9,13.85,16,325993.60000000003,0
BNRG.US,D,20260128,000000,15.4,16.672,14.5,15,24105.600000000002,0
BNRG.US,D,20260129,000000,14.75,15.95,13.25,14.7,25866.2,0
BNRG.US,D,20260130,000000,14.55,15.5,14.0005,14.1,15247,0
BNRG.US,D,20260202,000000,14.3,15.4,14.1,14.95,21859.600000000002,0
BNRG.US,D,20260203,000000,15,16.075,14.779,15.9,18009.8,0
BNRG.US,D,20260204,000000,15.65,15.65,12.45,13.25,37122.4,0
BNRG.US,D,20260205,000000,13.2,14,10.925,11.3,14987.400000000001,0
BNRG.US,D,20260206,000000,11.1,13.55,11.05,13.05,8763.4,0
BNRG.US,D,20260209,000000,13.5,14.2,13.25,13.7,12114.400000000001,0
BNRG.US,D,20260210,000000,13.85,13.85,11.725,12.225,9700.2,0
BNRG.US,D,20260211,000000,12,12.0495,8.1,9.15,2989829.4000000004,0
BNRG.US,D,20260212,000000,8.5,8.8355,7.55,7.6,67221.2,0
BNRG.US,D,20260213,000000,7.45,8.15,7.4,7.6,26757.2,0
BNRG.US,D,20260217,000000,7.5,7.5,6.7,7.1,21969.600000000002,0
BNRG.US,D,20260218,000000,7.05,7.162,6.2505,6.5,25838.2,0
BNRG.US,D,20260219,000000,6.65,7.3835,6.45,7.15,22797.600000000002,0
BNRG.US,D,20260220,000000,6.95,7.2,6.6,6.75,10399.800000000001,0
BNRG.US,D,20260223,000000,6.95,7.1,6.4,6.6,16043.6,0
BNRG.US,D,20260224,000000,6.5,6.7,6.15,6.475,11665.400000000001,0
BNRG.US,D,20260225,000000,6.5,6.62,6.05,6.2,11973.400000000001,0
BNRG.US,D,20260226,000000,6.3,6.3415,5.925,6.2,8422,0
BNRG.US,D,20260227,000000,6.1,6.3,5.9,6.25,9978.800000000001,0
BNRG.US,D,20260302,000000,6.4,6.475,5.8,6,22119.800000000003,0
BNRG.US,D,20260303,000000,5.95,6,5.6,6,6890.8,0
BNRG.US,D,20260304,000000,6,6.762,5.6,6.1,72001.40000000001,0
BNRG.US,D,20260305,000000,6.1,6.225,6,6.0995,847277.6000000001,0
BNRG.US,D,20260306,000000,5,5.45,4.305,4.3235,146275.4,0
BNRG.US,D,20260309,000000,4.0255,4.67475,4.025,4.19,80847.6,0
BNRG.US,D,20260310,000000,4.7335,4.742,4.05,4.0545,72494.8,0
BNRG.US,D,20260311,000000,4.24,4.3995,4.028,4.1395,35666.4,0
BNRG.US,D,20260312,000000,4.645,5.05,3.834,4.9125,3484661.4000000004,0
BNRG.US,D,20260313,000000,4.445,4.636,3.503,3.6225,160751.2,0
BNRG.US,D,20260316,000000,3.5,3.975,3.25,3.49,84703.6,0
BNRG.US,D,20260317,000000,3.2,3.2325,2.8075,3,63742.600000000006,0
BNRG.US,D,20260318,000000,2.78259,3.16,2.73075,2.9895,37432,0
BNRG.US,D,20260319,000000,2.9415,3.234,2.8265,3.15,30332.800000000003,0
BNRG.US,D,20260320,000000,3.35,3.5545,2.8,3.006,125910.6,0
BNRG.US,D,20260323,000000,2.9855,3.4,2.963,3.3765,46519,0
BNRG.US,D,20260324,000000,3.3765,3.4465,3.16,3.4465,11700.6,0
BNRG.US,D,20260325,000000,3.3875,3.686,3.267,3.649,32549.600000000002,0
BNRG.US,D,20260326,000000,3.57,3.59,3.145,3.292,26831.2,0
BNRG.US,D,20260327,000000,3.35,3.4495,2.9505,3.2955,15755.6,0
BNRG.US,D,20260330,000000,3.065,3.1875,2.925,2.958,19432.600000000002,0
BNRG.US,D,20260331,000000,3.0115,3.05,2.752,3.0145,207426.80000000002,0
BNRG.US,D,20260401,000000,2.95,3.168,2.901,3.168,16073,0
BNRG.US,D,20260402,000000,3.165,3.194,3.0005,3.194,18065.8,0
BNRG.US,D,20260406,000000,3.1625,3.2175,3.11,3.2,5309.400000000001,0
BNRG.US,D,20260407,000000,3.1065,3.1215,2.90939,3.055,10013.6,0
BNRG.US,D,20260408,000000,3.0995,3.0995,2.9,3.036,13431.6,0
BNRG.US,D,20260409,000000,3.1,3.1,2.85,2.9305,10644.800000000001,0
BNRG.US,D,20260410,000000,2.95,3.03845,2.85,2.934,11593,0
BNRG.US,D,20260413,000000,2.8175,2.95,2.8,2.935,17261,0
BNRG.US,D,20260414,000000,2.76,2.76,2.43375,2.5505,49355.8,0
BNRG.US,D,20260415,000000,2.96,3.57,2.8001,3.3,318980,0
BNRG.US,D,20260416,000000,3.11,3.57,2.83,3.57,167880,0
BNRG.US,D,20260417,000000,3.51,3.6,3.24,3.48,74296,0
BNRG.US,D,20260420,000000,3.45,3.555,3.1756,3.35,41534,0
BNRG.US,D,20260421,000000,3.28,3.35,3.18,3.25,31149,0
BNRG.US,D,20260422,000000,3.27,4.35,3.25,4.15,301916,0
BNRG.US,D,20260423,000000,3.99,4,3.1801,3.36,183735,0
BNRG.US,D,20260424,000000,3.39,3.39,2.83,3,65204,0
BNRG.US,D,20260427,000000,3.0401,3.15,2.99,3.14,40301,0
BNRG.US,D,20260428,000000,3,3.06,2.85,3.06,63567,0
BNRG.US,D,20260429,000000,3.02,3.0899,2.62,2.65,144214,0
BNRG.US,D,20260430,000000,2.71,2.71,2.32,2.32,173557,0
BNRG.US,D,20260501,000000,2.27,2.6,2.25,2.57,49154,0
BNRG.US,D,20260504,000000,2.53,2.8,2.53,2.8,39426,0
BNRG.US,D,20260505,000000,2.8,2.85,2.65,2.69,41843,0
BNRG.US,D,20260506,000000,2.77,4.39,1.92,2.45,3521779,0
BNRG.US,D,20260507,000000,2.45,2.45,2.01,2.08,179068,0
BNRG.US,D,20260508,000000,2.04,2.34,1.999755,2.28,96561,0
BNRG.US,D,20260511,000000,2.18,2.72,2.13,2.5,118522,0
BNRG.US,D,20260512,000000,2.4215,2.49,2.33,2.41,49247,0
BNRG.US,D,20260513,000000,2.32,2.3799,2.18,2.29,49962,0
BNRG.US,D,20260514,000000,2.6,2.6099,1.55,2.11,10373811,0
BNRG.US,D,20260515,000000,1.9,2.03,1.8,1.8,194228,0
BNRG.US,D,20260518,000000,1.3,1.72,1.3,1.72,277262,0
BNRG.US,D,20260519,000000,1.59,1.6499,1.54,1.57,54711,0
BNRG.US,D,20260520,000000,1.52,1.67,1.47,1.65,29692,0
BNRG.US,D,20260521,000000,1.65,1.68,1.54,1.57,46117,0
BNRG.US,D,20260522,000000,1.56,1.67,1.56,1.63,35164,0
BNRG.US,D,20260526,000000,1.68,1.68,1.58,1.59,46432,0
BNRG.US,D,20260527,000000,1.59,1.645,1.56,1.59,35607,0
BNRG.US,D,20260528,000000,1.67,2,1.59,1.97,398447,0
BNRG.US,D,20260529,000000,1.95,1.97,1.65,1.66,15618648,0
BNRG.US,D,20260601,000000,1.46,1.54,1.38,1.46,3699229,0
BNRG.US,D,20260602,000000,1.52,1.52,1.23,1.35,1203792,0
BNRG.US,D,20260603,000000,1.56,1.9103,1.41,1.82,12630379,0
BNRG.US,D,20260604,000000,1.56,1.64,1.46,1.56,612176,0
BNRG.US,D,20260605,000000,1.4,1.48,1.08,1.29,620373,0
BNRG.US,D,20260608,000000,1.29,1.4,1.28,1.35,205803,0
BNRG.US,D,20260609,000000,1.57,1.58,1.08,1.18,7962273,0
BNRG.US,D,20260610,000000,1.18,1.48,1.15,1.31,1000904,0
BNRG.US,D,20260611,000000,1.4,1.43,1.24,1.43,645447,0
BNRG.US,D,20260612,000000,1.36,1.36,1.2,1.22,178273,0
BNRG.US,D,20260615,000000,1.24,1.67,1.21,1.29,1837376,0
BNRG.US,D,20260616,000000,1.28,1.289,1.16,1.21,246922,0
BNRG.US,D,20260617,000000,1.2,1.29,1.17,1.28,330781,0
BNRG.US,D,20260618,000000,1.28,1.28,1.16,1.16,118177,0
BNRG.US,D,20260622,000000,1.15,1.22,1.115,1.16,180924,0
BNRG.US,D,20260623,000000,1.15,1.15,1.06,1.085,171406,0
BNRG.US,D,20260624,000000,1.08,1.08,0.67,0.83,433549,0
