<TICKER>,<PER>,<DATE>,<TIME>,<OPEN>,<HIGH>,<LOW>,<CLOSE>,<VOL>,<OPENINT>
BNZI.US,D,20210216,000000,101500,102500,101000,101700,37.5077,0
BNZI.US,D,20210217,000000,101900,101900,101500,101500,34.9211,0
BNZI.US,D,20210218,000000,101500,103100,101500,102100,11.177000000000001,0
BNZI.US,D,20210219,000000,102800,103700,102000,102400,26.577500000000004,0
BNZI.US,D,20210222,000000,102900,102900,101800,102000,11.1171,0
BNZI.US,D,20210223,000000,101700,102500,101100,101800,12.679100000000002,0
BNZI.US,D,20210224,000000,101800,104200,101500,103700,21.947300000000002,0
BNZI.US,D,20210225,000000,103045,103900,101800,102200,7.028099999999999,0
BNZI.US,D,20210226,000000,102500,102500,100900,102100,12.888399999999999,0
BNZI.US,D,20210301,000000,102600,102600,101200,101300,3.1179000000000006,0
BNZI.US,D,20210302,000000,101300,101400,100600,101000,11.5798,0
BNZI.US,D,20210303,000000,101300,101300,99100,100000,10.5534,0
BNZI.US,D,20210304,000000,100400,100400,99500,99800,10.736,0
BNZI.US,D,20210305,000000,100800,100800,98100,99200,12.795200000000001,0
BNZI.US,D,20210308,000000,99600,100400,98500,98700,12.2277,0
BNZI.US,D,20210309,000000,99000,99200,98700,99100,1.5151000000000001,0
BNZI.US,D,20210310,000000,99000,99200,98300,99200,17.6688,0
BNZI.US,D,20210311,000000,98800,99200,98800,99200,1.3273000000000001,0
BNZI.US,D,20210312,000000,99000,99400,98500,99000,26.250200000000003,0
BNZI.US,D,20210316,000000,98600,98600,98500,98600,2.5938000000000003,0
BNZI.US,D,20210317,000000,99100,99100,98000,98500,7.972500000000001,0
BNZI.US,D,20210318,000000,98500,98700,98000,98600,15.364300000000004,0
BNZI.US,D,20210319,000000,98200,98600,98000,98000,0.6371000000000001,0
BNZI.US,D,20210322,000000,98000,98500,98000,98300,0.8227000000000001,0
BNZI.US,D,20210323,000000,98000,98350,97000,97700,11.124600000000001,0
BNZI.US,D,20210324,000000,97100,97100,96300,96600,13.8212,0
BNZI.US,D,20210325,000000,96100,96800,96100,96800,1.6162000000000003,0
BNZI.US,D,20210326,000000,96900,98000,96500,97700,2.6267000000000005,0
BNZI.US,D,20210329,000000,97000,97550,96100,97000,0.5304000000000001,0
BNZI.US,D,20210330,000000,98299,98299,98299,98299,0.0296,0
BNZI.US,D,20210331,000000,97250,101000,96700,98900,41.859,0
BNZI.US,D,20210401,000000,99800,99800,98176,98800,4.1961,0
BNZI.US,D,20210405,000000,99400,99400,98300,98500,8.470400000000001,0
BNZI.US,D,20210406,000000,98500,98850,98300,98300,8.5343,0
BNZI.US,D,20210407,000000,98300,98300,97800,97800,1.5915000000000001,0
BNZI.US,D,20210408,000000,98000,99300,98000,99300,2.6066000000000003,0
BNZI.US,D,20210409,000000,98722,99350,98500,99300,4.125100000000001,0
BNZI.US,D,20210412,000000,98650,98650,97601,98350,0.17720000000000002,0
BNZI.US,D,20210413,000000,98500,99050,98500,99050,2.5580000000000003,0
BNZI.US,D,20210414,000000,98600,99000,98500,99000,0.36150000000000004,0
BNZI.US,D,20210415,000000,98712,99400,98600,98600,0.8754000000000002,0
BNZI.US,D,20210416,000000,98500,98700,98100,98600,0.7848000000000002,0
BNZI.US,D,20210419,000000,98100,98500,98000,98500,1.6377000000000004,0
BNZI.US,D,20210420,000000,98691,98691,97700,97700,0.42290000000000005,0
BNZI.US,D,20210421,000000,97800,98100,97700,98100,6.5806000000000004,0
BNZI.US,D,20210422,000000,98098,99300,98098,98500,1.9652000000000003,0
BNZI.US,D,20210423,000000,98500,99050,97900,98800,2.0137,0
BNZI.US,D,20210426,000000,98200,98350,98200,98350,0.0613,0
BNZI.US,D,20210427,000000,98500,98500,96900,97000,47.1542,0
BNZI.US,D,20210428,000000,97200,97500,97200,97500,17.9029,0
BNZI.US,D,20210429,000000,97900,98000,97300,98000,3.3529000000000004,0
BNZI.US,D,20210430,000000,98370,98900,98370,98600,0.3158,0
BNZI.US,D,20210503,000000,97700,98800,97600,98200,1.8776000000000002,0
BNZI.US,D,20210504,000000,97300,98000,97200,97900,26.6113,0
BNZI.US,D,20210505,000000,97700,98400,97700,98300,2.3815000000000004,0
BNZI.US,D,20210506,000000,98000,98500,98000,98400,19.912800000000004,0
BNZI.US,D,20210507,000000,97700,98600,97600,98600,2.8383000000000003,0
BNZI.US,D,20210510,000000,98700,98700,97726,98600,24.238200000000006,0
BNZI.US,D,20210511,000000,98400,98500,97500,98000,13.942900000000002,0
BNZI.US,D,20210512,000000,97900,98400,97700,98300,4.964700000000001,0
BNZI.US,D,20210513,000000,97600,98300,97600,98200,4.1062,0
BNZI.US,D,20210514,000000,97800,98284,97700,98000,6.010900000000001,0
BNZI.US,D,20210517,000000,98000,98000,97800,98000,3.1076,0
BNZI.US,D,20210519,000000,97820,98000,97800,97800,0.1383,0
BNZI.US,D,20210520,000000,97500,97777,97500,97623,0.2675,0
BNZI.US,D,20210521,000000,97300,98000,97300,98000,5.595300000000001,0
BNZI.US,D,20210524,000000,97407,97500,97407,97500,0.03740000000000001,0
BNZI.US,D,20210525,000000,97750,97750,97400,97700,0.34210000000000007,0
BNZI.US,D,20210526,000000,97900,97900,97401,97600,0.25520000000000004,0
BNZI.US,D,20210527,000000,97600,97600,97324,97324,0.18760000000000004,0
BNZI.US,D,20210528,000000,97300,97600,97300,97600,1.3596000000000004,0
BNZI.US,D,20210601,000000,97600,97600,97300,97300,0.1643,0
BNZI.US,D,20210602,000000,97450,97450,97300,97300,0.0829,0
BNZI.US,D,20210603,000000,97355,97400,97300,97400,0.12400000000000003,0
BNZI.US,D,20210604,000000,97500,97500,97500,97500,0.0223,0
BNZI.US,D,20210607,000000,97500,98103,97350,97700,0.6782,0
BNZI.US,D,20210608,000000,97300,97306,97300,97306,0.0379,0
BNZI.US,D,20210609,000000,98100,98100,97500,97500,0.0497,0
BNZI.US,D,20210610,000000,97601,98100,97600,97900,2.3537000000000003,0
BNZI.US,D,20210611,000000,98000,98100,97700,97700,1.3622,0
BNZI.US,D,20210614,000000,97910,98000,97200,97400,3.9999000000000002,0
BNZI.US,D,20210615,000000,97301,97301,97000,97300,0.17820000000000003,0
BNZI.US,D,20210616,000000,97300,97300,97300,97300,0.0406,0
BNZI.US,D,20210617,000000,97300,97400,97300,97400,0.18980000000000002,0
BNZI.US,D,20210618,000000,97500,97500,97400,97400,1.8809000000000002,0
BNZI.US,D,20210621,000000,97400,97400,97400,97400,0.0238,0
BNZI.US,D,20210622,000000,97300,98200,97300,97502,3.2506000000000004,0
BNZI.US,D,20210624,000000,97750,97931,97500,97750,0.20120000000000002,0
BNZI.US,D,20210625,000000,97500,97800,97350,97500,0.4733,0
BNZI.US,D,20210628,000000,97400,97500,96800,97200,0.5618000000000001,0
BNZI.US,D,20210629,000000,97550,97550,96900,97100,0.16680000000000003,0
BNZI.US,D,20210630,000000,96800,96900,96800,96800,1.0867000000000002,0
BNZI.US,D,20210701,000000,97250,97250,96800,96800,0.2639,0
BNZI.US,D,20210702,000000,97000,97000,96800,96800,0.15900000000000003,0
BNZI.US,D,20210706,000000,97000,97150,96800,96800,0.5025000000000001,0
BNZI.US,D,20210707,000000,97000,97100,96800,96900,0.4206000000000001,0
BNZI.US,D,20210708,000000,96800,96800,96800,96800,0.1168,0
BNZI.US,D,20210709,000000,96800,96900,96800,96900,1.0832000000000002,0
BNZI.US,D,20210712,000000,96900,96900,96800,96800,0.067,0
BNZI.US,D,20210713,000000,97100,97100,96800,96900,0.24030000000000007,0
BNZI.US,D,20210714,000000,97100,97100,96800,97001,0.13260000000000002,0
BNZI.US,D,20210716,000000,96900,97100,96900,96900,0.2959,0
BNZI.US,D,20210719,000000,96865,97100,96800,96800,0.5212,0
BNZI.US,D,20210720,000000,96800,96800,96600,96800,0.3168,0
BNZI.US,D,20210721,000000,96800,97100,96700,97000,0.7230000000000001,0
BNZI.US,D,20210722,000000,97200,97200,96800,96800,0.0892,0
BNZI.US,D,20210723,000000,97000,97238,97000,97000,0.0654,0
BNZI.US,D,20210726,000000,96800,96800,96600,96800,0.4045000000000001,0
BNZI.US,D,20210727,000000,97200,97200,97200,97200,0.0165,0
BNZI.US,D,20210728,000000,96900,96900,96900,96900,0.015400000000000004,0
BNZI.US,D,20210729,000000,96900,97150,96900,96901,0.4206000000000001,0
BNZI.US,D,20210730,000000,97150,97188,96900,97067,0.2472,0
BNZI.US,D,20210802,000000,96300,97100,96300,97000,0.23510000000000006,0
BNZI.US,D,20210803,000000,97200,97200,97000,97100,0.1004,0
BNZI.US,D,20210804,000000,96772,96772,96700,96700,0.1058,0
BNZI.US,D,20210805,000000,96800,96900,96800,96900,0.8702000000000001,0
BNZI.US,D,20210806,000000,98000,98000,97900,97900,0.052300000000000006,0
BNZI.US,D,20210809,000000,96800,96800,96800,96800,0.0207,0
BNZI.US,D,20210811,000000,97799,97799,97799,97799,0.03200000000000001,0
BNZI.US,D,20210812,000000,97599,97599,97599,97599,0.0102,0
BNZI.US,D,20210813,000000,97400,97800,96700,97800,0.09240000000000001,0
BNZI.US,D,20210816,000000,97800,97800,96500,96500,0.17450000000000002,0
BNZI.US,D,20210817,000000,96300,96400,96100,96300,0.18020000000000003,0
BNZI.US,D,20210818,000000,96300,96300,96300,96300,0.023700000000000002,0
BNZI.US,D,20210819,000000,96900,96900,96650,96800,0.4518,0
BNZI.US,D,20210820,000000,97000,97400,97000,97000,1.6639,0
BNZI.US,D,20210823,000000,96300,96300,96300,96300,0.4898,0
BNZI.US,D,20210824,000000,96800,96800,96800,96800,0.014199999999999999,0
BNZI.US,D,20210825,000000,97300,97300,97300,97300,8.324800000000002,0
BNZI.US,D,20210826,000000,97599,97599,97428,97428,0.11210000000000003,0
BNZI.US,D,20210830,000000,96550,96550,96500,96500,0.125,0
BNZI.US,D,20210831,000000,96599,97700,96599,97500,0.18440000000000004,0
BNZI.US,D,20210901,000000,96200,96200,96200,96200,0.06520000000000001,0
BNZI.US,D,20210902,000000,96500,96500,96400,96500,0.27390000000000003,0
BNZI.US,D,20210903,000000,96500,97100,96400,97100,0.44710000000000005,0
BNZI.US,D,20210907,000000,96500,97012,96500,97012,0.0402,0
BNZI.US,D,20210913,000000,96800,96800,96800,96800,0.041600000000000005,0
BNZI.US,D,20210914,000000,97200,97432,96900,96900,0.16810000000000003,0
BNZI.US,D,20210915,000000,96900,97200,96900,97000,1.4906000000000001,0
BNZI.US,D,20210916,000000,97500,97500,96801,96801,0.35790000000000005,0
BNZI.US,D,20210920,000000,97000,97500,96700,97437,2.6209000000000002,0
BNZI.US,D,20210922,000000,97040,97040,97040,97040,0.11270000000000001,0
BNZI.US,D,20210923,000000,97333,97333,96926,96926,0.2343,0
BNZI.US,D,20210924,000000,96900,97400,96900,97400,0.027100000000000003,0
BNZI.US,D,20210927,000000,97000,97400,97000,97400,0.03180000000000001,0
BNZI.US,D,20210928,000000,97000,97000,97000,97000,0.0373,0
BNZI.US,D,20210929,000000,97000,97400,97000,97300,0.47520000000000007,0
BNZI.US,D,20210930,000000,97228,97350,97228,97300,75.2024,0
BNZI.US,D,20211001,000000,97500,97600,97150,97300,18.607400000000002,0
BNZI.US,D,20211004,000000,97500,97500,97300,97300,0.25680000000000003,0
BNZI.US,D,20211005,000000,97200,97800,97200,97200,0.2025,0
BNZI.US,D,20211006,000000,97350,97600,97350,97500,0.7386,0
BNZI.US,D,20211007,000000,97400,97700,97400,97700,0.17850000000000002,0
BNZI.US,D,20211008,000000,97200,97200,97200,97200,0.050800000000000005,0
BNZI.US,D,20211011,000000,97700,97700,97600,97600,0.065,0
BNZI.US,D,20211012,000000,97500,97700,97500,97700,0.1318,0
BNZI.US,D,20211013,000000,97700,97800,97200,97800,22.437300000000004,0
BNZI.US,D,20211014,000000,97560,97700,97560,97700,0.30160000000000003,0
BNZI.US,D,20211015,000000,97502,97800,97501,97800,0.14220000000000002,0
BNZI.US,D,20211018,000000,97500,97800,97500,97500,0.13460000000000003,0
BNZI.US,D,20211022,000000,97500,97800,97500,97800,9.540800000000003,0
BNZI.US,D,20211026,000000,97741,97800,97600,97800,0.17280000000000004,0
BNZI.US,D,20211027,000000,97500,97800,97500,97800,0.5781000000000001,0
BNZI.US,D,20211028,000000,97501,97800,97501,97800,0.045500000000000006,0
BNZI.US,D,20211029,000000,97600,97800,97600,97600,0.21640000000000004,0
BNZI.US,D,20211101,000000,97775,97800,97775,97800,0.09190000000000001,0
BNZI.US,D,20211102,000000,97640,97700,97640,97700,0.0718,0
BNZI.US,D,20211103,000000,97600,97800,97600,97800,0.12240000000000002,0
BNZI.US,D,20211105,000000,97740,97800,97700,97800,0.043000000000000003,0
BNZI.US,D,20211108,000000,97800,97800,97800,97800,0.030100000000000002,0
BNZI.US,D,20211110,000000,97700,97800,97600,97700,0.49560000000000004,0
BNZI.US,D,20211111,000000,97600,97800,97500,97800,0.20350000000000001,0
BNZI.US,D,20211112,000000,97700,97800,97700,97800,0.037000000000000005,0
BNZI.US,D,20211115,000000,97700,97800,97700,97800,0.13760000000000003,0
BNZI.US,D,20211116,000000,97700,97900,97600,97900,2.2439,0
BNZI.US,D,20211117,000000,97800,97900,97600,97900,46.154300000000006,0
BNZI.US,D,20211122,000000,97500,97800,97500,97800,1.4349000000000003,0
BNZI.US,D,20211123,000000,97900,98000,97601,98000,0.9974000000000001,0
BNZI.US,D,20211126,000000,97300,98000,97300,98000,0.31210000000000004,0
BNZI.US,D,20211129,000000,97400,98000,97400,98000,17.263900000000003,0
BNZI.US,D,20211130,000000,97700,98000,97700,98000,10.968000000000002,0
BNZI.US,D,20211201,000000,98000,98000,97500,98000,8.5324,0
BNZI.US,D,20211202,000000,97900,98200,97500,98200,9.221900000000002,0
BNZI.US,D,20211203,000000,97600,97900,97300,97800,0.25440000000000007,0
BNZI.US,D,20211206,000000,97800,97800,97800,97800,0.050100000000000006,0
BNZI.US,D,20211207,000000,97900,97900,97900,97900,0.2056,0
BNZI.US,D,20211208,000000,97800,98000,97800,97900,0.17500000000000002,0
BNZI.US,D,20211209,000000,98000,98200,97900,98200,0.5016,0
BNZI.US,D,20211210,000000,97700,98100,97700,98100,0.1038,0
BNZI.US,D,20211213,000000,97600,97600,97600,97600,0.06440000000000001,0
BNZI.US,D,20211214,000000,97700,98000,97700,98000,57.07670000000001,0
BNZI.US,D,20211216,000000,98000,98000,97000,97600,0.9202,0
BNZI.US,D,20211217,000000,97500,98000,97500,98000,0.31550000000000006,0
BNZI.US,D,20211220,000000,97000,97000,97000,97000,0.0257,0
BNZI.US,D,20211228,000000,97200,97900,97200,97200,0.681,0
BNZI.US,D,20211229,000000,97200,97800,97200,97800,0.1144,0
BNZI.US,D,20211230,000000,97500,97500,97500,97500,0.066,0
BNZI.US,D,20211231,000000,97400,97800,97400,97600,0.19430000000000003,0
BNZI.US,D,20220103,000000,97700,98300,97700,98300,4.6923,0
BNZI.US,D,20220104,000000,97700,97700,97700,97700,0.016800000000000002,0
BNZI.US,D,20220106,000000,97600,97600,97600,97600,7.6514,0
BNZI.US,D,20220107,000000,97500,97900,97500,97900,0.25010000000000004,0
BNZI.US,D,20220112,000000,97601,97601,97601,97601,0.012900000000000002,0
BNZI.US,D,20220119,000000,97400,97467,97300,97467,0.137,0
BNZI.US,D,20220120,000000,97500,97500,97500,97500,0.5625,0
BNZI.US,D,20220121,000000,97200,97200,97200,97200,0.7172000000000001,0
BNZI.US,D,20220124,000000,97200,97210,97200,97200,1.1896000000000002,0
BNZI.US,D,20220125,000000,97200,97701,97200,97701,0.7185,0
BNZI.US,D,20220127,000000,97100,97700,97100,97120,0.6229,0
BNZI.US,D,20220128,000000,97200,97500,97200,97340,0.5796,0
BNZI.US,D,20220131,000000,97300,97700,97300,97450,0.9015000000000001,0
BNZI.US,D,20220201,000000,97600,97700,97550,97550,1.4103000000000003,0
BNZI.US,D,20220202,000000,97400,97400,97400,97400,0.03490000000000001,0
BNZI.US,D,20220203,000000,97400,97500,97400,97500,6.5931,0
BNZI.US,D,20220204,000000,97500,97500,97300,97400,2.06,0
BNZI.US,D,20220207,000000,97600,97700,97500,97700,8.1411,0
BNZI.US,D,20220209,000000,97400,97700,97400,97700,0.06810000000000001,0
BNZI.US,D,20220210,000000,97800,97800,97700,97700,1.1383,0
BNZI.US,D,20220214,000000,97688,97688,97630,97630,0.044300000000000006,0
BNZI.US,D,20220215,000000,97800,97800,97800,97800,0.5203000000000001,0
BNZI.US,D,20220216,000000,97800,97800,97800,97800,2.4413,0
BNZI.US,D,20220217,000000,97700,98000,97700,98000,0.7657,0
BNZI.US,D,20220218,000000,97800,97800,97700,97800,8.529900000000001,0
BNZI.US,D,20220222,000000,97700,98100,97700,97796,1.5077000000000003,0
BNZI.US,D,20220223,000000,97700,97700,97700,97700,80.11500000000001,0
BNZI.US,D,20220224,000000,97799,97799,97799,97799,0.026800000000000004,0
BNZI.US,D,20220225,000000,97700,97800,97700,97700,30.205100000000005,0
BNZI.US,D,20220228,000000,97700,97700,97700,97700,0.5949000000000001,0
BNZI.US,D,20220301,000000,97800,97900,97700,97700,17.007500000000004,0
BNZI.US,D,20220302,000000,97700,97700,97700,97700,16.494500000000002,0
BNZI.US,D,20220303,000000,97900,97900,97900,97900,0.5138000000000001,0
BNZI.US,D,20220304,000000,97900,97900,97900,97900,0.5010000000000001,0
BNZI.US,D,20220307,000000,97800,97800,97800,97800,0.12440000000000001,0
BNZI.US,D,20220309,000000,97900,97900,97800,97900,8.130500000000001,0
BNZI.US,D,20220310,000000,97900,97900,97900,97900,71.6698,0
BNZI.US,D,20220311,000000,98000,98100,97900,97900,0.1053,0
BNZI.US,D,20220315,000000,97800,98000,97500,97700,46.850100000000005,0
BNZI.US,D,20220316,000000,97700,97800,97700,97800,0.17850000000000002,0
BNZI.US,D,20220317,000000,97800,97800,97800,97800,0.027400000000000004,0
BNZI.US,D,20220318,000000,97900,98000,97900,97900,0.6705000000000001,0
BNZI.US,D,20220321,000000,98100,98100,97800,97900,2.4836000000000005,0
BNZI.US,D,20220322,000000,97900,97900,97900,97900,0.1008,0
BNZI.US,D,20220325,000000,98000,98000,98000,98000,2.5001,0
BNZI.US,D,20220328,000000,97800,98000,97800,98000,20.167,0
BNZI.US,D,20220329,000000,98100,98200,97900,98000,0.6081000000000001,0
BNZI.US,D,20220330,000000,98300,98300,97900,97900,20.067400000000003,0
BNZI.US,D,20220331,000000,97900,98000,97900,98000,0.28340000000000004,0
BNZI.US,D,20220401,000000,98000,98000,98000,98000,0.010100000000000001,0
BNZI.US,D,20220405,000000,98000,98299,98000,98299,0.3720000000000001,0
BNZI.US,D,20220406,000000,98000,98100,98000,98100,0.15560000000000002,0
BNZI.US,D,20220407,000000,98100,98100,98100,98100,0.05750000000000001,0
BNZI.US,D,20220408,000000,98400,98400,98250,98400,17.007900000000003,0
BNZI.US,D,20220411,000000,98300,98400,98200,98200,0.5687000000000001,0
BNZI.US,D,20220412,000000,98700,98700,98200,98200,0.9221,0
BNZI.US,D,20220414,000000,98452,98452,98300,98400,0.1854,0
BNZI.US,D,20220418,000000,98350,98350,98350,98350,0.0236,0
BNZI.US,D,20220421,000000,98500,98500,98300,98322,1.5237000000000003,0
BNZI.US,D,20220422,000000,98300,98350,98300,98350,4.137200000000001,0
BNZI.US,D,20220425,000000,98301,98306,98300,98300,0.052000000000000005,0
BNZI.US,D,20220426,000000,98300,98400,98300,98400,0.0993,0
BNZI.US,D,20220428,000000,98450,98450,98450,98450,0.010300000000000002,0
BNZI.US,D,20220429,000000,98300,98300,98300,98300,0.18920000000000003,0
BNZI.US,D,20220502,000000,98500,98500,98500,98500,0.3851,0
BNZI.US,D,20220503,000000,98300,98300,98300,98300,0.28800000000000003,0
BNZI.US,D,20220504,000000,98500,98500,98400,98400,0.6403000000000001,0
BNZI.US,D,20220505,000000,98400,98400,98300,98300,75.00010000000002,0
BNZI.US,D,20220509,000000,98300,98300,98300,98300,0.0621,0
BNZI.US,D,20220510,000000,98300,98300,98200,98200,0.6357,0
BNZI.US,D,20220511,000000,98100,98100,98000,98000,2.2251000000000003,0
BNZI.US,D,20220512,000000,98000,98200,98000,98200,2.6360000000000006,0
BNZI.US,D,20220513,000000,98200,98300,98200,98300,0.26310000000000006,0
BNZI.US,D,20220516,000000,98200,98200,98200,98200,0.0223,0
BNZI.US,D,20220517,000000,98200,98200,98100,98100,2.9513000000000003,0
BNZI.US,D,20220518,000000,98100,98100,98100,98100,0.0141,0
BNZI.US,D,20220519,000000,98100,98100,98100,98100,0.013999999999999999,0
BNZI.US,D,20220523,000000,98200,98200,98200,98200,0.010000000000000002,0
BNZI.US,D,20220524,000000,98200,98200,98100,98200,91.37170000000002,0
BNZI.US,D,20220526,000000,98200,98200,98200,98200,0.0303,0
BNZI.US,D,20220527,000000,98200,98250,98200,98250,20.943400000000004,0
BNZI.US,D,20220531,000000,98200,98300,98200,98300,2.9079000000000006,0
BNZI.US,D,20220601,000000,98300,98300,98100,98200,9.9236,0
BNZI.US,D,20220606,000000,98800,98800,98200,98200,0.1612,0
BNZI.US,D,20220607,000000,98300,98300,98300,98300,0.05310000000000001,0
BNZI.US,D,20220609,000000,98440,98440,98440,98440,0.016700000000000003,0
BNZI.US,D,20220610,000000,98400,98500,98400,98400,0.37070000000000003,0
BNZI.US,D,20220613,000000,98300,98400,98250,98400,12.1477,0
BNZI.US,D,20220614,000000,98400,98400,98318,98400,0.2916,0
BNZI.US,D,20220615,000000,98400,98400,98300,98392,0.14270000000000002,0
BNZI.US,D,20220616,000000,98300,98301,98300,98300,2.1407000000000003,0
BNZI.US,D,20220617,000000,98400,98700,98200,98700,2.9809,0
BNZI.US,D,20220621,000000,98900,98900,98900,98900,0.0257,0
BNZI.US,D,20220622,000000,98200,98200,98200,98200,1.0383000000000002,0
BNZI.US,D,20220623,000000,98200,98400,98200,98300,0.6268000000000001,0
BNZI.US,D,20220628,000000,98500,98600,98500,98500,0.05480000000000001,0
BNZI.US,D,20220629,000000,98500,98500,98400,98400,0.0402,0
BNZI.US,D,20220630,000000,98500,98500,98400,98400,0.19280000000000003,0
BNZI.US,D,20220705,000000,98500,98700,98300,98400,15.107000000000003,0
BNZI.US,D,20220706,000000,98500,98500,98500,98500,0.011200000000000002,0
BNZI.US,D,20220707,000000,98446,98446,98300,98300,0.12320000000000003,0
BNZI.US,D,20220712,000000,98500,98500,98500,98500,0.09160000000000001,0
BNZI.US,D,20220715,000000,98500,98500,98500,98500,80.00040000000001,0
BNZI.US,D,20220718,000000,98500,98700,98500,98500,0.04370000000000001,0
BNZI.US,D,20220719,000000,98700,98700,98700,98700,0.0522,0
BNZI.US,D,20220720,000000,98500,98700,98500,98650,5.3100000000000005,0
BNZI.US,D,20220722,000000,98600,98900,98600,98700,2.439,0
BNZI.US,D,20220726,000000,98700,98800,98700,98800,0.6302000000000001,0
BNZI.US,D,20220727,000000,98700,98900,98700,98900,21.970000000000002,0
BNZI.US,D,20220728,000000,98700,98900,98700,98900,0.5567000000000001,0
BNZI.US,D,20220729,000000,98900,98900,98900,98900,0.1045,0
BNZI.US,D,20220801,000000,98700,98850,98700,98850,0.035800000000000005,0
BNZI.US,D,20220802,000000,99000,99000,98700,98700,0.9456000000000002,0
BNZI.US,D,20220803,000000,98700,98900,98700,98700,0.8751000000000002,0
BNZI.US,D,20220805,000000,98800,98850,98800,98800,0.1375,0
BNZI.US,D,20220809,000000,98800,98800,98800,98800,2.4373000000000005,0
BNZI.US,D,20220810,000000,99100,99100,99100,99100,0.0634,0
BNZI.US,D,20220811,000000,98900,98900,98900,98900,0.0207,0
BNZI.US,D,20220816,000000,98900,99000,98900,99000,162.4642,0
BNZI.US,D,20220818,000000,99042,99042,98900,98900,1.8596000000000001,0
BNZI.US,D,20220822,000000,99100,99200,99100,99200,0.5364000000000001,0
BNZI.US,D,20220825,000000,99100,99250,99100,99100,5.802100000000001,0
BNZI.US,D,20220826,000000,99000,99083,99000,99083,0.2008,0
BNZI.US,D,20220830,000000,99100,99100,99100,99100,0.018200000000000004,0
BNZI.US,D,20220831,000000,99150,99200,99100,99200,0.3063,0
BNZI.US,D,20220901,000000,99250,99250,99150,99200,10.861300000000002,0
BNZI.US,D,20220902,000000,99100,99150,99100,99100,0.6494,0
BNZI.US,D,20220907,000000,99100,99100,99100,99100,0.0729,0
BNZI.US,D,20220909,000000,99100,99100,99100,99100,3.3827999999999996,0
BNZI.US,D,20220914,000000,99200,99200,99200,99200,0.020900000000000002,0
BNZI.US,D,20220915,000000,99250,99250,99200,99200,0.21850000000000003,0
BNZI.US,D,20220916,000000,99200,99200,99200,99200,0.134,0
BNZI.US,D,20220919,000000,99200,99200,99200,99200,0.5092000000000001,0
BNZI.US,D,20220920,000000,99200,99200,99200,99200,0.40090000000000003,0
BNZI.US,D,20220921,000000,99300,99300,99150,99200,3.9984,0
BNZI.US,D,20220922,000000,99300,99300,99300,99300,0.4074000000000001,0
BNZI.US,D,20220926,000000,99500,99500,99300,99300,0.0393,0
BNZI.US,D,20220927,000000,99350,99350,99350,99350,0.0205,0
BNZI.US,D,20220930,000000,99400,99400,99300,99300,19.4536,0
BNZI.US,D,20221003,000000,99400,99450,99300,99400,13.374100000000002,0
BNZI.US,D,20221004,000000,99400,99500,99396,99400,33.530300000000004,0
BNZI.US,D,20221005,000000,99500,99600,99500,99500,6.9826000000000015,0
BNZI.US,D,20221006,000000,99500,99550,99400,99550,9.289800000000001,0
BNZI.US,D,20221007,000000,99600,99600,99600,99600,0.0144,0
BNZI.US,D,20221010,000000,99500,99700,99500,99700,1.4065000000000003,0
BNZI.US,D,20221011,000000,99600,99700,99600,99600,1.3559,0
BNZI.US,D,20221012,000000,99650,99650,99600,99600,0.8143000000000001,0
BNZI.US,D,20221013,000000,99600,99650,99600,99650,10.205800000000002,0
BNZI.US,D,20221017,000000,99700,99750,99700,99700,0.31970000000000004,0
BNZI.US,D,20221018,000000,99700,99700,99700,99700,0.18390000000000004,0
BNZI.US,D,20221019,000000,99700,99800,99696,99800,0.40490000000000004,0
BNZI.US,D,20221020,000000,99750,99750,99750,99750,0.011100000000000002,0
BNZI.US,D,20221021,000000,99800,99850,99700,99700,10.2149,0
BNZI.US,D,20221024,000000,99750,99800,99700,99800,22.1689,0
BNZI.US,D,20221025,000000,99900,99900,99850,99900,1.7918000000000003,0
BNZI.US,D,20221028,000000,99950,100000,99900,99950,0.5851000000000001,0
BNZI.US,D,20221031,000000,99900,99900,99900,99900,0.020000000000000004,0
BNZI.US,D,20221101,000000,99900,100000,99850,99900,24.0256,0
BNZI.US,D,20221102,000000,100000,100000,100000,100000,0.015800000000000005,0
BNZI.US,D,20221107,000000,100000,100100,100000,100100,0.11030000000000001,0
BNZI.US,D,20221109,000000,100150,100150,100150,100150,0.10420000000000001,0
BNZI.US,D,20221110,000000,100196,100200,100100,100100,17.747400000000003,0
BNZI.US,D,20221111,000000,100200,100200,100200,100200,0.3506,0
BNZI.US,D,20221114,000000,100100,100200,100100,100183,0.2257,0
BNZI.US,D,20221115,000000,100200,100200,100100,100200,15.200000000000001,0
BNZI.US,D,20221122,000000,100300,100300,100300,100300,0.020900000000000002,0
BNZI.US,D,20221123,000000,100300,100300,100300,100300,0.0149,0
BNZI.US,D,20221125,000000,100400,100400,100400,100400,0.16070000000000004,0
BNZI.US,D,20221130,000000,100350,100350,100300,100300,0.5,0
BNZI.US,D,20221201,000000,100300,100300,100300,100300,91.6613,0
BNZI.US,D,20221202,000000,100400,100400,100350,100400,2.3895,0
BNZI.US,D,20221205,000000,100450,100450,100450,100450,4.0408,0
BNZI.US,D,20221206,000000,100400,100499,100400,100450,2.0539,0
BNZI.US,D,20221207,000000,100450,100450,100400,100400,0.2696,0
BNZI.US,D,20221208,000000,100500,100501,100500,100500,21.884800000000002,0
BNZI.US,D,20221209,000000,100550,100600,100500,100550,29.9661,0
BNZI.US,D,20221212,000000,100527,100550,100500,100550,0.317,0
BNZI.US,D,20221213,000000,100700,100700,100500,100700,0.16510000000000002,0
BNZI.US,D,20221214,000000,100500,100550,100500,100500,5.4510000000000005,0
BNZI.US,D,20221215,000000,100518,100518,100500,100500,1.0103000000000002,0
BNZI.US,D,20221216,000000,100500,100500,100400,100400,1.1788,0
BNZI.US,D,20221219,000000,100400,100400,91901,99500,0.26520000000000005,0
BNZI.US,D,20221220,000000,100500,100650,100250,100600,51.856300000000005,0
BNZI.US,D,20221221,000000,100700,101000,100700,100700,0.8905,0
BNZI.US,D,20221222,000000,101000,101000,100850,100872,40.378800000000005,0
BNZI.US,D,20221223,000000,101000,101000,101000,101000,0.022500000000000003,0
BNZI.US,D,20221227,000000,101000,101100,100950,101000,3.192,0
BNZI.US,D,20221228,000000,101150,101150,101150,101150,0.0113,0
BNZI.US,D,20221229,000000,101052,101300,101052,101200,0.5307000000000001,0
BNZI.US,D,20221230,000000,101300,101300,101200,101200,0.38970000000000005,0
BNZI.US,D,20230103,000000,101000,101000,101000,101000,0.17420000000000002,0
BNZI.US,D,20230104,000000,101000,101201,100800,101200,1.5112000000000003,0
BNZI.US,D,20230105,000000,100500,101200,100500,100700,1.4292,0
BNZI.US,D,20230106,000000,100820,101300,100820,101250,2.7681000000000004,0
BNZI.US,D,20230109,000000,100800,101118,100800,101100,0.8235,0
BNZI.US,D,20230110,000000,102200,102200,102200,102200,0.06870000000000001,0
BNZI.US,D,20230113,000000,100900,101000,100900,100900,0.25820000000000004,0
BNZI.US,D,20230123,000000,100900,101500,100900,101100,0.5961000000000001,0
BNZI.US,D,20230124,000000,101000,101200,100900,101200,0.4925000000000001,0
BNZI.US,D,20230125,000000,101300,101500,101100,101500,1.7401,0
BNZI.US,D,20230126,000000,101600,101600,101600,101600,0.0102,0
BNZI.US,D,20230127,000000,101600,101807,101600,101800,1.3323,0
BNZI.US,D,20230131,000000,101700,101800,101700,101795,0.16000000000000003,0
BNZI.US,D,20230201,000000,102400,102400,102400,102400,0.08400000000000002,0
BNZI.US,D,20230202,000000,101900,102100,101900,102099,0.42030000000000006,0
BNZI.US,D,20230206,000000,102200,102200,101999,101999,0.3285,0
BNZI.US,D,20230208,000000,102500,102500,102500,102500,0.05210000000000001,0
BNZI.US,D,20230210,000000,101600,101600,101600,101600,0.054900000000000004,0
BNZI.US,D,20230215,000000,101600,101600,101600,101600,0.07110000000000001,0
BNZI.US,D,20230221,000000,101600,101700,101600,101650,0.38920000000000005,0
BNZI.US,D,20230222,000000,102100,102100,102100,102100,0.015300000000000003,0
BNZI.US,D,20230223,000000,101600,101600,101600,101600,0.0307,0
BNZI.US,D,20230227,000000,102900,102900,102050,102050,0.6645000000000001,0
BNZI.US,D,20230301,000000,102000,102000,102000,102000,0.020200000000000003,0
BNZI.US,D,20230302,000000,103000,103000,103000,103000,0.055999999999999994,0
BNZI.US,D,20230308,000000,102300,102300,102300,102300,0.0201,0
BNZI.US,D,20230309,000000,102500,102700,102500,102700,1.7283000000000002,0
BNZI.US,D,20230310,000000,102900,103057,102800,102800,0.6384000000000001,0
BNZI.US,D,20230313,000000,102994,102994,102994,102994,0.010700000000000001,0
BNZI.US,D,20230314,000000,103500,103500,103500,103500,0.023100000000000002,0
BNZI.US,D,20230315,000000,103500,103500,103300,103300,0.041100000000000005,0
BNZI.US,D,20230320,000000,103500,103500,103500,103500,0.0303,0
BNZI.US,D,20230327,000000,102400,102400,102400,102400,1.706,0
BNZI.US,D,20230329,000000,102800,102800,102800,102800,0.010000000000000002,0
BNZI.US,D,20230331,000000,102800,102800,102800,102800,0.0201,0
BNZI.US,D,20230403,000000,102800,102801,102800,102800,0.2756,0
BNZI.US,D,20230404,000000,102700,103450,102700,103450,0.3607,0
BNZI.US,D,20230405,000000,103499,103500,103499,103499,0.33540000000000003,0
BNZI.US,D,20230411,000000,103500,103500,103450,103450,0.020600000000000004,0
BNZI.US,D,20230412,000000,103400,103400,103100,103100,0.8579000000000001,0
BNZI.US,D,20230419,000000,103300,103300,103300,103300,0.010100000000000001,0
BNZI.US,D,20230420,000000,104000,104100,104000,104050,1.9673000000000003,0
BNZI.US,D,20230421,000000,104100,104100,104050,104050,0.385,0
BNZI.US,D,20230424,000000,104100,104100,104100,104100,0.19840000000000002,0
BNZI.US,D,20230425,000000,104100,104100,104100,104100,0.23070000000000002,0
BNZI.US,D,20230426,000000,104300,104300,104000,104050,0.04070000000000001,0
BNZI.US,D,20230427,000000,104000,104000,104000,104000,0.010100000000000001,0
BNZI.US,D,20230501,000000,104500,104500,104000,104000,1.5148000000000001,0
BNZI.US,D,20230502,000000,104324,104324,104324,104324,0.010700000000000001,0
BNZI.US,D,20230505,000000,106900,106900,106900,106900,0.0252,0
BNZI.US,D,20230508,000000,104900,105000,104899,105000,0.3415,0
BNZI.US,D,20230510,000000,103500,103500,103500,103500,0.013200000000000002,0
BNZI.US,D,20230511,000000,104200,104200,104200,104200,0.15500000000000003,0
BNZI.US,D,20230516,000000,105000,105100,105000,105100,1.2300000000000002,0
BNZI.US,D,20230517,000000,105100,105300,105100,105300,0.9677,0
BNZI.US,D,20230518,000000,105300,105300,105300,105300,0.04000000000000001,0
BNZI.US,D,20230519,000000,105300,105300,105300,105300,0.010000000000000002,0
BNZI.US,D,20230522,000000,105300,105300,105200,105300,0.13570000000000002,0
BNZI.US,D,20230523,000000,105250,105250,105100,105100,2.2767,0
BNZI.US,D,20230531,000000,105100,105100,104500,104600,65.24010000000001,0
BNZI.US,D,20230601,000000,104600,104600,104250,104500,9.204600000000001,0
BNZI.US,D,20230602,000000,104400,104400,104400,104400,3.4300000000000006,0
BNZI.US,D,20230605,000000,104500,104500,104500,104500,1.8884,0
BNZI.US,D,20230606,000000,104699,104699,104699,104699,0.021800000000000003,0
BNZI.US,D,20230612,000000,104500,104700,104500,104600,0.7517,0
BNZI.US,D,20230613,000000,104700,104700,104500,104501,6.472799999999999,0
BNZI.US,D,20230614,000000,103313,104500,93200,102200,0.7619,0
BNZI.US,D,20230615,000000,104500,104500,103400,104200,1.1823000000000001,0
BNZI.US,D,20230616,000000,104300,104600,104150,104350,4.903100000000001,0
BNZI.US,D,20230620,000000,104400,105000,104400,105000,10.389300000000002,0
BNZI.US,D,20230621,000000,105000,105300,105000,105300,0.8315000000000001,0
BNZI.US,D,20230622,000000,105400,111500,105100,105500,165.9045,0
BNZI.US,D,20230623,000000,105000,107000,105000,105500,50.03720000000001,0
BNZI.US,D,20230626,000000,111500,112000,105400,106500,5.856300000000001,0
BNZI.US,D,20230627,000000,105700,105700,105200,105201,86.53960000000001,0
BNZI.US,D,20230628,000000,103700,104500,103250,104000,39.38210000000001,0
BNZI.US,D,20230629,000000,103256,103500,103000,103300,1.4984000000000002,0
BNZI.US,D,20230630,000000,104000,105500,103500,105200,1.3129,0
BNZI.US,D,20230703,000000,105500,105500,105200,105200,0.9388000000000001,0
BNZI.US,D,20230705,000000,105500,105500,104600,105000,4.124700000000001,0
BNZI.US,D,20230706,000000,104700,105000,104700,104800,1.9074000000000002,0
BNZI.US,D,20230707,000000,104900,105000,104900,105000,0.3945000000000001,0
BNZI.US,D,20230710,000000,104800,105335,104800,104800,2.4508000000000005,0
BNZI.US,D,20230711,000000,104500,105200,104500,104900,30.695999999999998,0
BNZI.US,D,20230712,000000,104700,104800,104700,104800,35.042,0
BNZI.US,D,20230713,000000,105050,105300,104800,104900,0.6907000000000001,0
BNZI.US,D,20230714,000000,105404,105404,104800,104800,0.36640000000000006,0
BNZI.US,D,20230717,000000,104800,104800,104800,104800,0.5726,0
BNZI.US,D,20230718,000000,104900,104900,104900,104900,0.3252000000000001,0
BNZI.US,D,20230719,000000,105389,105389,104800,104800,5.102500000000001,0
BNZI.US,D,20230720,000000,104800,104800,104800,104800,0.0128,0
BNZI.US,D,20230724,000000,104800,104800,104600,104700,5.4285000000000005,0
BNZI.US,D,20230725,000000,104800,104800,104700,104700,0.5663,0
BNZI.US,D,20230726,000000,104800,105000,104600,104698,2.2983000000000007,0
BNZI.US,D,20230727,000000,104700,104800,104500,104500,1.3237000000000003,0
BNZI.US,D,20230728,000000,104700,104800,104600,104700,0.0932,0
BNZI.US,D,20230731,000000,104700,104800,104700,104700,0.21390000000000003,0
BNZI.US,D,20230801,000000,104700,104700,104700,104700,0.14670000000000002,0
BNZI.US,D,20230802,000000,104700,104800,104700,104800,0.0613,0
BNZI.US,D,20230803,000000,104750,104850,104750,104850,10.599600000000002,0
BNZI.US,D,20230804,000000,104700,104900,104700,104900,0.06860000000000001,0
BNZI.US,D,20230807,000000,104800,105000,104800,105000,0.5902000000000002,0
BNZI.US,D,20230808,000000,104900,105000,104900,105000,0.9812000000000002,0
BNZI.US,D,20230810,000000,105250,105300,104900,104900,0.28680000000000005,0
BNZI.US,D,20230811,000000,105000,105000,104700,104700,0.22550000000000003,0
BNZI.US,D,20230814,000000,104900,104900,104900,104900,6.433200000000001,0
BNZI.US,D,20230818,000000,104900,104900,104900,104900,0.021400000000000002,0
BNZI.US,D,20230821,000000,104900,105000,104900,105000,0.021200000000000004,0
BNZI.US,D,20230822,000000,105000,105000,105000,105000,0.34040000000000004,0
BNZI.US,D,20230823,000000,105100,105100,105100,105100,5.0273,0
BNZI.US,D,20230824,000000,105100,105100,105100,105100,0.0337,0
BNZI.US,D,20230825,000000,105100,105299,105100,105100,0.04120000000000001,0
BNZI.US,D,20230828,000000,105000,105100,105000,105000,0.1673,0
BNZI.US,D,20230829,000000,105200,105200,105100,105100,0.5060000000000001,0
BNZI.US,D,20230830,000000,105100,105100,104900,104900,0.08230000000000001,0
BNZI.US,D,20230831,000000,105100,105100,104800,104800,0.23329999999999998,0
BNZI.US,D,20230901,000000,105200,105230,104900,104900,0.17020000000000002,0
BNZI.US,D,20230907,000000,105000,105300,105000,105200,0.553,0
BNZI.US,D,20230908,000000,105200,105200,105200,105200,0.5014000000000001,0
BNZI.US,D,20230912,000000,105300,105300,105300,105300,0.04190000000000001,0
BNZI.US,D,20230913,000000,105500,105500,105500,105500,0.7643000000000001,0
BNZI.US,D,20230914,000000,105500,105500,105500,105500,0.0878,0
BNZI.US,D,20230918,000000,105700,105700,105700,105700,0.0388,0
BNZI.US,D,20230919,000000,105500,105500,105500,105500,0.030800000000000008,0
BNZI.US,D,20230920,000000,105700,105700,105700,105700,0.021000000000000005,0
BNZI.US,D,20230921,000000,105700,105700,105650,105700,1.3511000000000004,0
BNZI.US,D,20230922,000000,105900,105900,105606,105800,0.20630000000000004,0
BNZI.US,D,20230925,000000,105700,105700,105600,105650,3.6064000000000003,0
BNZI.US,D,20230926,000000,105700,105700,105600,105600,0.33680000000000004,0
BNZI.US,D,20230928,000000,105800,105800,105700,105700,0.15220000000000003,0
BNZI.US,D,20230929,000000,105800,105800,105700,105700,1.3347000000000002,0
BNZI.US,D,20231002,000000,106000,106000,105700,105700,0.5331,0
BNZI.US,D,20231004,000000,105800,105900,105800,105800,3.4906,0
BNZI.US,D,20231005,000000,106000,106000,105814,106000,0.043800000000000006,0
BNZI.US,D,20231009,000000,105996,105996,105927,105927,0.05980000000000001,0
BNZI.US,D,20231010,000000,106000,106000,106000,106000,0.040100000000000004,0
BNZI.US,D,20231011,000000,105938,106000,105938,105982,0.06000000000000001,0
BNZI.US,D,20231016,000000,105800,106000,105800,106000,0.08820000000000001,0
BNZI.US,D,20231017,000000,105844,105844,105844,105844,0.026900000000000004,0
BNZI.US,D,20231018,000000,106000,106000,106000,106000,0.0606,0
BNZI.US,D,20231020,000000,105900,105900,105900,105900,7.416000000000001,0
BNZI.US,D,20231023,000000,105900,105900,105900,105900,0.0288,0
BNZI.US,D,20231024,000000,106000,106000,105900,105900,0.18050000000000002,0
BNZI.US,D,20231025,000000,105900,106000,105900,106000,0.05160000000000001,0
BNZI.US,D,20231031,000000,105800,105900,105800,105800,0.5361000000000001,0
BNZI.US,D,20231101,000000,106000,106000,106000,106000,0.017400000000000002,0
BNZI.US,D,20231102,000000,106000,106000,106000,106000,6.143400000000001,0
BNZI.US,D,20231103,000000,106100,106100,106000,106000,2.0125,0
BNZI.US,D,20231106,000000,105910,106100,105910,106100,0.034100000000000005,0
BNZI.US,D,20231107,000000,105900,105900,105900,105900,0.6209000000000001,0
BNZI.US,D,20231109,000000,106100,106100,106100,106100,0.03640000000000001,0
BNZI.US,D,20231110,000000,106100,106102,106050,106102,1.2575000000000003,0
BNZI.US,D,20231114,000000,106100,106200,106100,106200,9.6667,0
BNZI.US,D,20231115,000000,106300,106400,106300,106400,2.1774,0
BNZI.US,D,20231116,000000,106500,106500,106500,106500,2.6663,0
BNZI.US,D,20231120,000000,106700,106700,106700,106700,0.0114,0
BNZI.US,D,20231121,000000,106601,106601,106601,106601,0.030800000000000008,0
BNZI.US,D,20231124,000000,106800,106800,106800,106800,1.3425000000000002,0
BNZI.US,D,20231128,000000,106800,107100,106700,107100,3.8634000000000004,0
BNZI.US,D,20231129,000000,107100,107100,106900,106900,0.4547,0
BNZI.US,D,20231130,000000,106800,107094,106800,107094,0.27,0
BNZI.US,D,20231201,000000,102600,111350,102600,106500,0.3173,0
BNZI.US,D,20231204,000000,110300,111700,107500,107600,0.44070000000000004,0
BNZI.US,D,20231205,000000,108000,113894,104500,107900,0.5300000000000001,0
BNZI.US,D,20231207,000000,96900,96900,90000,95900,0.1499,0
BNZI.US,D,20231208,000000,109000,116700,109000,113900,0.4079,0
BNZI.US,D,20231211,000000,113900,131987,109500,109994,0.46680000000000005,0
BNZI.US,D,20231212,000000,110200,110200,105000,105000,2.5061000000000004,0
BNZI.US,D,20231213,000000,105000,110100,97500,108800,4.524500000000001,0
BNZI.US,D,20231214,000000,119900,165700,105000,109600,2.8284000000000002,0
BNZI.US,D,20231215,000000,75000,81400,59000,64900,8.17,0
BNZI.US,D,20231218,000000,70000,72000,55600,61300,46.1565,0
BNZI.US,D,20231219,000000,50000,63200,45000,46650,11.7209,0
BNZI.US,D,20231220,000000,41900,44472,31900,37800,8.337900000000001,0
BNZI.US,D,20231221,000000,32700,43500,32700,36000,31.389400000000002,0
BNZI.US,D,20231222,000000,36300,38800,33500,34700,20.293900000000004,0
BNZI.US,D,20231226,000000,33500,33500,23400,26350,24.123900000000003,0
BNZI.US,D,20231227,000000,27100,27300,21100,21700,32.147000000000006,0
BNZI.US,D,20231228,000000,22000,23400,20500,21600,20.9124,0
BNZI.US,D,20231229,000000,20300,22100,18500,18800,24.115100000000005,0
BNZI.US,D,20240102,000000,19500,20000,15800,16000,13.391500000000002,0
BNZI.US,D,20240103,000000,16000,22400,14600,16500,158.3985,0
BNZI.US,D,20240104,000000,14700,17600,14700,16600,30.076100000000004,0
BNZI.US,D,20240105,000000,30700,35500,23300,25700,7209.688700000001,0
BNZI.US,D,20240108,000000,22000,22900,19300,21200,104.21790000000001,0
BNZI.US,D,20240109,000000,19700,21300,18300,19900,40.51010000000001,0
BNZI.US,D,20240110,000000,20000,20500,17600,19600,25.373400000000004,0
BNZI.US,D,20240111,000000,20000,23900,18700,22700,84.87790000000001,0
BNZI.US,D,20240112,000000,22100,23400,20300,20401,18.187300000000004,0
BNZI.US,D,20240116,000000,21400,21400,18600,19200,16.4783,0
BNZI.US,D,20240117,000000,18600,18600,16200,16500,14.681800000000003,0
BNZI.US,D,20240118,000000,16300,18400,15500,17100,69.1323,0
BNZI.US,D,20240119,000000,17100,18032,15800,16100,41.446200000000005,0
BNZI.US,D,20240122,000000,16900,16900,16000,16200,11.8107,0
BNZI.US,D,20240123,000000,15800,16699,15500,15700,4.8009,0
BNZI.US,D,20240124,000000,15900,16300,15500,15800,6.8581,0
BNZI.US,D,20240125,000000,16500,16500,15600,16100,6.085100000000001,0
BNZI.US,D,20240126,000000,15900,16400,15500,15780,4.985400000000001,0
BNZI.US,D,20240129,000000,16100,16397,15660,16000,2.8765,0
BNZI.US,D,20240130,000000,17000,17105,15781,16200,6.219100000000001,0
BNZI.US,D,20240131,000000,15701,16514,15701,16000,2.0002000000000004,0
BNZI.US,D,20240201,000000,16100,16700,15701,15800,11.4099,0
BNZI.US,D,20240202,000000,16500,16700,15500,15600,15.5501,0
BNZI.US,D,20240205,000000,15500,16100,15500,15520,3.6535000000000006,0
BNZI.US,D,20240206,000000,15100,16000,14342,14600,9.4153,0
BNZI.US,D,20240207,000000,14600,15000,14600,14621,2.0103000000000004,0
BNZI.US,D,20240208,000000,15000,15999,14400,14500,7.2175,0
BNZI.US,D,20240209,000000,14700,14911,14000,14500,6.453700000000001,0
BNZI.US,D,20240212,000000,15200,15200,14100,14699,5.426000000000001,0
BNZI.US,D,20240213,000000,14300,15100,13174,14000,7.3768,0
BNZI.US,D,20240214,000000,14100,14100,13300,13400,3.8745000000000007,0
BNZI.US,D,20240215,000000,13300,14229,13197,13228,2.8874000000000004,0
BNZI.US,D,20240216,000000,13300,13532,12700,12700,2.0607,0
BNZI.US,D,20240220,000000,13300,13300,9700,9700,19.4221,0
BNZI.US,D,20240221,000000,9200,9610,7600,8300,21.587900000000005,0
BNZI.US,D,20240222,000000,8700,10300,8100,9841,59.179100000000005,0
BNZI.US,D,20240223,000000,8985,9242,7650,8000,25.328100000000003,0
BNZI.US,D,20240226,000000,7500,8000,7300,7510,115.5344,0
BNZI.US,D,20240227,000000,7277,7491,6720,6880,26.494,0
BNZI.US,D,20240228,000000,7015,7400,6800,7290,16.4449,0
BNZI.US,D,20240229,000000,7180,7500,6800,7210,14.1785,0
BNZI.US,D,20240301,000000,7720,7720,7010,7110,9.326300000000002,0
BNZI.US,D,20240304,000000,7268,7400,7000,7000,10.984700000000002,0
BNZI.US,D,20240305,000000,7242,8500,7125,8110,43.9107,0
BNZI.US,D,20240306,000000,8700,9500,7600,7890,165.30180000000001,0
BNZI.US,D,20240307,000000,8100,8300,7001,7450,78.31120000000001,0
BNZI.US,D,20240308,000000,7236,8000,7207,7410,126.6097,0
BNZI.US,D,20240311,000000,7400,7500,6515,6960,125.27920000000002,0
BNZI.US,D,20240312,000000,7170,7998,6800,6900,101.97710000000001,0
BNZI.US,D,20240313,000000,6700,7600,6055,6900,100.6232,0
BNZI.US,D,20240314,000000,6700,7499,6558,6990,92.0335,0
BNZI.US,D,20240315,000000,6801,7200,6230,6618,70.2502,0
BNZI.US,D,20240318,000000,6513,6600,5901,6240,51.9837,0
BNZI.US,D,20240319,000000,6175,6250,5911.1,6164,61.12330000000001,0
BNZI.US,D,20240320,000000,6120,6792,5971,6575,140.6869,0
BNZI.US,D,20240321,000000,7407,7500,6170,6690,109.41900000000001,0
BNZI.US,D,20240322,000000,6757,6900,6129,6300,38.0444,0
BNZI.US,D,20240325,000000,5972,6030,5624,5830,58.51570000000001,0
BNZI.US,D,20240326,000000,5687,6500,5680,6200,29.175,0
BNZI.US,D,20240327,000000,6145,6400,5800,6100,11.421500000000002,0
BNZI.US,D,20240328,000000,6290,6410,5920.6,6110,20.628600000000006,0
BNZI.US,D,20240401,000000,6110,6110,5200,5390,75.44510000000001,0
BNZI.US,D,20240402,000000,5370,5458.48,4593,5050,48.516200000000005,0
BNZI.US,D,20240403,000000,4899,4950,4650,4774.48,14.650300000000001,0
BNZI.US,D,20240404,000000,4800,5500,4774,5090,23.056700000000003,0
BNZI.US,D,20240405,000000,5199,5199,4700,5099,9.5756,0
BNZI.US,D,20240408,000000,5223,5459,4901,5103,15.9034,0
BNZI.US,D,20240409,000000,5290,5290,5000,5090,8.844500000000002,0
BNZI.US,D,20240410,000000,5000,5090,4808,4999,11.9829,0
BNZI.US,D,20240411,000000,4849,4900,4621,4681,8.744900000000001,0
BNZI.US,D,20240412,000000,4660,4800,4212,4373,38.6197,0
BNZI.US,D,20240415,000000,4397,4397,3800,3950,16.431,0
BNZI.US,D,20240416,000000,3990,3999,3601,3765,16.2698,0
BNZI.US,D,20240417,000000,3900,4000,3700,3890,13.182400000000001,0
BNZI.US,D,20240418,000000,3880,4000,3641,3700,17.242600000000003,0
BNZI.US,D,20240419,000000,3651,3989,3511,3656,9.31,0
BNZI.US,D,20240422,000000,3740,3988,3600,3650,28.493800000000007,0
BNZI.US,D,20240423,000000,3417,3500,3060,3470,98.8966,0
BNZI.US,D,20240424,000000,3366,3500,3133,3297,15.706800000000001,0
BNZI.US,D,20240425,000000,3202,3600,3202,3500,18.618000000000002,0
BNZI.US,D,20240426,000000,3500,3595,3300,3572,25.9772,0
BNZI.US,D,20240429,000000,3581,4100,3312,3866,32.752900000000004,0
BNZI.US,D,20240430,000000,3778,3980,3550,3980,11.009000000000002,0
BNZI.US,D,20240501,000000,3722,3951,3500,3930,21.1952,0
BNZI.US,D,20240502,000000,3798,3799,3600,3686.52,36.3706,0
BNZI.US,D,20240503,000000,3860,3860,3312,3405,23.065900000000003,0
BNZI.US,D,20240506,000000,3380,3494,3150,3212,19.7236,0
BNZI.US,D,20240507,000000,3116,3299,3080,3093,6.529000000000001,0
BNZI.US,D,20240508,000000,3190,3223,2900,3012,23.423400000000004,0
BNZI.US,D,20240509,000000,3170,3290,3000,3112,9.025,0
BNZI.US,D,20240510,000000,3074.48,3591,2850,3360,39.4962,0
BNZI.US,D,20240513,000000,3300,3591,3000,3140,48.69180000000001,0
BNZI.US,D,20240514,000000,3150,3286,2919,2930,53.9362,0
BNZI.US,D,20240515,000000,3050,3250,2900,3180,31.012800000000006,0
BNZI.US,D,20240516,000000,3200,3390,3110,3160,13.303600000000001,0
BNZI.US,D,20240517,000000,3340,3340,3044,3092,24.540300000000002,0
BNZI.US,D,20240520,000000,3290,3290,2950,2994,12.579200000000002,0
BNZI.US,D,20240521,000000,3026,3125,2601,2602,52.3145,0
BNZI.US,D,20240522,000000,2670,2895,2301,2302,226.12080000000003,0
BNZI.US,D,20240523,000000,2220,2220,1622,1695,683.1918000000001,0
BNZI.US,D,20240524,000000,1810,2400,1650,1915,616.7117000000001,0
BNZI.US,D,20240528,000000,1934,2198,1696,1752,1958.6602,0
BNZI.US,D,20240529,000000,2065,2393,1850,2130,7615.973900000001,0
BNZI.US,D,20240530,000000,2130,2150,1920,1979,985.914,0
BNZI.US,D,20240531,000000,2093,2250,1910,2063,1425.786,0
BNZI.US,D,20240603,000000,2000,2078,1880,1902,709.4221000000002,0
BNZI.US,D,20240604,000000,2180,2290,1910,2190,2442.6150000000002,0
BNZI.US,D,20240605,000000,1970,2036,1814,1931,765.5283000000001,0
BNZI.US,D,20240606,000000,1980,1980,1661,1717,677.7624000000001,0
BNZI.US,D,20240607,000000,1700,2050,1700,1811,1151.8744000000002,0
BNZI.US,D,20240610,000000,1755,1800,1660,1760,210.70840000000004,0
BNZI.US,D,20240611,000000,1925,1949.99,1800,1910,477.04510000000005,0
BNZI.US,D,20240612,000000,1900,1900,1740,1804,254.42990000000006,0
BNZI.US,D,20240613,000000,1809,1870,1660,1835,198.96050000000002,0
BNZI.US,D,20240614,000000,1780,1850,1705,1720,76.42660000000001,0
BNZI.US,D,20240617,000000,1720,1760,1681,1681,136.8691,0
BNZI.US,D,20240618,000000,1800,1900,1750,1850,826.5168,0
BNZI.US,D,20240620,000000,1850,1850,1708,1790,270.40680000000003,0
BNZI.US,D,20240621,000000,1769,1790,1675,1790,105.64570000000002,0
BNZI.US,D,20240624,000000,1690,1779,1673,1724,102.5214,0
BNZI.US,D,20240625,000000,1701,1789,1701,1707,70.384,0
BNZI.US,D,20240626,000000,1729,1880,1661,1740,235.1082,0
BNZI.US,D,20240627,000000,1755,1790,1708,1752,123.47920000000002,0
BNZI.US,D,20240628,000000,1660,1749,1653,1700,66.63390000000001,0
BNZI.US,D,20240701,000000,1699,1718,1461,1507,189.0694,0
BNZI.US,D,20240702,000000,1560,1580,1460,1534,74.9903,0
BNZI.US,D,20240703,000000,1533,1663,1530,1630,58.037400000000005,0
BNZI.US,D,20240705,000000,1581,1629,1538,1585,54.5692,0
BNZI.US,D,20240708,000000,1560,1600,1490,1519,105.5982,0
BNZI.US,D,20240709,000000,1500,1515,1460,1480,77.85020000000002,0
BNZI.US,D,20240710,000000,1479,1600,1461,1551,101.9402,0
BNZI.US,D,20240711,000000,1550,1550,1501,1540,83.90230000000001,0
BNZI.US,D,20240712,000000,1528,1680,1505,1650,163.31320000000002,0
BNZI.US,D,20240715,000000,1649,1700,1556,1630,67.60000000000001,0
BNZI.US,D,20240716,000000,1629,1663,1556,1628,91.1508,0
BNZI.US,D,20240717,000000,1627,1649,1558,1600,48.11330000000001,0
BNZI.US,D,20240718,000000,1593,1633,1505,1540,77.48140000000001,0
BNZI.US,D,20240719,000000,1530,1547,1410,1413,70.8557,0
BNZI.US,D,20240722,000000,1468,1508,1410,1441,71.32620000000001,0
BNZI.US,D,20240723,000000,1504,1600,1454,1538,358.8852,0
BNZI.US,D,20240724,000000,1476,1549,1476,1524,98.32560000000001,0
BNZI.US,D,20240725,000000,1615,1718,1569,1642,241.55169999999998,0
BNZI.US,D,20240726,000000,1590,1780,1575,1665,209.8341,0
BNZI.US,D,20240729,000000,1615,1679,1552,1573.99,51.966300000000004,0
BNZI.US,D,20240730,000000,1562,1580,1440,1441,106.7335,0
BNZI.US,D,20240731,000000,1410,1410,1156,1280,245.55310000000006,0
BNZI.US,D,20240801,000000,1287,1350,1233,1274,54.15640000000001,0
BNZI.US,D,20240802,000000,1260,1265.5,1065,1101,150.64600000000002,0
BNZI.US,D,20240805,000000,1070,1070,881,981,128.566,0
BNZI.US,D,20240806,000000,1052,1420,1052,1129,894.7275,0
BNZI.US,D,20240807,000000,1100,1257,1021,1185,486.99060000000003,0
BNZI.US,D,20240808,000000,1200,1340,1200,1299.99,393.9698000000001,0
BNZI.US,D,20240809,000000,1300,1322,1150,1228,114.9139,0
BNZI.US,D,20240812,000000,1191,1191,1105,1127,88.68790000000001,0
BNZI.US,D,20240813,000000,1030,1320,1030,1210,129.4121,0
BNZI.US,D,20240814,000000,1200,1210,1111,1183,48.0399,0
BNZI.US,D,20240815,000000,1148,1210,1125,1159,62.57050000000001,0
BNZI.US,D,20240816,000000,1152,1187,1100,1115,48.355700000000006,0
BNZI.US,D,20240819,000000,1220,1220,1105,1150,50.35560000000001,0
BNZI.US,D,20240820,000000,1164,1240,1141,1172,75.8525,0
BNZI.US,D,20240821,000000,1195,1290,1140,1234,135.66310000000001,0
BNZI.US,D,20240822,000000,1250,1440,1213,1305,304.4119,0
BNZI.US,D,20240823,000000,1300,1370,1193,1210,104.87380000000002,0
BNZI.US,D,20240826,000000,1256,1282,1185,1200,57.5294,0
BNZI.US,D,20240827,000000,1204,1257,1014,1099,161.211,0
BNZI.US,D,20240828,000000,1273,1278,920,947,3048.8598,0
BNZI.US,D,20240829,000000,980,980,850,889,208.64990000000003,0
BNZI.US,D,20240830,000000,893,898,822,846,107.83050000000001,0
BNZI.US,D,20240903,000000,900,900,824,860,130.47240000000002,0
BNZI.US,D,20240904,000000,860,881,850,856,94.32870000000003,0
BNZI.US,D,20240905,000000,830,850,830,840,35.31130000000001,0
BNZI.US,D,20240906,000000,840,840,800,804,81.406,0
BNZI.US,D,20240909,000000,840,840,745,791,62.39300000000001,0
BNZI.US,D,20240910,000000,791,892,774,842,82.00470000000001,0
BNZI.US,D,20240911,000000,880,880,750,819,58.1366,0
BNZI.US,D,20240912,000000,820,820,760,776,60.1203,0
BNZI.US,D,20240913,000000,770,820,770,799,82.37420000000002,0
BNZI.US,D,20240916,000000,838,838,721,730,61.649,0
BNZI.US,D,20240917,000000,740,800,651,745,384.21610000000004,0
BNZI.US,D,20240918,000000,750,895,670,700,857.4499000000002,0
BNZI.US,D,20240919,000000,604,644,484,576,3042.4900000000002,0
BNZI.US,D,20240920,000000,1020,1500,942,1138,306928.675,0
BNZI.US,D,20240923,000000,988,1053.98,802,840,7711.22,0
BNZI.US,D,20240924,000000,1342,2240,1230,1648,311863.27,0
BNZI.US,D,20240925,000000,1068,1300,1006,1200,14075.695000000002,0
BNZI.US,D,20240926,000000,1162,1280,1106.02,1216,4712.705000000001,0
BNZI.US,D,20240927,000000,1230,1353.62,1100,1146,3538.285,0
BNZI.US,D,20240930,000000,1120,1120,980.1,994,1315.13,0
BNZI.US,D,20241001,000000,936,968,870,936,1704.8950000000002,0
BNZI.US,D,20241002,000000,1008,1008,870,956,4860.3550000000005,0
BNZI.US,D,20241003,000000,963.04,963.04,828,834,1157.6100000000001,0
BNZI.US,D,20241004,000000,810,829.98,678,712,1498.2700000000002,0
BNZI.US,D,20241007,000000,688,702.8,598,612,812.1700000000001,0
BNZI.US,D,20241008,000000,596,620,534,552,1042.085,0
BNZI.US,D,20241009,000000,1200,1378,848,1004,185498.77500000002,0
BNZI.US,D,20241010,000000,994,1038,910,1018,6433.990000000001,0
BNZI.US,D,20241011,000000,940,1010,844,886,1929.105,0
BNZI.US,D,20241014,000000,850,868,712,740,1761.9250000000002,0
BNZI.US,D,20241015,000000,1038,1038,682.16,732,57667.30500000001,0
BNZI.US,D,20241016,000000,734,740,668,670,3433.035,0
BNZI.US,D,20241017,000000,708,730,642,670,5542.205000000001,0
BNZI.US,D,20241018,000000,660,690,644,662,997.1150000000002,0
BNZI.US,D,20241021,000000,666,680,638,652,1087.9450000000002,0
BNZI.US,D,20241022,000000,614,760,578,604,5187.460000000001,0
BNZI.US,D,20241023,000000,606,606,570,586,1372.9950000000001,0
BNZI.US,D,20241024,000000,574,592,559,576,949.2050000000002,0
BNZI.US,D,20241025,000000,574,598,556,576,731.21,0
BNZI.US,D,20241028,000000,562,577.96,530,548,1095.1050000000002,0
BNZI.US,D,20241029,000000,536,536,490,496,1262.3400000000001,0
BNZI.US,D,20241030,000000,490,528,490,516,937.44,0
BNZI.US,D,20241031,000000,506,508,456,488,983.6200000000001,0
BNZI.US,D,20241101,000000,476,498.58,462,488,378.095,0
BNZI.US,D,20241104,000000,484,500,446,450,656.5900000000001,0
BNZI.US,D,20241105,000000,450,460,420,428,722.4450000000002,0
BNZI.US,D,20241106,000000,430,436,382,386,858.6700000000001,0
BNZI.US,D,20241107,000000,480,499.98,332,408,88949.48000000001,0
BNZI.US,D,20241108,000000,376,426,376,412,3462.4,0
BNZI.US,D,20241111,000000,404,411.02,379.3,406,1573.4,0
BNZI.US,D,20241112,000000,396,396,380,388,966.8000000000001,0
BNZI.US,D,20241113,000000,380,383.88,344.02,350,1384.6650000000002,0
BNZI.US,D,20241114,000000,336,388,336,388,1300.6400000000003,0
BNZI.US,D,20241115,000000,360,360,340,346,1059.7400000000002,0
BNZI.US,D,20241118,000000,318,328,312,314,807.0900000000001,0
BNZI.US,D,20241119,000000,314,364,314,340,1745.9,0
BNZI.US,D,20241120,000000,322,339.74,298,308,1301.7700000000002,0
BNZI.US,D,20241121,000000,306,312,292.02,310,880.5500000000001,0
BNZI.US,D,20241122,000000,302,316,290,309,895.6,0
BNZI.US,D,20241125,000000,310,319.06,300,308,368.31500000000005,0
BNZI.US,D,20241126,000000,302,314,259,260,2165.025,0
BNZI.US,D,20241127,000000,262,298,262,294,1816.905,0
BNZI.US,D,20241129,000000,290,316,290,304,571.6,0
BNZI.US,D,20241202,000000,314,318,284.1,294,842.9450000000002,0
BNZI.US,D,20241203,000000,292,300,278,286,788.4350000000001,0
BNZI.US,D,20241204,000000,286,293.98,261.8,288,2930.925,0
BNZI.US,D,20241205,000000,276,286,272.028,282,525.7650000000001,0
BNZI.US,D,20241206,000000,272,280,270,274,559.5,0
BNZI.US,D,20241209,000000,282,284,272.02,278,287.665,0
BNZI.US,D,20241210,000000,422,532,334.06,410,272299.58,0
BNZI.US,D,20241211,000000,394,394,320,362,6730.725,0
BNZI.US,D,20241212,000000,342,362,316,316,3126.965,0
BNZI.US,D,20241213,000000,300,309,278,294,1918.955,0
BNZI.US,D,20241216,000000,290,293,284,286,783.1100000000001,0
BNZI.US,D,20241217,000000,286,286,268,274,1200.795,0
BNZI.US,D,20241218,000000,290,362,284,328,8175.395000000001,0
BNZI.US,D,20241219,000000,328,350,302,324,4566.395,0
BNZI.US,D,20241220,000000,328,370,326,342,20500.870000000003,0
BNZI.US,D,20241223,000000,358,360,315,330,4102.925,0
BNZI.US,D,20241224,000000,322,329,310,328,907.3050000000002,0
BNZI.US,D,20241226,000000,338,360,336,358,2778.9050000000007,0
BNZI.US,D,20241227,000000,368,368,320,346,1953.1350000000002,0
BNZI.US,D,20241230,000000,340,348,322,336,1386.7900000000002,0
BNZI.US,D,20241231,000000,338,342,303,306,1847.2900000000002,0
BNZI.US,D,20250102,000000,310,314,292,310,1646.42,0
BNZI.US,D,20250103,000000,320,321,298,318,2279.3900000000003,0
BNZI.US,D,20250106,000000,316,352,316,346,3958.3600000000006,0
BNZI.US,D,20250107,000000,350,364,304,316,3055.195,0
BNZI.US,D,20250108,000000,334,338,300,308,5636.0650000000005,0
BNZI.US,D,20250110,000000,306,317,276.32,308,2503.945,0
BNZI.US,D,20250113,000000,298,302,280,290,1121.38,0
BNZI.US,D,20250114,000000,286,287.98,270,274,1451.3150000000003,0
BNZI.US,D,20250115,000000,274,280,258,270,1386.63,0
BNZI.US,D,20250116,000000,270,272,242,262,1321.0400000000002,0
BNZI.US,D,20250117,000000,264,305,262,292,4612.895,0
BNZI.US,D,20250121,000000,288,300,280,294,1307.8550000000002,0
BNZI.US,D,20250122,000000,300,346.2,296,330,4680.320000000001,0
BNZI.US,D,20250123,000000,314,334,302,322,12489.79,0
BNZI.US,D,20250124,000000,318,318,286,290,3723.5800000000004,0
BNZI.US,D,20250127,000000,320,328,270,276,20982.845,0
BNZI.US,D,20250128,000000,274,278,248,250,3715.5550000000003,0
BNZI.US,D,20250129,000000,296,408,280,386,151340.66,0
BNZI.US,D,20250130,000000,472,540,404,448,205851.825,0
BNZI.US,D,20250131,000000,418,434,349.8,370,12547.6,0
BNZI.US,D,20250203,000000,356,356,314,350,5138.345000000001,0
BNZI.US,D,20250204,000000,350,362,310,332,6427.225,0
BNZI.US,D,20250205,000000,332,351,320,346,5091.870000000001,0
BNZI.US,D,20250206,000000,350,350,320,330,3299.9050000000007,0
BNZI.US,D,20250207,000000,330,330,296,302,3759.7650000000003,0
BNZI.US,D,20250210,000000,306,332,304,330,2616.0550000000003,0
BNZI.US,D,20250211,000000,346,356,320,332,4141.895,0
BNZI.US,D,20250212,000000,334,338,302,312,3735.8550000000005,0
BNZI.US,D,20250213,000000,323,347,304,326,9724.87,0
BNZI.US,D,20250214,000000,328,340,314,328,5522.9400000000005,0
BNZI.US,D,20250218,000000,332,341.92,296,306,3698.5950000000007,0
BNZI.US,D,20250219,000000,308,308,290,292,3414.3300000000004,0
BNZI.US,D,20250220,000000,290,299.82,284,294,1623.7200000000003,0
BNZI.US,D,20250221,000000,298,310,294,306,2905.1850000000004,0
BNZI.US,D,20250224,000000,320,338,312,324,6461.645,0
BNZI.US,D,20250225,000000,320,330,284.92,294,5723.295000000001,0
BNZI.US,D,20250226,000000,302,308,282,286,7144.910000000001,0
BNZI.US,D,20250227,000000,284,288,240,254,6525.385000000001,0
BNZI.US,D,20250228,000000,246,290,240,288,4206.865000000001,0
BNZI.US,D,20250303,000000,284,284,250,252,1987.3850000000002,0
BNZI.US,D,20250304,000000,252,268,248,262,3596.4450000000006,0
BNZI.US,D,20250305,000000,258,260,245,258,3116.2050000000004,0
BNZI.US,D,20250306,000000,254,258,230,230,3717.84,0
BNZI.US,D,20250307,000000,238,238,228,234,1206.7350000000001,0
BNZI.US,D,20250310,000000,234,236,204,206,2339.2300000000005,0
BNZI.US,D,20250311,000000,204,204,146.92,180.96,3843.685,0
BNZI.US,D,20250312,000000,186.02,197,152,187.76,8553.165,0
BNZI.US,D,20250313,000000,182,187.6,160,172.6,1594.9950000000001,0
BNZI.US,D,20250314,000000,179.8,230,174,224,7021.330000000001,0
BNZI.US,D,20250317,000000,224,228,200,218,2142.525,0
BNZI.US,D,20250318,000000,225,300,222.88,252,26689.600000000002,0
BNZI.US,D,20250319,000000,258,264,230,238,3671.5700000000006,0
BNZI.US,D,20250320,000000,230,232,210,214,2436.6850000000004,0
BNZI.US,D,20250321,000000,212,212,196,196,3787.465,0
BNZI.US,D,20250324,000000,206,218,201,218,3788.84,0
BNZI.US,D,20250325,000000,220,220,200,206,2470.9500000000003,0
BNZI.US,D,20250326,000000,226,302,220.52,260,46227.075000000004,0
BNZI.US,D,20250327,000000,254,285,236,242,11791.68,0
BNZI.US,D,20250328,000000,240,250,222,236,3790.16,0
BNZI.US,D,20250331,000000,226,231.82,215.46,224,1970.4100000000003,0
BNZI.US,D,20250401,000000,222,234,216,222,4404.370000000001,0
BNZI.US,D,20250402,000000,220,222,204,214,2512.1100000000006,0
BNZI.US,D,20250403,000000,200,208,200,202,1877.4700000000003,0
BNZI.US,D,20250404,000000,196,206,180,202,2418.1150000000002,0
BNZI.US,D,20250407,000000,202,213.92,194,202,3340.7900000000004,0
BNZI.US,D,20250408,000000,199.72,207,192.04,198,1755.045,0
BNZI.US,D,20250409,000000,198.54,212,192,206,1983.2350000000004,0
BNZI.US,D,20250410,000000,210,212,196.1,204,1902.955,0
BNZI.US,D,20250411,000000,206,208,196.16,206,2141.9100000000003,0
BNZI.US,D,20250414,000000,206,236,204,210,2388.19,0
BNZI.US,D,20250415,000000,206,244,206,244,9383.820000000002,0
BNZI.US,D,20250416,000000,244,250,202,212,6966.455000000001,0
BNZI.US,D,20250417,000000,206,213.98,202,211.24,4895.210000000001,0
BNZI.US,D,20250421,000000,212,212,184,199,3072.9350000000004,0
BNZI.US,D,20250422,000000,208,210,196,204,2286.9,0
BNZI.US,D,20250423,000000,208,208,195,200,3131.6000000000004,0
BNZI.US,D,20250424,000000,202,213.48,201.284,206,4340.150000000001,0
BNZI.US,D,20250425,000000,206,206.44,196.22,200,2059.77,0
BNZI.US,D,20250428,000000,202,226,200,216,11471.880000000001,0
BNZI.US,D,20250429,000000,216,223,210,218,4267.335000000001,0
BNZI.US,D,20250430,000000,208,215.6,207.52,212,1595.38,0
BNZI.US,D,20250501,000000,212,214,206,210,2556.1000000000004,0
BNZI.US,D,20250502,000000,207,214,206,212,3208.9050000000007,0
BNZI.US,D,20250505,000000,212,219.72,210,216,4782.7,0
BNZI.US,D,20250506,000000,210,218,207,212,3248.0350000000003,0
BNZI.US,D,20250507,000000,212,232,196,197.8,10284.690000000002,0
BNZI.US,D,20250508,000000,200,205.32,198.04,204,2491.425,0
BNZI.US,D,20250509,000000,204,209.48,197.96,199.52,1752.0950000000003,0
BNZI.US,D,20250512,000000,202,206,196.06,204,4191.7300000000005,0
BNZI.US,D,20250513,000000,200,206,199.01,199.86,2358.175,0
BNZI.US,D,20250514,000000,199.24,213.32,199.24,202,2971.1400000000003,0
BNZI.US,D,20250515,000000,199.4,204,194,196,3681.75,0
BNZI.US,D,20250516,000000,194,194,164.58,174.56,9530,0
BNZI.US,D,20250519,000000,174,184.36,172.02,176.02,3240.65,0
BNZI.US,D,20250520,000000,179.02,192.86,166,192.06,4023.4400000000005,0
BNZI.US,D,20250521,000000,195.5,216,193,212,7791.530000000001,0
BNZI.US,D,20250522,000000,212,224,206,210,4660.210000000001,0
BNZI.US,D,20250523,000000,206,218.02,203,216,1996.6450000000002,0
BNZI.US,D,20250527,000000,216,216.02,204,208,1810.4250000000002,0
BNZI.US,D,20250528,000000,206,212,198,199.5,1788.5200000000002,0
BNZI.US,D,20250529,000000,198.86,202,194.7,197.9,1640.1750000000002,0
BNZI.US,D,20250530,000000,198,202,194.8,195.1,1173.045,0
BNZI.US,D,20250602,000000,193.6,196,183.02,192.62,1781.1200000000001,0
BNZI.US,D,20250603,000000,195,195.72,190,191.24,965.3050000000002,0
BNZI.US,D,20250604,000000,189.92,197.7,189,196.68,1191.17,0
BNZI.US,D,20250605,000000,196.32,204,190.62,192.74,969.94,0
BNZI.US,D,20250606,000000,184.02,188,172.46,176.96,3747.585,0
BNZI.US,D,20250609,000000,180,185.74,172.52,173.7,4000.370000000001,0
BNZI.US,D,20250610,000000,189.46,194,174.7,179.6,13982.970000000001,0
BNZI.US,D,20250611,000000,183.32,184.8,168,172.6,7892.380000000001,0
BNZI.US,D,20250612,000000,168.96,169.02,125.02,135.12,15455.645000000002,0
BNZI.US,D,20250613,000000,130,131.98,114,116.4,6744.955000000001,0
BNZI.US,D,20250616,000000,126.4,208,117.1,122.2,266364.55500000005,0
BNZI.US,D,20250617,000000,125.36,138.76,122.78,130,18893.855000000003,0
BNZI.US,D,20250618,000000,134,136.8,128,129.98,6542.34,0
BNZI.US,D,20250620,000000,135,147.96,134,138.26,8765.685000000001,0
BNZI.US,D,20250623,000000,136,147.52,130.8,136.6,10170.230000000001,0
BNZI.US,D,20250624,000000,136,142,123.66,123.66,8770.245,0
BNZI.US,D,20250625,000000,127,128.3,116,118.32,7906.810000000001,0
BNZI.US,D,20250626,000000,116.8,118.82,114,117.48,4002.685000000001,0
BNZI.US,D,20250627,000000,116.8,120,113,114,6363.285000000001,0
BNZI.US,D,20250630,000000,114,121.96,108,117.84,5546.695000000001,0
BNZI.US,D,20250701,000000,120.02,130,117.8,130,6674.295,0
BNZI.US,D,20250702,000000,134.06,138,124.24,128.94,7600.045,0
BNZI.US,D,20250703,000000,123,130,116,122.82,4784.895,0
BNZI.US,D,20250707,000000,118,118,110,116.02,8880.33,0
BNZI.US,D,20250708,000000,107.4,116.8,82.2,92.8,28719.350000000002,0
BNZI.US,D,20250709,000000,95.5,99.8,85.6,88.4,22162.45,0
BNZI.US,D,20250710,000000,87.8,88.7,78.602,81.4,20071.7,0
BNZI.US,D,20250711,000000,81.4,85.6,80.6,83.6,18958.350000000002,0
BNZI.US,D,20250714,000000,82.6,84,76,77.4,16551.8,0
BNZI.US,D,20250715,000000,77,79,72,75,10478.75,0
BNZI.US,D,20250716,000000,74.4,76.4,70.202,72.2,14981.6,0
BNZI.US,D,20250717,000000,74.6,79.2,71.302,77.4,23348.9,0
BNZI.US,D,20250718,000000,77.4,80.4,75,77.6,11754.1,0
BNZI.US,D,20250721,000000,78.8,81.6,76.032,81,10626.1,0
BNZI.US,D,20250722,000000,81.4,81.4,75.8,75.8,11268.45,0
BNZI.US,D,20250723,000000,81,88.7003,78.8,82,40063,0
BNZI.US,D,20250724,000000,80.8,80.968,77,78.6,10318.75,0
BNZI.US,D,20250725,000000,80.8,80.998,76.2,77.4,12547.1,0
BNZI.US,D,20250728,000000,77.2,77.2,63.6,64.2,26036.7,0
BNZI.US,D,20250729,000000,64.2,64.78,53,59.8,20969.7,0
BNZI.US,D,20250730,000000,60,64.998,60,62.2,7837.6,0
BNZI.US,D,20250731,000000,62.8,62.8,57,57.8,10110.7,0
BNZI.US,D,20250801,000000,59.4,72.4,59.2,72,31314.050000000003,0
BNZI.US,D,20250804,000000,76.8,86,72.6,75.8,32406.45,0
BNZI.US,D,20250805,000000,73,76.398,63,64,17083.15,0
BNZI.US,D,20250806,000000,63.4,66.354,63.2,64.8,5602.150000000001,0
BNZI.US,D,20250807,000000,67,67,60.6,61.2,9153.300000000001,0
BNZI.US,D,20250808,000000,63.8,85.598,63.402,81.8,57869.850000000006,0
BNZI.US,D,20250811,000000,81.8,84.6,70.402,72.8,25791.95,0
BNZI.US,D,20250812,000000,75,84,70.4,81,26522.100000000002,0
BNZI.US,D,20250813,000000,84,84,76,78,15656.150000000001,0
BNZI.US,D,20250814,000000,77,84.6,77,80,19249.95,0
BNZI.US,D,20250815,000000,80.4,81.998,72,73.8,14243,0
BNZI.US,D,20250818,000000,74.8,75,64,66,22604.75,0
BNZI.US,D,20250819,000000,66.2,66.618,59.9,60.8,14064.2,0
BNZI.US,D,20250820,000000,62,62.002,56.2,58.8,15246.95,0
BNZI.US,D,20250821,000000,56.6,60.2,56.6,60.2,6046.650000000001,0
BNZI.US,D,20250822,000000,60.1,64.8,59.8,61.8,10395.7,0
BNZI.US,D,20250825,000000,62,68.2,61.218,66.4,16108.300000000001,0
BNZI.US,D,20250826,000000,67.2,70.026,65.6,66.4,14541.75,0
BNZI.US,D,20250827,000000,67,67,63.6,64.6,5584.55,0
BNZI.US,D,20250828,000000,62,66,61.2,66,4311,0
BNZI.US,D,20250829,000000,68.4,68.568,63.86,66.4,8864.95,0
BNZI.US,D,20250902,000000,65.2,67.8,59.7,60.2,12225.650000000001,0
BNZI.US,D,20250903,000000,60.6,64,58.086,58.6,7207.25,0
BNZI.US,D,20250904,000000,58.8,59.798,55,56.2,8496.050000000001,0
BNZI.US,D,20250905,000000,50,52.19,47,49.2,97880.8,0
BNZI.US,D,20250908,000000,50.6,51.6,48.4,49.4,12238.050000000001,0
BNZI.US,D,20250909,000000,50,52,48,48.8,22316.050000000003,0
BNZI.US,D,20250910,000000,49.6,53.678,48.8,52,26832.75,0
BNZI.US,D,20250911,000000,52.2,53,50.2,52.2,10869.45,0
BNZI.US,D,20250912,000000,52.8,52.8,46.8,47.4,17422.5,0
BNZI.US,D,20250915,000000,47.4,47.41,42.7,43,21492.100000000002,0
BNZI.US,D,20250916,000000,42.8,43.6,41.664,42.4,7200.55,0
BNZI.US,D,20250917,000000,42.2,45,42,42.6,8402.15,0
BNZI.US,D,20250918,000000,47,50,45.6,49.4,39581.75,0
BNZI.US,D,20250919,000000,50.6,51.6,46.432,46.8,19236.55,0
BNZI.US,D,20250922,000000,46.8,50.2,44.8,50.2,12777.75,0
BNZI.US,D,20250923,000000,49.6,51.8,48.2,50.4,12644.5,0
BNZI.US,D,20250924,000000,51.6,57,51.6,55.4,44392.05,0
BNZI.US,D,20250925,000000,57,61,56.4,60.4,44708.950000000004,0
BNZI.US,D,20250926,000000,60.8,60.8,54.2,55.4,23498.9,0
BNZI.US,D,20250929,000000,53.8,59.2,51,53.6,18400.600000000002,0
BNZI.US,D,20250930,000000,53.6,59.8,53.6,58.8,17652.4,0
BNZI.US,D,20251001,000000,59,60,55.8,58.2,13009.400000000001,0
BNZI.US,D,20251002,000000,56.4,58.8,56.2,57.8,12120.300000000001,0
BNZI.US,D,20251003,000000,56.6,61.8,56.6,61,25687.2,0
BNZI.US,D,20251006,000000,61.6,66.986,61.4,64,24628.45,0
BNZI.US,D,20251007,000000,66.6,69,63.8,64.8,19580.2,0
BNZI.US,D,20251008,000000,64.2,79.6,64.2,75.8,62791.25,0
BNZI.US,D,20251009,000000,76.8,78.6,73.4,74,23534.25,0
BNZI.US,D,20251010,000000,76.2,77.796,64,66.8,28079.75,0
BNZI.US,D,20251013,000000,67.4,67.8,58,59.2,37065.6,0
BNZI.US,D,20251014,000000,61.2,67.672,61,63.6,33045.25,0
BNZI.US,D,20251015,000000,65,65.98,58.9,61.6,23529.800000000003,0
BNZI.US,D,20251016,000000,61,61.4,54.5,55,23458.2,0
BNZI.US,D,20251017,000000,56,58.998,54.822,58.2,11655,0
BNZI.US,D,20251020,000000,58.2,59.8,56.6,59.4,12608.85,0
BNZI.US,D,20251021,000000,61,63,53.4,54.6,34143.05,0
BNZI.US,D,20251022,000000,53,54.6,48,49.4,27865.350000000002,0
BNZI.US,D,20251023,000000,49.2,50.2,48.002,48.4,11188.650000000001,0
BNZI.US,D,20251024,000000,48.4,48.4,45,45.4,18916.5,0
BNZI.US,D,20251027,000000,45.8,46.6,43.8,44.8,21843.9,0
BNZI.US,D,20251028,000000,44.4,44.6,42.6,42.8,15804.300000000001,0
BNZI.US,D,20251029,000000,42.8,43.2,41.2,42,16051.400000000001,0
BNZI.US,D,20251030,000000,41.8,43.2,41,43,16990.850000000002,0
BNZI.US,D,20251031,000000,43.2,46.6,43.2,44.4,12905.25,0
BNZI.US,D,20251103,000000,43.8,46,36,36.4,40030.5,0
BNZI.US,D,20251104,000000,35,37,30.8,35.6,18215.850000000002,0
BNZI.US,D,20251105,000000,35.8,39.5,35.8,38.8,11427.6,0
BNZI.US,D,20251106,000000,37.9,39.6,35.7,36,12809.1,0
BNZI.US,D,20251107,000000,35,35.2,32.2,35.2,9654.300000000001,0
BNZI.US,D,20251110,000000,39.8,45.4,34.2,34.4,87729.55,0
BNZI.US,D,20251111,000000,32.6,32.6,30,30.6,16982.7,0
BNZI.US,D,20251112,000000,30.8,32.2,29.6,30.2,8401.050000000001,0
BNZI.US,D,20251113,000000,30.2,30.4,27.2,28,20950.9,0
BNZI.US,D,20251114,000000,27.6,30.79,27.2,29.2,70311.35,0
BNZI.US,D,20251117,000000,27.6,28.6,25.5,25.8,22624.45,0
BNZI.US,D,20251118,000000,25.4,27.386,25.4,26.6,11695.95,0
BNZI.US,D,20251119,000000,27,27.2,23.8,24.2,21712.75,0
BNZI.US,D,20251120,000000,26.914,32.2,23.8,27.2,70288.35,0
BNZI.US,D,20251121,000000,29,29.2,23.8,25.4,35382.5,0
BNZI.US,D,20251124,000000,25,25.186,21.8,23.8,28053.100000000002,0
BNZI.US,D,20251125,000000,23.4,24.4,23.2,23.6,14342.300000000001,0
BNZI.US,D,20251126,000000,23.4,27.6,23.4,26.8,35680.55,0
BNZI.US,D,20251128,000000,26.8,28.6,26.602,27.8,11774.1,0
BNZI.US,D,20251201,000000,28,28,25.8,26,11497.7,0
BNZI.US,D,20251202,000000,25.2,26.6,24.8,26,14138.050000000001,0
BNZI.US,D,20251203,000000,26,27.6,25,27.4,16633.2,0
BNZI.US,D,20251204,000000,26.6,28,25.4,26.4,18627.3,0
BNZI.US,D,20251205,000000,26.4,26.4,24.2,24.2,9712.800000000001,0
BNZI.US,D,20251208,000000,24.2,24.2,22.8,24.2,15502.45,0
BNZI.US,D,20251209,000000,24.4,25.6,23.8,25.4,13720.25,0
BNZI.US,D,20251210,000000,25.4,27.188,25.4,26.6,26166.75,0
BNZI.US,D,20251211,000000,26.6,27.3,24.4,24.6,27613.850000000002,0
BNZI.US,D,20251212,000000,24.6,24.6,22.1,22.6,26625.800000000003,0
BNZI.US,D,20251215,000000,23,25,23,24.4,33727.450000000004,0
BNZI.US,D,20251216,000000,25,25.184,21.8,22.1,28681.15,0
BNZI.US,D,20251217,000000,22.6,23.4,22.4,22.8,15774,0
BNZI.US,D,20251218,000000,23.1,23.4,20.4,21.4,27641.15,0
BNZI.US,D,20251219,000000,21,21.798,21,21.6,23967.75,0
BNZI.US,D,20251222,000000,21.8,21.8,19.6,19.798,26277.350000000002,0
BNZI.US,D,20251223,000000,19.7,21.2,18.8,21.2,19742.4,0
BNZI.US,D,20251224,000000,21,21.6,20.5,21,10868.35,0
BNZI.US,D,20251226,000000,20.4,20.8,19.78,20.2,19732.050000000003,0
BNZI.US,D,20251229,000000,20.4,20.524,19.42,20.4,18508.45,0
BNZI.US,D,20251230,000000,20.2,20.2,18.318,20.2,22018.9,0
BNZI.US,D,20251231,000000,19.2,20,19,19.314,15747.25,0
BNZI.US,D,20260102,000000,19.826,24.8,19.602,24.2,46807.100000000006,0
BNZI.US,D,20260105,000000,24.4,32.694,23.9,31.4,100542.85,0
BNZI.US,D,20260106,000000,33.6,39.2,29.4,32,178991.25,0
BNZI.US,D,20260107,000000,34.2,36.998,32.6,36,107443.45000000001,0
BNZI.US,D,20260108,000000,36.6,37,29.6,31.2,72115,0
BNZI.US,D,20260109,000000,30,30.2,24.42,25.2,59922.100000000006,0
BNZI.US,D,20260112,000000,26,30,26,28.8,50076,0
BNZI.US,D,20260113,000000,29,32.4,28.4,30.2,78961,0
BNZI.US,D,20260114,000000,30.6,30.6,27,28,39420.75,0
BNZI.US,D,20260115,000000,29,31.194,28,30.2,39857.600000000006,0
BNZI.US,D,20260116,000000,30,30.198,27.1,28.4,38441.450000000004,0
BNZI.US,D,20260120,000000,27.2,27.4,24.2,24.4,35516.25,0
BNZI.US,D,20260121,000000,26.8,27.6,25.7,26.2,49642.200000000004,0
BNZI.US,D,20260122,000000,26.2,26.2,23.2,24.2,37515.3,0
BNZI.US,D,20260123,000000,24.4,25.6,24,24.3,31106.800000000003,0
BNZI.US,D,20260126,000000,24,24.2,21.6,22.2,47356.700000000004,0
BNZI.US,D,20260127,000000,24.4,27,24,25.7,190225.85,0
BNZI.US,D,20260128,000000,25.4,26.8,23,25.4,108793.95000000001,0
BNZI.US,D,20260129,000000,26,26.1,23.602,24.8,30371.050000000003,0
BNZI.US,D,20260130,000000,24.4,24.6,22.804,24.4,43320.25,0
BNZI.US,D,20260202,000000,23,24.8,21.8,23.1,62878.350000000006,0
BNZI.US,D,20260203,000000,23.6,24.8,23,23.5,21320.7,0
BNZI.US,D,20260204,000000,23.6,23.6,20.8,22.4,52042.850000000006,0
BNZI.US,D,20260205,000000,23,23,22.4,22.4,40725.5,0
BNZI.US,D,20260206,000000,23,24.2,20,23.8,75193.15000000001,0
BNZI.US,D,20260209,000000,23.8,28,23.8,27.6,100760.65000000001,0
BNZI.US,D,20260210,000000,27.8,27.8,23.6,24.8,39346.25,0
BNZI.US,D,20260211,000000,24.6,25.6,23.8,25.2,21441.850000000002,0
BNZI.US,D,20260212,000000,25.8,27.5,24.4,25.8,39582.100000000006,0
BNZI.US,D,20260213,000000,25.2,26.4,24.6,26,28641.7,0
BNZI.US,D,20260217,000000,26.2,26.8,23.4,24,40866.600000000006,0
BNZI.US,D,20260218,000000,23.2,26.4,22.8,25.4,52005.850000000006,0
BNZI.US,D,20260219,000000,25.4,25.4,23.4,24.2,27323.350000000002,0
BNZI.US,D,20260220,000000,24,24.4,22.6,23.2,43001.9,0
BNZI.US,D,20260223,000000,22.8,22.8,21,21.9,49140,0
BNZI.US,D,20260224,000000,21.8,24,21.6,23.6,40051.4,0
BNZI.US,D,20260225,000000,24.2,26,24,25,51680,0
BNZI.US,D,20260226,000000,24.4,25,23.2,24.2,18836.25,0
BNZI.US,D,20260227,000000,24.8,26.2,24.2,24.4,55689.3,0
BNZI.US,D,20260302,000000,23.8,23.984,22.6,22.9,34647.8,0
BNZI.US,D,20260303,000000,22.6,23.4,21.5,22.7,34167.05,0
BNZI.US,D,20260304,000000,22.2,22.8,21.2,22.3,45372.4,0
BNZI.US,D,20260305,000000,22.6,23.4,22.2,23.2,31977.15,0
BNZI.US,D,20260306,000000,23.08,23.08,22.2,22.8,20598.75,0
BNZI.US,D,20260309,000000,22.8,22.8,21.6,22,26311.95,0
BNZI.US,D,20260310,000000,21.8,21.8,21.2,21.6,22975.100000000002,0
BNZI.US,D,20260311,000000,21.4,21.6,20.5,20.6,28161.95,0
BNZI.US,D,20260312,000000,20.6,21.8,19.986,21.6,22512.800000000003,0
BNZI.US,D,20260313,000000,21.6,21.6,20.8,21.2,18355.4,0
BNZI.US,D,20260316,000000,21.2,21.2,20.2,20.6,18103.55,0
BNZI.US,D,20260317,000000,20.4,20.6,20,20.4,14813.85,0
BNZI.US,D,20260318,000000,20,20.2,19.6,19.87,26923,0
BNZI.US,D,20260319,000000,19.634,19.634,17.918,18.59,42256.450000000004,0
BNZI.US,D,20260320,000000,19.162,21,18.886,20.8,65724.15000000001,0
BNZI.US,D,20260323,000000,21.3,21.3,19.2,19.548,57568.8,0
BNZI.US,D,20260324,000000,19.012,19.012,17.504,18.462,22750.2,0
BNZI.US,D,20260325,000000,18.45,19.592,18.45,19.388,16928.4,0
BNZI.US,D,20260326,000000,19.4,20.8,18.6,19.9,44927.3,0
BNZI.US,D,20260327,000000,19.994,21.5,19.994,21.4,47648.25,0
BNZI.US,D,20260330,000000,21.4,21.4,19.206,19.402,29217.4,0
BNZI.US,D,20260331,000000,19,19.256,18.4,19.022,38758.200000000004,0
BNZI.US,D,20260401,000000,16.852,19,16.62,17.002,51731.850000000006,0
BNZI.US,D,20260402,000000,16.842,17,16.4,16.816,23170.4,0
BNZI.US,D,20260406,000000,16.8,16.802,15.12,15.801,25229.300000000003,0
BNZI.US,D,20260407,000000,15.42,15.8,11.8,11.8,76738.95,0
BNZI.US,D,20260408,000000,12,12.398,11,12,47022.100000000006,0
BNZI.US,D,20260409,000000,12.6,13.15,11.41,11.84,98397.35,0
BNZI.US,D,20260410,000000,11.65,11.818,10.644,10.738,43725.350000000006,0
BNZI.US,D,20260413,000000,10.772,13.9,10.384,13.744,78946.5,0
BNZI.US,D,20260414,000000,13.9,13.96,12.616,13.702,34829.25,0
BNZI.US,D,20260415,000000,13.7,15.12,13.2,14.812,46802.65,0
BNZI.US,D,20260416,000000,14.904,14.904,12.06,12.402,47664.950000000004,0
BNZI.US,D,20260417,000000,12.6,13.2,12.216,12.562,52913.350000000006,0
BNZI.US,D,20260420,000000,12.16,12.76,12.002,12.2,20587.7,0
BNZI.US,D,20260421,000000,12.14,12.178,11.36,11.36,36795.75,0
BNZI.US,D,20260422,000000,11.214,11.714,11.1,11.12,32471.2,0
BNZI.US,D,20260423,000000,10.94,10.99,10.22,10.792,39672.350000000006,0
BNZI.US,D,20260424,000000,10.794,10.794,9.6,9.632,79477.45000000001,0
BNZI.US,D,20260427,000000,9.648,9.688,8.24,8.27,98520.75,0
BNZI.US,D,20260428,000000,8.4,8.496,7.8,7.93,64974.850000000006,0
BNZI.US,D,20260429,000000,7.24,7.4,6.1,6.1,93612.75,0
BNZI.US,D,20260430,000000,5.868,7.398,5.7,6.486,119705.05,0
BNZI.US,D,20260501,000000,6.598,6.624,6,6.012,98108.8,0
BNZI.US,D,20260504,000000,6.2,7.15,6.04,6.7,107954.40000000001,0
BNZI.US,D,20260505,000000,7.1,7.1281,5.608,5.612,126441.3,0
BNZI.US,D,20260506,000000,4.582,4.596,4,4.402,277735.5,0
BNZI.US,D,20260507,000000,4.8,7.68798,4.8,6.37,1051212.6500000001,0
BNZI.US,D,20260508,000000,6.82,6.9,5.12,6.09,308061,0
BNZI.US,D,20260511,000000,6.09,7.59,5.9505,6.52,316685,0
BNZI.US,D,20260512,000000,6.29,6.4,4.6801,4.81,168555,0
BNZI.US,D,20260513,000000,5.02,5.65,4.9,5.05,329441,0
BNZI.US,D,20260514,000000,5.13,6.9399,4.85,6.53,345303,0
BNZI.US,D,20260515,000000,6.34,8.175,5.75,7.66,296628,0
BNZI.US,D,20260518,000000,6.9,7.5,5.06,5.08,320544,0
BNZI.US,D,20260519,000000,5.12,5.18,3.62,3.81,343806,0
BNZI.US,D,20260520,000000,3.43,3.57,3.24,3.54,5856155,0
BNZI.US,D,20260521,000000,3.41,3.72,3.24,3.48,959294,0
BNZI.US,D,20260522,000000,3.31,3.59,3.31,3.45,333616,0
BNZI.US,D,20260526,000000,3.445,4.1999,3.31,4.08,689777,0
BNZI.US,D,20260527,000000,3.84,4.0137,3.4,3.4,254458,0
BNZI.US,D,20260528,000000,3.55,3.68,3.32,3.46,396800,0
BNZI.US,D,20260529,000000,3.75,4,3.55,3.88,526012,0
BNZI.US,D,20260601,000000,3.895,4,3.4567,3.52,253500,0
BNZI.US,D,20260602,000000,3.45,3.51,3.25,3.31,201756,0
BNZI.US,D,20260603,000000,3.31,3.36,3.09,3.15,200942,0
BNZI.US,D,20260604,000000,3.19,3.38,3.0648,3.1,210929,0
BNZI.US,D,20260605,000000,3.03,3.1,2.9,3.01,191627,0
BNZI.US,D,20260608,000000,2.91,3.5,2.9,3.43,296310,0
BNZI.US,D,20260609,000000,3.44,3.4999,3.0201,3.11,164757,0
BNZI.US,D,20260610,000000,3.01,3.25,3.01,3.21,177209,0
BNZI.US,D,20260611,000000,3.21,3.22,2.96,3.02,193178,0
BNZI.US,D,20260612,000000,3,3.235,2.77,2.78,212490,0
BNZI.US,D,20260615,000000,2.82,4,2.8,3.22,2448433,0
BNZI.US,D,20260616,000000,3.1,3.2294,2.9,3,235298,0
BNZI.US,D,20260617,000000,2.98,3.35,2.95,3.29,399051,0
BNZI.US,D,20260618,000000,3.43,3.82,3.4,3.48,396980,0
BNZI.US,D,20260622,000000,3.22,3.3169,3.1002,3.19,130915,0
BNZI.US,D,20260623,000000,3.2,3.3,3.11,3.24,57091,0
BNZI.US,D,20260624,000000,3.14,3.145,2.94,2.94,142414,0
