<TICKER>,<PER>,<DATE>,<TIME>,<OPEN>,<HIGH>,<LOW>,<CLOSE>,<VOL>,<OPENINT>
BSAA.US,D,20250807,000000,10.32,10.32,9.82,10.005,153262,0
BSAA.US,D,20250808,000000,10,10.01,10,10.01,1236,0
BSAA.US,D,20250811,000000,10.01,10.01,10.01,10.01,15014,0
BSAA.US,D,20250813,000000,10.0092,10.01,10.0014,10.01,6201,0
BSAA.US,D,20250815,000000,10.015,10.015,10.01,10.01,23700,0
BSAA.US,D,20250818,000000,10,10.01,10,10.01,24400,0
BSAA.US,D,20250819,000000,10.01,10.01,10.01,10.01,126002,0
BSAA.US,D,20250820,000000,10,10.005,9.99,10,298750,0
BSAA.US,D,20250821,000000,10.01,10.01,10.005,10.01,10588,0
BSAA.US,D,20250822,000000,10.02,10.02,10,10,91551,0
BSAA.US,D,20250825,000000,10.01,10.01,10,10,88407,0
BSAA.US,D,20250826,000000,10.01,10.01,10,10,50591,0
BSAA.US,D,20250827,000000,10.02,10.02,10,10,179985,0
BSAA.US,D,20250828,000000,10.03,10.03,10.02,10.02,5444,0
BSAA.US,D,20250829,000000,10.03,10.03,10.03,10.03,4129,0
BSAA.US,D,20250902,000000,10.03,10.03,10.03,10.03,1032,0
BSAA.US,D,20250903,000000,10,10.03,10,10.03,40030,0
BSAA.US,D,20250905,000000,10.02,10.02,10.02,10.02,15706,0
BSAA.US,D,20250908,000000,10.03,10.03,10.0251,10.0251,4729,0
BSAA.US,D,20250910,000000,10.02,10.03,10.02,10.03,18547,0
BSAA.US,D,20250915,000000,10.0376,10.0376,10.0376,10.0376,567,0
BSAA.US,D,20250918,000000,10.035,10.04,10.035,10.04,7000,0
BSAA.US,D,20250919,000000,10.04,10.04,10.04,10.04,2021,0
BSAA.US,D,20250922,000000,10.035,10.05,10.035,10.045,10667,0
BSAA.US,D,20250923,000000,10.035,10.04,10.035,10.04,16054,0
BSAA.US,D,20250924,000000,10.04,10.04,10.04,10.04,5026,0
BSAA.US,D,20250925,000000,10.04,10.04,10.04,10.04,64511,0
BSAA.US,D,20250926,000000,10.05,10.05,10.04,10.05,8125,0
BSAA.US,D,20250929,000000,10.05,10.05,10.05,10.05,2301,0
BSAA.US,D,20251002,000000,10.25,10.25,10.0481,10.0481,16402,0
BSAA.US,D,20251003,000000,10.05,10.06,10.05,10.05,14819,0
BSAA.US,D,20251006,000000,10.05,10.06,10.05,10.06,22235,0
BSAA.US,D,20251007,000000,10.06,10.06,10.06,10.06,225,0
BSAA.US,D,20251008,000000,10.06,10.11,10.0592,10.11,159703,0
BSAA.US,D,20251009,000000,10.07,10.1,10.07,10.1,9297,0
BSAA.US,D,20251016,000000,10.1,10.1,10.1,10.1,7600,0
BSAA.US,D,20251023,000000,10.11,10.11,10.11,10.11,121,0
BSAA.US,D,20251024,000000,10.11,10.11,10.11,10.11,222,0
BSAA.US,D,20251027,000000,10.11,10.11,10.11,10.11,2242,0
BSAA.US,D,20251029,000000,10.1,10.1,10.1,10.1,18868,0
BSAA.US,D,20251030,000000,10.11,10.11,10.11,10.11,488,0
BSAA.US,D,20251031,000000,10.11,10.13,10.11,10.13,1061,0
BSAA.US,D,20251103,000000,10.14,10.14,10.14,10.14,149,0
BSAA.US,D,20251106,000000,10.09,10.1,10.09,10.1,45982,0
BSAA.US,D,20251110,000000,10.1,10.1,10.1,10.1,200,0
BSAA.US,D,20251112,000000,10.1,10.1,10.1,10.1,3870,0
BSAA.US,D,20251113,000000,10.1,10.1,10.1,10.1,26001,0
BSAA.US,D,20251125,000000,10.1087,10.1087,10.1,10.1,43890,0
BSAA.US,D,20251126,000000,10.1,10.1012,10.0999,10.1,113101,0
BSAA.US,D,20251128,000000,10.1198,10.15,10.1198,10.15,10211,0
BSAA.US,D,20251202,000000,10.12,10.14,10.1,10.11,59312,0
BSAA.US,D,20251203,000000,10.09,10.09,10.09,10.09,200,0
BSAA.US,D,20251204,000000,10.1,10.118,10.1,10.118,9448,0
BSAA.US,D,20251205,000000,10.11,10.11,10.09,10.11,28551,0
BSAA.US,D,20251209,000000,10.11,10.11,10.11,10.11,111,0
BSAA.US,D,20251211,000000,10.121,10.13,10.11,10.11,12683,0
BSAA.US,D,20251212,000000,10.11,10.12,10.1,10.12,5608,0
BSAA.US,D,20251215,000000,10.11,10.11,10.095,10.095,108277,0
BSAA.US,D,20251222,000000,10.1,10.1,10.1,10.1,104,0
BSAA.US,D,20251223,000000,10.1,10.1,10.1,10.1,125,0
BSAA.US,D,20251229,000000,10.1,10.1,10.1,10.1,133,0
BSAA.US,D,20251230,000000,10.13,10.13,10.13,10.13,999,0
BSAA.US,D,20260105,000000,10.12,10.12,10.12,10.12,109,0
BSAA.US,D,20260106,000000,10.12,10.16,10.12,10.16,301620,0
BSAA.US,D,20260107,000000,10.17,10.19,10.17,10.19,1347,0
BSAA.US,D,20260115,000000,10.17,10.17,10.17,10.17,115,0
BSAA.US,D,20260116,000000,10.19,10.19,10.17,10.17,200,0
BSAA.US,D,20260120,000000,10.18,10.18,10.18,10.18,209,0
BSAA.US,D,20260121,000000,10.18,10.19,10.18,10.18,1855,0
BSAA.US,D,20260122,000000,10.19,10.19,10.18,10.18,300,0
BSAA.US,D,20260123,000000,10.19,10.19,10.18,10.18,8170,0
BSAA.US,D,20260126,000000,10.19,10.19,10.18,10.18,277,0
BSAA.US,D,20260127,000000,10.19,10.19,10.18,10.18,302,0
BSAA.US,D,20260128,000000,10.2,10.2,10.2,10.2,100,0
BSAA.US,D,20260129,000000,10.18,10.18,10.18,10.18,135,0
BSAA.US,D,20260130,000000,10.19,10.1901,10.19,10.1901,3953,0
BSAA.US,D,20260202,000000,10.195,10.2,10.195,10.2,809,0
BSAA.US,D,20260205,000000,10.2,10.2,10.2,10.2,2143,0
BSAA.US,D,20260213,000000,10.2,10.2,10.2,10.2,4643,0
BSAA.US,D,20260217,000000,10.22,10.22,10.22,10.22,1099,0
BSAA.US,D,20260226,000000,10.24,10.24,10.24,10.24,105,0
BSAA.US,D,20260302,000000,10.2,10.2,10.2,10.2,694,0
BSAA.US,D,20260316,000000,10.25,10.25,10.2,10.2,4454,0
BSAA.US,D,20260317,000000,10.22,10.25,10.22,10.25,200,0
BSAA.US,D,20260327,000000,10.26,10.26,10.26,10.26,100,0
BSAA.US,D,20260402,000000,10.26,10.28,10.26,10.27,7610,0
BSAA.US,D,20260407,000000,10.2401,10.2401,10.22,10.2347,8500,0
BSAA.US,D,20260417,000000,10.27,10.27,10.27,10.27,10200,0
BSAA.US,D,20260423,000000,10.26,10.26,10.26,10.26,30000,0
BSAA.US,D,20260429,000000,10.29,10.3,10.29,10.3,10000,0
BSAA.US,D,20260430,000000,10.33,10.33,10.33,10.33,10000,0
BSAA.US,D,20260501,000000,10.3,10.31,10.3,10.31,8902,0
BSAA.US,D,20260504,000000,10.31,10.31,10.3,10.3,2131,0
BSAA.US,D,20260505,000000,10.316,10.32,10.316,10.32,7700,0
BSAA.US,D,20260506,000000,10.336,10.34,10.275,10.3,30518,0
BSAA.US,D,20260508,000000,10.31,10.31,10.31,10.31,4066,0
BSAA.US,D,20260511,000000,10.3,10.3,10.3,10.3,9996,0
BSAA.US,D,20260512,000000,10.33,10.33,10.33,10.33,255,0
BSAA.US,D,20260513,000000,10.33,10.33,10.33,10.33,270,0
BSAA.US,D,20260514,000000,10.27,10.32,10.26,10.32,3311,0
BSAA.US,D,20260518,000000,11,11,11,11,751,0
BSAA.US,D,20260519,000000,10.54,10.97,10.3,10.7,139497,0
BSAA.US,D,20260520,000000,10.7,11.9799,10.516,11.94,136857,0
BSAA.US,D,20260521,000000,11.5,12.9499,11.0401,12,31304,0
BSAA.US,D,20260522,000000,12.38,12.54,11.1,12.17,23130,0
BSAA.US,D,20260526,000000,11.7,11.7,11.2,11.4,4128,0
BSAA.US,D,20260527,000000,11.1,11.265,11.01,11.24,8072,0
BSAA.US,D,20260528,000000,11.02,13.37,11.02,12.8,61724,0
BSAA.US,D,20260529,000000,12.444,12.6,11.0101,11.7,30360,0
BSAA.US,D,20260601,000000,11.42,11.7,11.21,11.45,4732,0
BSAA.US,D,20260602,000000,11.3,11.555,11.3,11.32,1968,0
BSAA.US,D,20260603,000000,11.22,11.65,11.21,11.33,3544,0
BSAA.US,D,20260604,000000,11.2,12.03,11.2,11.76,15216,0
BSAA.US,D,20260605,000000,11.745,11.745,11.26,11.27,4095,0
BSAA.US,D,20260608,000000,11.69,11.69,11.27,11.46,25252,0
BSAA.US,D,20260609,000000,11.62,15.09,11.62,12.4,86798,0
BSAA.US,D,20260610,000000,13.22,14,12.9,13.46,10323,0
BSAA.US,D,20260611,000000,14.49,14.55,12.52,13.2,8520,0
BSAA.US,D,20260612,000000,13.2,13.775,12.8892,13.775,2362,0
BSAA.US,D,20260615,000000,14.4237,15.94,12.51,15.1,26507,0
BSAA.US,D,20260616,000000,15.03,17.2,14.76,14.76,6064,0
BSAA.US,D,20260617,000000,15.9,15.9,13.8,14.665,4740,0
BSAA.US,D,20260618,000000,14,15.9,14,14.46,4822,0
BSAA.US,D,20260622,000000,13.05,14.5,13,13.0534,3319,0
BSAA.US,D,20260623,000000,13.0506,14.068,12.24,13.0001,16984,0
BSAA.US,D,20260624,000000,13.3,14,12.5199,12.81,12947,0
