<TICKER>,<PER>,<DATE>,<TIME>,<OPEN>,<HIGH>,<LOW>,<CLOSE>,<VOL>,<OPENINT>
BU.US,D,20251119,000000,20.27,20.39,19.9979,19.9979,766,0
BU.US,D,20251120,000000,20.11,20.15,18.1602,18.1602,3606,0
BU.US,D,20251121,000000,18.13,18.82,17.83,18.6395,17666,0
BU.US,D,20251124,000000,20.28,21.7234,20.28,21.7234,7690,0
BU.US,D,20251125,000000,22.16,22.16,21.1699,21.2394,2387,0
BU.US,D,20251126,000000,22.17,23.251,22.05,23.251,4488,0
BU.US,D,20251201,000000,24.79,26.445,24.46,24.9616,10092,0
BU.US,D,20251202,000000,24.57,24.57,23.01,23.4675,537,0
BU.US,D,20251203,000000,24.21,24.21,22.8147,22.8147,691,0
BU.US,D,20251204,000000,22.95,23.215,22.95,23.215,442,0
BU.US,D,20251205,000000,24.28,24.31,23.3588,23.3588,80368,0
BU.US,D,20251208,000000,23.25,23.25,22.3042,22.3042,13481,0
BU.US,D,20251209,000000,22.54,23.1086,22.47,23.1086,1110,0
BU.US,D,20251210,000000,23.3905,24.23,23.3905,24.1506,3204,0
BU.US,D,20251211,000000,24.73,26.4003,24.73,25.7292,11590,0
BU.US,D,20251212,000000,26.23,26.4463,25.5191,25.5191,3695,0
BU.US,D,20251215,000000,26.83,26.83,25.8133,25.8133,14562,0
BU.US,D,20251216,000000,26.1408,26.1408,25.3199,25.3655,1274,0
BU.US,D,20251217,000000,26.31,26.6,25.584,25.987,15938,0
BU.US,D,20251218,000000,26.5,26.9716,26.1619,26.4869,9787,0
BU.US,D,20251219,000000,27.93,28.265,27.54,27.6039,5539,0
BU.US,D,20251222,000000,28.39,28.986,28.07,28.4191,40702,0
BU.US,D,20251223,000000,28.809,28.809,28.25,28.6175,720,0
BU.US,D,20251224,000000,28.02,28.1981,28,28.1981,1178,0
BU.US,D,20251226,000000,28.875,29.1291,28.445,29.1291,9323,0
BU.US,D,20251229,000000,26.87,27.341,26.02,26.4978,2181,0
BU.US,D,20251230,000000,26.4726,26.6572,26.4726,26.6572,305,0
BU.US,D,20251231,000000,26.92,26.92,25.8881,25.8881,7898,0
BU.US,D,20260102,000000,26.68,26.68,25.721,26.3327,2806,0
BU.US,D,20260105,000000,27.7,28.71,27.7,28.4468,4452,0
BU.US,D,20260106,000000,30.25,30.7936,30.25,30.7936,1374,0
BU.US,D,20260107,000000,28.39,30.3172,28.39,30.3172,3709,0
BU.US,D,20260108,000000,29.105,30.4166,29.105,30.4166,1453,0
BU.US,D,20260109,000000,30.45,31.72,30.45,30.8278,10421,0
BU.US,D,20260112,000000,32.95,33.11,32.54,32.7309,7729,0
BU.US,D,20260113,000000,33.3784,33.88,33.3041,33.3041,1696,0
BU.US,D,20260114,000000,33.38,33.7774,33.13,33.6282,1469,0
BU.US,D,20260115,000000,33,33.46,32.9992,33.2056,3620,0
BU.US,D,20260116,000000,32.36,32.6,31.52,31.9091,1982,0
BU.US,D,20260120,000000,33.2,33.5754,33,33.5754,3193,0
BU.US,D,20260121,000000,33.778,34.4738,32.4369,32.4369,5136,0
BU.US,D,20260122,000000,32.9467,33.63,32.35,32.5957,8486,0
BU.US,D,20260123,000000,32.8176,34.8809,32.8176,34.8809,4193,0
BU.US,D,20260126,000000,36.85,37.65,35.3222,35.3222,6030,0
BU.US,D,20260127,000000,34.96,36.377,34.7,36.377,5523,0
BU.US,D,20260128,000000,37.55,37.5814,35.9082,37.5408,6321,0
BU.US,D,20260129,000000,39.34,39.34,34.42,36.168,5957,0
BU.US,D,20260130,000000,30.98,32.59,27.01,27.1819,14033,0
BU.US,D,20260202,000000,27.99,27.9908,27,27.9908,5263,0
BU.US,D,20260203,000000,31,31,29.26,29.6226,4123,0
BU.US,D,20260204,000000,28.6379,29.4928,26.468,29.4928,5434,0
BU.US,D,20260205,000000,26.65,28.43,24.9195,24.9195,16514,0
BU.US,D,20260206,000000,26.5,26.5161,26.2204,26.4553,1379,0
BU.US,D,20260209,000000,27.2,28.1742,27.2,28.1742,2372,0
BU.US,D,20260210,000000,28.22,28.54,28.22,28.5345,779,0
BU.US,D,20260211,000000,28.295,29.4826,28.04,29.4826,854,0
BU.US,D,20260212,000000,27.3704,27.3704,26.6372,26.6372,600,0
BU.US,D,20260213,000000,27.16,29.63,27.16,29.5429,875,0
BU.US,D,20260217,000000,27.57,27.9013,27.57,27.9013,438,0
BU.US,D,20260218,000000,28.44,30.03,28.44,29.8717,706,0
BU.US,D,20260219,000000,30.15,30.1781,30.15,30.1781,451,0
BU.US,D,20260223,000000,30.75,31.0816,30.68,30.9785,1439,0
BU.US,D,20260224,000000,29.45,31.5724,29.45,31.5724,1189,0
BU.US,D,20260225,000000,31.69,32.29,31.6399,31.6399,341,0
BU.US,D,20260226,000000,31.75,32.3467,31.63,32.3467,4555,0
BU.US,D,20260227,000000,33.2,33.5858,33.12,33.3327,2421,0
BU.US,D,20260302,000000,33.0601,33.23,31.76,32.9826,5077,0
BU.US,D,20260303,000000,26,27.53,25.75,27.3,1775,0
BU.US,D,20260305,000000,27.05,27.05,25.5,25.5,2926,0
BU.US,D,20260306,000000,26.02,26.02,26.02,26.02,492,0
BU.US,D,20260309,000000,24.3,25.99,24.3,25.99,1533,0
BU.US,D,20260310,000000,27.8,27.8,27.35,27.35,3172,0
BU.US,D,20260311,000000,25.65,26.2971,25.51,26.2971,2397,0
BU.US,D,20260319,000000,17.85,18.329,17.63,18.329,2690,0
BU.US,D,20260320,000000,17.7,17.7,16.91,17.2781,3547,0
BU.US,D,20260323,000000,17.88,18.11,17.72,17.7929,13196,0
BU.US,D,20260324,000000,17.37,18.1307,17.37,18.1307,1074,0
BU.US,D,20260325,000000,19.14,19.5,18.8501,19.0183,12551,0
BU.US,D,20260326,000000,18.59,18.79,17.5713,17.5713,10364,0
BU.US,D,20260327,000000,18.68,18.68,18.5431,18.5431,3679,0
BU.US,D,20260330,000000,19.56,19.56,18.3723,18.3723,2172,0
BU.US,D,20260331,000000,19.69,20.6584,19.4,20.6584,7476,0
BU.US,D,20260401,000000,21.41,22.47,21.41,22.1303,2076,0
BU.US,D,20260402,000000,21.34,21.52,19.7001,21.5126,2104,0
BU.US,D,20260406,000000,22.05,22.05,20.88,20.913,641,0
BU.US,D,20260407,000000,20.355,21.1478,20.355,21.1478,546,0
BU.US,D,20260408,000000,22.16,22.75,22.125,22.3519,1439,0
BU.US,D,20260409,000000,21.9501,22.2948,21.9501,22.2948,944,0
BU.US,D,20260410,000000,23.31,23.6099,23.31,23.4036,381,0
BU.US,D,20260413,000000,22.91,22.91,22.8798,22.8798,665,0
BU.US,D,20260414,000000,23.801,23.84,23.6989,23.6989,884,0
BU.US,D,20260417,000000,21.62,23.4571,21.62,23.0162,1066,0
BU.US,D,20260421,000000,20.64,20.64,19.9965,19.9965,454,0
BU.US,D,20260422,000000,20.45,20.45,20.1768,20.1768,490,0
BU.US,D,20260424,000000,20.35,20.5804,20.35,20.5804,279,0
BU.US,D,20260427,000000,19.8,20.17,19.8,20.1588,458,0
BU.US,D,20260429,000000,17.87,17.9124,17.8299,17.9124,1089,0
BU.US,D,20260501,000000,18.5,18.5,18.14,18.2769,2073,0
BU.US,D,20260504,000000,18.28,18.28,17.8566,17.8566,435,0
BU.US,D,20260506,000000,19.83,20.8306,19.83,20.8306,964,0
BU.US,D,20260507,000000,22.0914,22.2,21.1433,21.1433,1397,0
BU.US,D,20260508,000000,22.29,22.3391,22.27,22.3391,872,0
BU.US,D,20260511,000000,24.14,26.6999,23.99,26.4016,13724,0
BU.US,D,20260512,000000,25.1,25.175,23.385,25.0978,3430,0
BU.US,D,20260513,000000,23.93,23.9361,23.8,23.9361,676,0
BU.US,D,20260514,000000,22.43,22.5,22.1108,22.1108,565,0
BU.US,D,20260518,000000,20.3,20.48,19.3,19.5141,5104,0
BU.US,D,20260519,000000,18.53,18.73,18.36,18.3873,2266,0
BU.US,D,20260520,000000,18.79,19.746,18.71,19.746,1839,0
BU.US,D,20260521,000000,19.6,20.36,19.5,20.1166,969,0
BU.US,D,20260522,000000,19.28,19.7,19.28,19.4285,2096,0
BU.US,D,20260526,000000,20.34,20.7464,20.34,20.7464,719,0
BU.US,D,20260527,000000,20.3744,20.3744,19.9299,19.9299,2749,0
BU.US,D,20260528,000000,20.31,20.9099,19.81,20.4319,1199,0
BU.US,D,20260529,000000,21.48,21.48,21.4197,21.4197,565,0
BU.US,D,20260601,000000,19.86,21.16,19.55,21.1258,3827,0
BU.US,D,20260602,000000,21.47,21.9117,21.34,21.9117,1669,0
BU.US,D,20260603,000000,20.6666,20.6666,20.57,20.6102,1101,0
BU.US,D,20260604,000000,21.69,22,21.325,21.5293,2267,0
BU.US,D,20260605,000000,19.9,19.9,18.0911,18.0911,2113,0
BU.US,D,20260608,000000,18.21,18.44,18.1743,18.1743,843,0
