<TICKER>,<PER>,<DATE>,<TIME>,<OPEN>,<HIGH>,<LOW>,<CLOSE>,<VOL>,<OPENINT>
BYAH.US,D,20241227,000000,205,223,185,203.5,35240,0
BYAH.US,D,20241230,000000,210,260,196,242.5,8351.18,0
BYAH.US,D,20241231,000000,245.5,345,242.41,314.5,8472.1,0
BYAH.US,D,20250102,000000,294,301,215,230,4249.02,0
BYAH.US,D,20250103,000000,232,232,210,220,3412.5,0
BYAH.US,D,20250106,000000,221,267,221,235.5,1486.48,0
BYAH.US,D,20250107,000000,248.5,260,234.5,249.5,522.56,0
BYAH.US,D,20250108,000000,249.5,259.845,230,231.5,772.56,0
BYAH.US,D,20250110,000000,227,259.75,227,241.5,1711.5,0
BYAH.US,D,20250113,000000,246.5,287.5,237,287.5,4139.66,0
BYAH.US,D,20250114,000000,287.5,300.5,275,289,1678.84,0
BYAH.US,D,20250115,000000,286,292,268,290,3080.24,0
BYAH.US,D,20250116,000000,298,303.56,280.5,292.5,2174.76,0
BYAH.US,D,20250117,000000,297.5,302.5,282.5,285.5,763.56,0
BYAH.US,D,20250121,000000,290,300,287.5,294.5,342.44,0
BYAH.US,D,20250122,000000,287,296.5,250.5,262.5,1225.26,0
BYAH.US,D,20250123,000000,274.5,288.5,269,285,293.46,0
BYAH.US,D,20250124,000000,299,299,261.5,274.5,4488.32,0
BYAH.US,D,20250127,000000,275.5,287,255,267.5,2290.62,0
BYAH.US,D,20250128,000000,265,280,265,267,958.08,0
BYAH.US,D,20250129,000000,272.725,284.995,262.5,284.5,423.56,0
BYAH.US,D,20250130,000000,287.5,332.5,287.5,305.5,2421.18,0
BYAH.US,D,20250131,000000,282.5,315.66,270.5,300,2299.3,0
BYAH.US,D,20250203,000000,291,316,289.75,309.5,324.44,0
BYAH.US,D,20250204,000000,309.5,316.5,292.5,309,379.64,0
BYAH.US,D,20250205,000000,297.5,307.5,251.505,264,1033.78,0
BYAH.US,D,20250206,000000,271.215,287,270,274,203.58,0
BYAH.US,D,20250207,000000,266,287.5,266,280,149.86,0
BYAH.US,D,20250210,000000,280,280,260.5,264,288.98,0
BYAH.US,D,20250211,000000,260,268,227.5,263,433.32,0
BYAH.US,D,20250212,000000,263.5,263.5,250.5,256,131.6,0
BYAH.US,D,20250213,000000,257.5,277.915,256.6,277.5,169.46,0
BYAH.US,D,20250214,000000,262.5,278.09,258.5,263,171.62,0
BYAH.US,D,20250218,000000,262.5,280,247,280,232.72,0
BYAH.US,D,20250219,000000,265.5,278,260,278,159.94,0
BYAH.US,D,20250220,000000,260.5,273.02,260,272.5,32.82,0
BYAH.US,D,20250221,000000,260.75,272.5,260.75,272,115.12,0
BYAH.US,D,20250224,000000,250,269,250,269,36.8,0
BYAH.US,D,20250225,000000,250,268.04,250,262,61.74,0
BYAH.US,D,20250226,000000,250,272.5,250,272.5,62.06,0
BYAH.US,D,20250227,000000,297,297,259.5,259.5,58.74,0
BYAH.US,D,20250228,000000,274,274,261,262,53.94,0
BYAH.US,D,20250303,000000,259.5,291,257.555,291,5291.2,0
BYAH.US,D,20250304,000000,290,370.5,287.1,359.48,6315,0
BYAH.US,D,20250305,000000,370.5,390.5,307.5,332.5,9497.28,0
BYAH.US,D,20250306,000000,337.5,350,305,345,8333.22,0
BYAH.US,D,20250307,000000,339.5,399,321.75,384.5,8050.36,0
BYAH.US,D,20250310,000000,395,458.5,385.455,401.635,8145,0
BYAH.US,D,20250311,000000,406,447.5,384,415,8118.86,0
BYAH.US,D,20250312,000000,411.5,450,392.935,437.5,10800.7,0
BYAH.US,D,20250313,000000,435.5,450,407.5,412,9180.42,0
BYAH.US,D,20250314,000000,414.5,432.5,375.5,385,8413.42,0
BYAH.US,D,20250317,000000,419.17,419.17,345,394.5,10352.8,0
BYAH.US,D,20250318,000000,390,549,365,530,11205,0
BYAH.US,D,20250319,000000,530,550,476,486,10619.1,0
BYAH.US,D,20250320,000000,480,595.5,463,551.5,10228.1,0
BYAH.US,D,20250321,000000,550,698.995,550,674,10834.3,0
BYAH.US,D,20250324,000000,665.5,666,506.5,541,10687.1,0
BYAH.US,D,20250325,000000,561.5,594,472.5,477,12756.1,0
BYAH.US,D,20250326,000000,478.5,565.37,465,530,9627.76,0
BYAH.US,D,20250327,000000,514,620.5,502.5,591.5,9093.34,0
BYAH.US,D,20250328,000000,587,689.255,566,639.5,8693.16,0
BYAH.US,D,20250331,000000,624.5,737.5,582.5,661,12725.6,0
BYAH.US,D,20250401,000000,649,717,575,589.5,11004,0
BYAH.US,D,20250402,000000,591.5,700,591.5,662.5,11347,0
BYAH.US,D,20250403,000000,647,692.5,610,639,8869.56,0
BYAH.US,D,20250404,000000,644,694.775,609.915,679.5,8942.74,0
BYAH.US,D,20250407,000000,669.5,739.665,636.5,656,8630.6,0
BYAH.US,D,20250408,000000,655.5,699.75,622,637,8174.6,0
BYAH.US,D,20250409,000000,637.5,704.5,613.5,679.5,8869.14,0
BYAH.US,D,20250410,000000,670,725,647.25,651,8287.1,0
BYAH.US,D,20250411,000000,651.5,682.25,600,649,9715.92,0
BYAH.US,D,20250414,000000,616,694,616,651,7099.46,0
BYAH.US,D,20250415,000000,655,687.5,631.5,659.5,8386.54,0
BYAH.US,D,20250416,000000,649.75,750,638,650.5,9314.08,0
BYAH.US,D,20250417,000000,685,696.5,647.98,676.5,8365.72,0
BYAH.US,D,20250421,000000,663,685,650,675,8017.76,0
BYAH.US,D,20250422,000000,685,828,657,685.5,10001.9,0
BYAH.US,D,20250423,000000,685.5,770,685.5,742,7358.9,0
BYAH.US,D,20250424,000000,732.5,766.915,713,713,6599.76,0
BYAH.US,D,20250425,000000,727,745,705,713.5,6113.48,0
BYAH.US,D,20250428,000000,726.5,740,686,689,6135.92,0
BYAH.US,D,20250429,000000,668,781.25,668,702.5,6309.02,0
BYAH.US,D,20250430,000000,724.5,731,690.5,716,7418.52,0
BYAH.US,D,20250501,000000,715,780,700,714.5,6923,0
BYAH.US,D,20250502,000000,705,742,640,652.5,6795.02,0
BYAH.US,D,20250505,000000,623.5,671.25,601.33,645.5,4386.46,0
BYAH.US,D,20250506,000000,659.5,700,648,681,6847.06,0
BYAH.US,D,20250507,000000,685,750,675,730,6231.86,0
BYAH.US,D,20250508,000000,747.5,756.25,709.25,726.25,6536.56,0
BYAH.US,D,20250509,000000,735,782,710,745.75,6523.04,0
BYAH.US,D,20250512,000000,746,777,628.455,669,6678.64,0
BYAH.US,D,20250513,000000,650.5,748,650.5,686.5,7070.88,0
BYAH.US,D,20250514,000000,671,718.71,671,695,6925.2,0
BYAH.US,D,20250515,000000,709.5,711.39,646,663.5,6815.94,0
BYAH.US,D,20250516,000000,660.5,750,651.5,740.25,6473,0
BYAH.US,D,20250519,000000,747.5,750.875,701,709,7565.48,0
BYAH.US,D,20250520,000000,706,735,699.5,711,6358.24,0
BYAH.US,D,20250521,000000,704,750,647,726.5,7170.22,0
BYAH.US,D,20250522,000000,719.5,800,694.5,728,7653.3,0
BYAH.US,D,20250523,000000,708.5,759,708.5,726.5,6415.42,0
BYAH.US,D,20250527,000000,726.5,745,705,734.5,6392.12,0
BYAH.US,D,20250528,000000,744.5,765,711.5,711.5,6242.7,0
BYAH.US,D,20250529,000000,719.5,742,684,718.5,7499.28,0
BYAH.US,D,20250530,000000,717.5,735,699.5,700.5,6364.38,0
BYAH.US,D,20250602,000000,702.5,732.5,654.5,721,6262.24,0
BYAH.US,D,20250603,000000,721.5,726.5,583.375,685.5,8270.22,0
BYAH.US,D,20250604,000000,685,719,672.5,711.75,6559.14,0
BYAH.US,D,20250605,000000,706.5,838.5,692.5,837,7027.98,0
BYAH.US,D,20250606,000000,838,917.5,800,892,6746.34,0
BYAH.US,D,20250609,000000,907.5,962.5,880,925,6367.32,0
BYAH.US,D,20250610,000000,871.5,945.5,871.5,935,6944.16,0
BYAH.US,D,20250611,000000,944.5,1055.5,928.31,1024,6476.76,0
BYAH.US,D,20250612,000000,1033.5,1049.5,937.565,943,6356.04,0
BYAH.US,D,20250613,000000,1000,1100,950,990,7144.56,0
BYAH.US,D,20250616,000000,1018,1064,994.5,1033.5,5906.94,0
BYAH.US,D,20250617,000000,1049.5,1131,1049,1095.5,5851.62,0
BYAH.US,D,20250618,000000,1139.5,1225,1050,1197.5,21797.3,0
BYAH.US,D,20250620,000000,1197.5,1330,1175,1328.5,26034.2,0
BYAH.US,D,20250623,000000,1351,1521.5,1315.02,1505.5,28451.3,0
BYAH.US,D,20250624,000000,1505.5,1580.5,1501.5,1571.5,29242.7,0
BYAH.US,D,20250625,000000,1570.75,1640.5,1556,1618,18661.1,0
BYAH.US,D,20250626,000000,1630,1710,1615,1684,22115.3,0
BYAH.US,D,20250627,000000,1685,1700,1675.5,1695,14250.3,0
BYAH.US,D,20250630,000000,1717,1775,1701.5,1749.5,11279.6,0
BYAH.US,D,20250701,000000,1768.75,1846,1757.5,1821,12612.7,0
BYAH.US,D,20250702,000000,1834,1999,1825,1990,23945.6,0
BYAH.US,D,20250703,000000,1992.5,2056,1987.5,2029,17612.9,0
BYAH.US,D,20250707,000000,2025.5,2074.5,1994.5,2050.5,27486.5,0
BYAH.US,D,20250708,000000,2051.5,2068.6,141.005,149.5,178712,0
BYAH.US,D,20250709,000000,128,133,53,55,515648,0
BYAH.US,D,20250710,000000,55,67,55,57.5,246326,0
BYAH.US,D,20250711,000000,57.5,58,51.5,52,88661.6,0
BYAH.US,D,20250714,000000,51.5,51.5,44,45.78,72039.5,0
BYAH.US,D,20250715,000000,45.605,54.5,45.605,50.5,68062,0
BYAH.US,D,20250716,000000,50,52,47.505,47.505,32777.7,0
BYAH.US,D,20250717,000000,45.455,53,45.455,51,35946.8,0
BYAH.US,D,20250718,000000,48,51,46.5,47.225,28333.6,0
BYAH.US,D,20250721,000000,46.435,48,45.75,45.935,22820,0
BYAH.US,D,20250722,000000,46.415,46.45,42.5,44.035,16788.4,0
BYAH.US,D,20250723,000000,43.625,46,43.165,45.245,15172.4,0
BYAH.US,D,20250724,000000,45,45,41.1,41.925,29959.3,0
BYAH.US,D,20250725,000000,41,42.27,40.185,41.4,13798.7,0
BYAH.US,D,20250728,000000,43.84,43.84,41,41.16,8204.94,0
BYAH.US,D,20250729,000000,40.25,41.19,37.61,38.25,12895.4,0
BYAH.US,D,20250730,000000,37.5,40,37.5,39.17,11379.7,0
BYAH.US,D,20250731,000000,38.98,38.98,35.5,36.075,14213.1,0
BYAH.US,D,20250801,000000,35,35.75,31.6845,32.94,18297.4,0
BYAH.US,D,20250804,000000,32.725,41,32.725,40.995,35686.1,0
BYAH.US,D,20250805,000000,41,41.245,37.5,38.54,10655.5,0
BYAH.US,D,20250806,000000,38.95,39.5,34.7575,36.25,13981.2,0
BYAH.US,D,20250807,000000,34.275,36.995,33.11,34,9830.3,0
BYAH.US,D,20250808,000000,33.025,34.95,31.71,32.265,12164.6,0
BYAH.US,D,20250811,000000,32.1,34,31,32.1,16356,0
BYAH.US,D,20250812,000000,31.885,32.495,29.715,30.5,17130.5,0
BYAH.US,D,20250813,000000,30.55,31.155,29.93,30.75,12184.4,0
BYAH.US,D,20250814,000000,29.715,30.27,27.105,29.035,19626.3,0
BYAH.US,D,20250815,000000,29.05,29.95,27.75,28.5,9437.24,0
BYAH.US,D,20250818,000000,28.5,29.5,26.9,27.24,11853.2,0
BYAH.US,D,20250819,000000,25.76,27.24,25.37,25.745,12008.2,0
BYAH.US,D,20250820,000000,25.85,26.185,24,24.92,12289,0
BYAH.US,D,20250821,000000,23.115,25.25,23.115,25.25,12504.6,0
BYAH.US,D,20250822,000000,26,28.55,25.49,26.905,19052.6,0
BYAH.US,D,20250825,000000,27.505,27.91,24.505,24.995,11182.8,0
BYAH.US,D,20250826,000000,26.18,31.838,25.05,26.65,53985,0
BYAH.US,D,20250827,000000,27.145,29.5,26.65,28.16,33393.6,0
BYAH.US,D,20250828,000000,27.51,28.155,25.605,25.805,16972.7,0
BYAH.US,D,20250829,000000,25.53,25.56,24,25.015,9412.92,0
BYAH.US,D,20250902,000000,25,25.5,24.7,25.24,8486.6,0
BYAH.US,D,20250903,000000,24.5,25.4999,23.505,24.15,9567.36,0
BYAH.US,D,20250904,000000,23.755,24.165,21.5,22.3,14506.3,0
BYAH.US,D,20250905,000000,21.5,23.675,21.5,21.95,11412.8,0
BYAH.US,D,20250908,000000,22,22.85,20.57,21,8925.86,0
BYAH.US,D,20250909,000000,21,23.5,20.55,23.5,29622.8,0
BYAH.US,D,20250910,000000,25.55,28,24.505,27.5,55127.9,0
BYAH.US,D,20250911,000000,25.875,26.66,22.055,23.23,41143.1,0
BYAH.US,D,20250912,000000,23,24.504,22.755,23.835,11396.5,0
BYAH.US,D,20250915,000000,24.5,24.5,22.085,22.61,17618.3,0
BYAH.US,D,20250916,000000,22.06,22.93,22,22.425,14912.2,0
BYAH.US,D,20250917,000000,22,27.25,22,24.815,36967.4,0
BYAH.US,D,20250918,000000,23.8,25,23.8,24.35,8802.9,0
BYAH.US,D,20250919,000000,24.005,25.5,23.655,25.5,10242.4,0
BYAH.US,D,20250922,000000,24,24.925,24,24.27,7824.64,0
BYAH.US,D,20250923,000000,24.5,24.5,22.875,24.02,7563,0
BYAH.US,D,20250924,000000,24,24.445,23.75,24,5102.68,0
BYAH.US,D,20250925,000000,23.8,24,23,23.32,4164.82,0
BYAH.US,D,20250926,000000,23,25.5,23,25.12,12821.5,0
BYAH.US,D,20250929,000000,25.01,26.945,24.1,24.905,10471.7,0
BYAH.US,D,20250930,000000,24.16,25.5,22.5,23.9,7557.02,0
BYAH.US,D,20251001,000000,23.5,24.49,23.5,23.925,4310.38,0
BYAH.US,D,20251002,000000,23.535,24.05,23.5,24.015,5048.92,0
BYAH.US,D,20251003,000000,23.05,24.45,23.05,24.135,5104.18,0
BYAH.US,D,20251006,000000,24,24.875,24,24.34,4904.64,0
BYAH.US,D,20251007,000000,24,24.25,23.055,23.435,5536.12,0
BYAH.US,D,20251008,000000,23.515,23.515,22.665,23.39,9807.64,0
BYAH.US,D,20251009,000000,22.5,23.095,22.265,22.6,8606.66,0
BYAH.US,D,20251010,000000,22.3,23.49,21.82,22.145,9131.4,0
BYAH.US,D,20251013,000000,21.05,22.145,20.07,21.2,10231.3,0
BYAH.US,D,20251014,000000,20.04,20.745,19.145,20.595,15358.4,0
BYAH.US,D,20251015,000000,21.46,21.46,19.57,19.785,6371.18,0
BYAH.US,D,20251016,000000,19.25,20.295,19.25,19.305,6173.92,0
BYAH.US,D,20251017,000000,19,19.38,18.175,18.79,13967.2,0
BYAH.US,D,20251020,000000,18.5,20.485,18.5,19.99,3543.06,0
BYAH.US,D,20251021,000000,19.45,20.485,19.4,19.78,3647.8,0
BYAH.US,D,20251022,000000,19.74,19.74,18.155,18.69,3136.38,0
BYAH.US,D,20251023,000000,18.15,18.9,17.865,18.28,3432.36,0
BYAH.US,D,20251024,000000,18.5,19.84,18.5,19.265,9881.26,0
BYAH.US,D,20251027,000000,19.58,21.175,19.125,19.25,8896.44,0
BYAH.US,D,20251028,000000,20,20.145,17.95,18.655,7038,0
BYAH.US,D,20251029,000000,18.63,20.5,18.53,19.21,4895.7,0
BYAH.US,D,20251030,000000,18.925,19.2,18.165,18.63,4208.84,0
BYAH.US,D,20251031,000000,18.625,18.8,18.25,18.73,2704.46,0
BYAH.US,D,20251103,000000,18.235,19.75,16.55,16.845,9407.04,0
BYAH.US,D,20251104,000000,16.6,16.98,16,16.005,7782.92,0
BYAH.US,D,20251105,000000,15.94,16.2,15,15.81,8156.92,0
BYAH.US,D,20251106,000000,15.59,15.975,14,14.81,8121.66,0
BYAH.US,D,20251107,000000,14.81,14.955,12.5,14.105,8362.66,0
BYAH.US,D,20251110,000000,15,15.205,15,15.005,3687.7,0
BYAH.US,D,20251111,000000,13.27,15,13.27,14.975,2553.84,0
BYAH.US,D,20251112,000000,14.5,14.61,13.755,14.1,3473.34,0
BYAH.US,D,20251113,000000,14.025,14.425,13.17,13.46,4833.06,0
BYAH.US,D,20251114,000000,13.055,13.68,13.01,13.64,3046.6,0
BYAH.US,D,20251117,000000,13.275,13.91,13.17,13.51,4806.14,0
BYAH.US,D,20251118,000000,13.51,13.75,13.075,13.155,1131.2,0
BYAH.US,D,20251119,000000,13.2,13.28,13,13.04,2755.96,0
BYAH.US,D,20251120,000000,13.04,13.41,12.75,13.074,4538.62,0
BYAH.US,D,20251121,000000,13.065,13.065,12.555,12.89,1606.88,0
BYAH.US,D,20251124,000000,12.57,13.28,12.57,12.635,4103.54,0
BYAH.US,D,20251125,000000,12.71,14.005,12.655,13.92,8765.42,0
BYAH.US,D,20251126,000000,13.5,13.92,13.065,13.77,1623.06,0
BYAH.US,D,20251128,000000,13.5,13.5,13.005,13.415,1176.12,0
BYAH.US,D,20251201,000000,13.51,13.51,12.845,13,3659.44,0
BYAH.US,D,20251202,000000,12.955,12.955,11.84,11.84,6888.6,0
BYAH.US,D,20251203,000000,11.5,12.47,11.375,11.89,5037.26,0
BYAH.US,D,20251204,000000,11.89,12.47,11.755,12.37,2011.78,0
BYAH.US,D,20251205,000000,11.475,11.575,10.145,10.925,18588.9,0
BYAH.US,D,20251208,000000,11,11,10.06,10.275,5855.82,0
BYAH.US,D,20251209,000000,10.425,10.49,10.055,10.23,3661.16,0
BYAH.US,D,20251210,000000,10.4,11.275,10.25,10.87,7691.34,0
BYAH.US,D,20251211,000000,11,11,10.685,10.79,1746.08,0
BYAH.US,D,20251212,000000,10.8,10.84,10.285,10.365,4023.3,0
BYAH.US,D,20251215,000000,10.365,10.55,10.0355,10.3,3421.44,0
BYAH.US,D,20251216,000000,10.29,10.29,10,10.01,1939.24,0
BYAH.US,D,20251217,000000,10,10,8.8505,9.175,5144.36,0
BYAH.US,D,20251218,000000,9.15,9.305,9.005,9.305,1589.88,0
BYAH.US,D,20251219,000000,9,9.3,9,9.13,4022.72,0
BYAH.US,D,20251222,000000,9.15,9.5,9.13,9.5,5636.44,0
BYAH.US,D,20251223,000000,9.9,10,9.63,9.815,1928.84,0
BYAH.US,D,20251224,000000,9,9.695,9,9.46,724.06,0
BYAH.US,D,20251226,000000,9.8,9.8,9.15,9.15,3009.24,0
BYAH.US,D,20251229,000000,9,9.085,8.505,8.88,5043.7,0
BYAH.US,D,20251230,000000,8.7,9.245,8.5075,8.515,4372.06,0
BYAH.US,D,20251231,000000,8.7,8.705,6.865,7.95,29900.5,0
BYAH.US,D,20260102,000000,7.31,8.7,7.31,8.505,3336.74,0
BYAH.US,D,20260105,000000,8.005,8.65,8.005,8.55,3209.34,0
BYAH.US,D,20260106,000000,8.7,8.7,8.025,8.225,3514.6,0
BYAH.US,D,20260107,000000,8.515,8.805,8.26,8.27,2356.16,0
BYAH.US,D,20260108,000000,8.5,8.7,8.255,8.405,2976.1,0
BYAH.US,D,20260109,000000,8.395,8.695,8.31,8.31,1303.68,0
BYAH.US,D,20260112,000000,8.5,8.5,8,8.07,1999.52,0
BYAH.US,D,20260113,000000,7.52,8.3995,7.5,7.66,4783.42,0
BYAH.US,D,20260114,000000,8.25,8.25,7.515,7.76,3468.88,0
BYAH.US,D,20260115,000000,8.005,8.005,7.76,7.88,1543.34,0
BYAH.US,D,20260116,000000,7.805,8.25,7.8,8.09,2806.2,0
BYAH.US,D,20260120,000000,8.09,8.48,8,8.06,2564.7,0
BYAH.US,D,20260121,000000,8.5,8.5,8,8.085,1137.54,0
BYAH.US,D,20260122,000000,8,8.49995,7.665,7.775,6534.52,0
BYAH.US,D,20260123,000000,7.7,8.25,7.675,8.15,4411.16,0
BYAH.US,D,20260126,000000,8.15,8.15,7.31,7.31,8990.42,0
BYAH.US,D,20260127,000000,7.5,7.5,5.55,5.55,35865.3,0
BYAH.US,D,20260128,000000,6.03,6.69,5.18,6.25,1773168,0
BYAH.US,D,20260129,000000,5,5,4.29985,4.775,144610,0
BYAH.US,D,20260130,000000,4.14,4.74,4.14,4.405,69414.2,0
BYAH.US,D,20260202,000000,4.06,4.25,3.595,3.905,43015.9,0
BYAH.US,D,20260203,000000,3.79,4.71,3.75,3.935,220103,0
BYAH.US,D,20260204,000000,5.885,6.89,4.075,5,11362901,0
BYAH.US,D,20260205,000000,3.755,5.5,2.735,4.985,876610,0
BYAH.US,D,20260206,000000,3.76,4.41,3.64,4.2,181478,0
BYAH.US,D,20260209,000000,3.93,5.23,3.805,5.19,209054,0
BYAH.US,D,20260210,000000,4.33,4.575,4.005,4.005,113280,0
BYAH.US,D,20260211,000000,3.75,3.95,3.505,3.59,111932,0
BYAH.US,D,20260212,000000,3.57,3.675,3.25,3.45,51185.4,0
BYAH.US,D,20260213,000000,3.415,3.5,3.055,3.06,67662.4,0
BYAH.US,D,20260217,000000,2.75,3.25,2.55,2.84,59054.7,0
BYAH.US,D,20260218,000000,2.81,2.81,2.46,2.555,66901,0
BYAH.US,D,20260219,000000,2.49,2.555,2.355,2.545,51163.2,0
BYAH.US,D,20260220,000000,2.52,2.77,2.11,2.28,170420,0
BYAH.US,D,20260223,000000,2.12,2.25,1.7,1.94,129900,0
BYAH.US,D,20260224,000000,1.87,1.8897,1.75,1.8,42400,0
BYAH.US,D,20260225,000000,1.77,1.8,1.71,1.775,29200,0
BYAH.US,D,20260226,000000,1.75,1.8358,1.7179,1.7179,47971,0
BYAH.US,D,20260227,000000,1.7,1.97,1.7,1.89,84898,0
BYAH.US,D,20260302,000000,1.8,1.8153,1.68,1.69,36441,0
BYAH.US,D,20260303,000000,1.66,1.6898,1.495,1.67,34276,0
BYAH.US,D,20260304,000000,1.6701,1.68,1.63,1.63,26049,0
BYAH.US,D,20260305,000000,1.62,1.67,1.59,1.595,18082,0
BYAH.US,D,20260306,000000,1.52,1.59,1.4,1.57,34450,0
BYAH.US,D,20260309,000000,1.5807,1.62,1.42,1.5432,2233615,0
BYAH.US,D,20260310,000000,1.68,1.73,1.1501,1.2,1270073,0
BYAH.US,D,20260311,000000,1.2,1.2387,1.12,1.19,88316,0
BYAH.US,D,20260312,000000,1.17,1.25,1.15,1.15,149072,0
BYAH.US,D,20260313,000000,1.16,1.2,1.1302,1.2,60632,0
BYAH.US,D,20260316,000000,1.19,1.24,1.15,1.16,122205,0
BYAH.US,D,20260317,000000,1.1602,1.21,1.0905,1.12,73334,0
BYAH.US,D,20260318,000000,1.11,1.18,1.0701,1.1,19799,0
BYAH.US,D,20260319,000000,1.08,1.08,1.03,1.06,13187,0
BYAH.US,D,20260320,000000,1.03,1.1846,1.02,1.025,19190,0
BYAH.US,D,20260323,000000,1.0299,1.0962,1.0077,1.09,14889,0
BYAH.US,D,20260324,000000,1.08,1.084,1.025,1.07,20810,0
BYAH.US,D,20260325,000000,1.0501,1.07,1.033608,1.07,10069,0
BYAH.US,D,20260326,000000,1.04,1.07,1.04,1.06,9988,0
BYAH.US,D,20260327,000000,1.05,1.065,1.02,1.035,11422,0
BYAH.US,D,20260330,000000,1.02,1.0788,0.9555,0.995,13757,0
BYAH.US,D,20260331,000000,0.9408,1.05,0.9408,1.05,390763,0
BYAH.US,D,20260401,000000,0.9702,1.07,0.9301,1.04,310672,0
BYAH.US,D,20260402,000000,1.03,1.05,1.01,1.05,40030,0
BYAH.US,D,20260406,000000,0.9553,1.09,0.9553,1.04,20537,0
BYAH.US,D,20260407,000000,1.04,1.05,0.9866,1.02,19365,0
BYAH.US,D,20260408,000000,1.0454,1.09,1,1.07,13081,0
BYAH.US,D,20260409,000000,1.04,1.05,1.02,1.05,13447,0
BYAH.US,D,20260410,000000,1.0428,1.0748,1.0111,1.04,24772,0
BYAH.US,D,20260413,000000,1.05,1.09,1.03,1.09,21246,0
BYAH.US,D,20260414,000000,1.0598,1.07,1.0301,1.065,16882,0
BYAH.US,D,20260415,000000,1.03,1.14,1.03,1.14,43686,0
BYAH.US,D,20260416,000000,1.11,1.14,1.0801,1.13,13998,0
BYAH.US,D,20260417,000000,1.14,1.14,1.06,1.1,19659,0
BYAH.US,D,20260420,000000,1.065,1.085,1.04,1.085,9806,0
BYAH.US,D,20260421,000000,1.05,1.1,1.02,1.09,24858,0
BYAH.US,D,20260422,000000,1.09,1.09,1.07,1.0704,4224,0
BYAH.US,D,20260423,000000,1.05,1.09,1.02,1.08,5900,0
BYAH.US,D,20260424,000000,1.07,1.07,1.05,1.06,2819,0
BYAH.US,D,20260427,000000,1.02,1.11,1.02,1.1,7563,0
BYAH.US,D,20260428,000000,1.088,1.1,1.065,1.08,6977,0
BYAH.US,D,20260429,000000,1.1,1.1,1.04,1.055,10342,0
BYAH.US,D,20260430,000000,1.05,1.095,1.045,1.095,11542,0
BYAH.US,D,20260501,000000,1.0624,1.13,1.06,1.13,6193,0
BYAH.US,D,20260504,000000,1.13,1.2,1.1,1.2,32747,0
BYAH.US,D,20260505,000000,1.2,1.24,1.15,1.15,14920,0
BYAH.US,D,20260506,000000,1.23,1.23,1.19,1.19,25708,0
BYAH.US,D,20260507,000000,1.18,1.23,1.17,1.23,9404,0
BYAH.US,D,20260508,000000,1.24,1.4497,1.2001,1.4,117347,0
BYAH.US,D,20260511,000000,1.36,1.36,1.23,1.3,44085,0
BYAH.US,D,20260512,000000,1.3,1.46,1.2791,1.36,16444,0
BYAH.US,D,20260513,000000,1.39,1.5682,1.36,1.47,56049,0
BYAH.US,D,20260514,000000,1.52,1.52,1.26,1.28,44936,0
BYAH.US,D,20260515,000000,1.4,1.4,1.26,1.27,8583,0
BYAH.US,D,20260518,000000,1.23,1.24,1.11,1.21,15958,0
BYAH.US,D,20260519,000000,1.14,1.155,1.055,1.09,22563,0
BYAH.US,D,20260520,000000,1.1061,1.1089,1.06,1.08,10875,0
BYAH.US,D,20260521,000000,1.1,1.13,1.09,1.12,4245,0
BYAH.US,D,20260522,000000,1.15,1.15,1.0425,1.08,11636,0
BYAH.US,D,20260526,000000,1.1,1.1002,1.05,1.09,4431,0
BYAH.US,D,20260527,000000,1.0996,1.22,1.0996,1.22,28247,0
BYAH.US,D,20260528,000000,1.21,1.21,1.2,1.2,8035,0
BYAH.US,D,20260529,000000,1.1822,1.339,1.1822,1.22,10408,0
BYAH.US,D,20260601,000000,1.2784,1.2784,1.17,1.17,6050,0
BYAH.US,D,20260602,000000,1.13,1.29,1.1,1.25,36880,0
BYAH.US,D,20260603,000000,1.24,1.24,1.2005,1.2292,2789,0
BYAH.US,D,20260604,000000,1.22,1.31,1.165,1.2909,19523,0
BYAH.US,D,20260605,000000,1.22,1.24,1.06,1.06,8204,0
BYAH.US,D,20260608,000000,1.2,6.49,1.132,2.65,21198817,0
BYAH.US,D,20260609,000000,1.51,1.69,1.32,1.56,2247345,0
BYAH.US,D,20260610,000000,1.45,1.45,1.15,1.24,412017,0
BYAH.US,D,20260611,000000,1.14,1.32,1.025,1.05,27504303,0
BYAH.US,D,20260612,000000,2.87,3.64,1.37,1.47,105120087,0
BYAH.US,D,20260615,000000,1.96,1.9899,1.3703,1.48,12491205,0
BYAH.US,D,20260616,000000,1.27,1.56,1.24,1.5,1486845,0
BYAH.US,D,20260617,000000,1.37,1.5,1.2,1.2,6810256,0
BYAH.US,D,20260618,000000,1.66,1.68,1.32,1.32,11215370,0
BYAH.US,D,20260622,000000,1.28,1.4,1.24,1.35,693061,0
BYAH.US,D,20260623,000000,1.44,1.44,1.29,1.38,2659736,0
BYAH.US,D,20260624,000000,1.28,1.33,1.24,1.255,275393,0
