<TICKER>,<PER>,<DATE>,<TIME>,<OPEN>,<HIGH>,<LOW>,<CLOSE>,<VOL>,<OPENINT>
CCHH.US,D,20251003,000000,5.32,8.25,4.08,4.44,4208425,0
CCHH.US,D,20251006,000000,4.17,4.17,3.68,3.72,441102,0
CCHH.US,D,20251007,000000,3.6907,5,3.49,4.13,568632,0
CCHH.US,D,20251008,000000,4.19,4.2999,4.05,4.1,64928,0
CCHH.US,D,20251009,000000,4.16,4.4599,4.1254,4.19,267394,0
CCHH.US,D,20251010,000000,4.38,5.5,4.27,5.39,676436,0
CCHH.US,D,20251013,000000,5.04,5.345,4.4,4.49,109714,0
CCHH.US,D,20251014,000000,4.29,4.8,4.1201,4.55,58364,0
CCHH.US,D,20251015,000000,4.4,4.7,4.4,4.59,29593,0
CCHH.US,D,20251016,000000,4.7,4.8,4.33,4.77,79688,0
CCHH.US,D,20251017,000000,4.6,5,4.25,4.91,993206,0
CCHH.US,D,20251020,000000,4.91,5.3001,4.36,4.605,90944,0
CCHH.US,D,20251021,000000,4.57,4.7,4.27,4.39,121429,0
CCHH.US,D,20251022,000000,4.61,4.67,4.4,4.62,51720,0
CCHH.US,D,20251023,000000,4.65,4.65,4.43,4.5,28617,0
CCHH.US,D,20251024,000000,4.35,4.85,4.35,4.44,804124,0
CCHH.US,D,20251027,000000,4.5017,4.615,4.2,4.3,42880,0
CCHH.US,D,20251028,000000,4.4,4.7,4.25,4.54,828152,0
CCHH.US,D,20251029,000000,4.49,4.59,4.36,4.48,547517,0
CCHH.US,D,20251030,000000,4.4,4.82,4.4,4.63,209734,0
CCHH.US,D,20251031,000000,4.71,4.9899,4.63,4.73,129432,0
CCHH.US,D,20251103,000000,4.79,4.8325,4.61,4.62,44489,0
CCHH.US,D,20251104,000000,4.55,4.6996,4.43,4.46,131270,0
CCHH.US,D,20251105,000000,4.47,4.7659,4.46,4.58,38047,0
CCHH.US,D,20251106,000000,4.64,4.69,4.49,4.58,39855,0
CCHH.US,D,20251107,000000,4.55,4.715,4.5,4.7,111677,0
CCHH.US,D,20251110,000000,4.66,4.7,4.59,4.69,53007,0
CCHH.US,D,20251111,000000,4.54,4.67,4.52,4.63,44216,0
CCHH.US,D,20251112,000000,4.77,5.5,4.72,5.2,1133081,0
CCHH.US,D,20251113,000000,5.23,5.7999,5.1,5.74,957765,0
CCHH.US,D,20251114,000000,5.7,5.98,5.5,5.87,1019130,0
CCHH.US,D,20251117,000000,5.81,6.06,5.66,5.76,171796,0
CCHH.US,D,20251118,000000,5.75,6.11,5.16,6.01,2126601,0
CCHH.US,D,20251119,000000,6,7.56,5.75,6.08,3135720,0
CCHH.US,D,20251120,000000,5.93,8.21,5.4,7.75,802142,0
CCHH.US,D,20251121,000000,7.76,10.52,7.75,9.76,378128,0
CCHH.US,D,20251124,000000,9.83,10.95,6.13,9.39,255292,0
CCHH.US,D,20251125,000000,8.91,9.7,8.8,9.53,354344,0
CCHH.US,D,20251126,000000,9.11,10.3,9,9.9,1637895,0
CCHH.US,D,20251128,000000,9.9,10.8,9.8,10.55,152958,0
CCHH.US,D,20251201,000000,10.06,10.41,9.36,9.99,1345069,0
CCHH.US,D,20251202,000000,9.39,10.8,9.39,10.38,144635,0
CCHH.US,D,20251203,000000,10.05,10.6772,10.02,10.47,572874,0
CCHH.US,D,20251204,000000,10.29,10.7,10.0136,10.48,125319,0
CCHH.US,D,20251205,000000,10.26,12.26,10.26,11.47,124280,0
CCHH.US,D,20251208,000000,12.16,13.53,11.5101,13.04,188361,0
CCHH.US,D,20251209,000000,13.22,14.55,12.8,14.55,163037,0
CCHH.US,D,20251210,000000,14.38,14.65,13.62,13.99,830805,0
CCHH.US,D,20251211,000000,14.24,15.39,14,15.12,6151002,0
CCHH.US,D,20251212,000000,14.78,15.15,1.6,2.65,6873313,0
CCHH.US,D,20251215,000000,1.66,1.67,0.77,1.02,6162386,0
CCHH.US,D,20251216,000000,0.939,0.939,0.6504,0.7199,2442062,0
CCHH.US,D,20251217,000000,0.68,1.06,0.65,0.6848,4890126,0
CCHH.US,D,20251218,000000,0.7,0.7487,0.5342,0.613,1227430,0
CCHH.US,D,20251219,000000,0.6068,0.635,0.59,0.6101,473004,0
CCHH.US,D,20251222,000000,0.6,0.6005,0.53,0.5403,625071,0
CCHH.US,D,20251223,000000,0.5,0.535,0.5,0.5299,316793,0
CCHH.US,D,20251224,000000,0.5,0.53,0.5,0.53,161915,0
CCHH.US,D,20251226,000000,0.5,0.5225,0.5,0.5068,265081,0
CCHH.US,D,20251229,000000,0.493,0.6847,0.4888,0.5301,6947003,0
CCHH.US,D,20251230,000000,0.535,0.584501,0.515,0.58,659971,0
CCHH.US,D,20251231,000000,0.58,0.58,0.5101,0.5118,384503,0
CCHH.US,D,20260102,000000,0.52,0.612,0.52,0.58,684341,0
CCHH.US,D,20260105,000000,0.58,0.5975,0.52,0.559,647722,0
CCHH.US,D,20260106,000000,0.55,0.569,0.521,0.56,279543,0
CCHH.US,D,20260107,000000,0.55,0.575,0.531,0.5328,181251,0
CCHH.US,D,20260108,000000,0.52,0.5444,0.505,0.506,360464,0
CCHH.US,D,20260109,000000,0.5013,0.5298,0.5011,0.505,262250,0
CCHH.US,D,20260112,000000,0.51,0.5199,0.49,0.4918,311710,0
CCHH.US,D,20260113,000000,0.4928,0.5,0.465,0.465,239598,0
CCHH.US,D,20260114,000000,0.4589,0.4834,0.42,0.42,289601,0
CCHH.US,D,20260115,000000,0.413,0.457999,0.413,0.4382,286018,0
CCHH.US,D,20260116,000000,0.46,0.47,0.44,0.446,3588210,0
CCHH.US,D,20260120,000000,0.67165,0.85,0.56,0.5729,80408143,0
CCHH.US,D,20260121,000000,0.61,0.699,0.5701,0.6105,4186363,0
CCHH.US,D,20260122,000000,0.6048,0.6637,0.5941,0.6031,1278556,0
CCHH.US,D,20260123,000000,0.6108,0.6224,0.58,0.59,423508,0
CCHH.US,D,20260126,000000,0.5001,0.522751,0.4806,0.4809,855485,0
CCHH.US,D,20260127,000000,0.5016,0.5261,0.4915,0.4915,242277,0
CCHH.US,D,20260128,000000,0.499,0.515,0.49,0.4908,259945,0
CCHH.US,D,20260129,000000,0.48,0.51,0.4701,0.4844,288927,0
CCHH.US,D,20260130,000000,0.4817,0.5115,0.46,0.46,245384,0
CCHH.US,D,20260202,000000,0.47,0.4775,0.4131,0.42,469089,0
CCHH.US,D,20260203,000000,0.4333,0.4607,0.36,0.385,427056,0
CCHH.US,D,20260204,000000,0.38,0.418375,0.38,0.38,171881,0
CCHH.US,D,20260205,000000,0.3908,0.4386,0.381,0.3811,8254953,0
CCHH.US,D,20260206,000000,0.6457,0.7172,0.5294,0.574,122714239,0
CCHH.US,D,20260209,000000,0.7353,1.45,0.701,1.35,177250877,0
CCHH.US,D,20260210,000000,0.9715,1.32,0.88,1.19,24274807,0
CCHH.US,D,20260211,000000,1.47,1.79,1,1.06,27857636,0
CCHH.US,D,20260212,000000,0.948,1.18,0.94,1,2920999,0
CCHH.US,D,20260213,000000,1.01,1.13,0.76,0.7999,2168459,0
CCHH.US,D,20260217,000000,0.6701,0.7,0.5,0.5493,1166328,0
CCHH.US,D,20260218,000000,0.58,0.657,0.5657,0.64,1147545,0
CCHH.US,D,20260219,000000,0.6154,0.69,0.5908,0.6424,524404,0
CCHH.US,D,20260220,000000,0.6443,0.6443,0.5803,0.5915,251042,0
CCHH.US,D,20260223,000000,0.581,0.584,0.52,0.55175,264700,0
CCHH.US,D,20260224,000000,0.52,0.56,0.52,0.5344,303500,0
CCHH.US,D,20260225,000000,0.5237,0.5398,0.52,0.5287,275533,0
CCHH.US,D,20260226,000000,0.51,0.549899,0.51,0.51,147385,0
CCHH.US,D,20260227,000000,0.5033,0.526,0.49,0.4945,142064,0
CCHH.US,D,20260302,000000,0.46,0.46745,0.4399,0.46,368885,0
CCHH.US,D,20260303,000000,0.44,0.8346,0.44,0.7629,25806379,0
CCHH.US,D,20260304,000000,0.85,1.34,0.838076,1.14,18190079,0
CCHH.US,D,20260305,000000,1.04,1.11,0.907,1.0594,1339421,0
CCHH.US,D,20260306,000000,0.5925,0.66,0.4902,0.6239,5169672,0
CCHH.US,D,20260309,000000,0.5593,0.807699,0.5457,0.6623,1599052,0
CCHH.US,D,20260310,000000,0.669,0.75,0.66,0.6659,492118,0
CCHH.US,D,20260311,000000,0.684,0.8,0.6826,0.7292,953781,0
CCHH.US,D,20260312,000000,0.7575,0.8423,0.7276,0.7276,483417,0
CCHH.US,D,20260313,000000,0.79,0.7987,0.6811,0.7,485839,0
CCHH.US,D,20260316,000000,0.7259,0.7899,0.6731,0.7041,331322,0
CCHH.US,D,20260317,000000,0.7,0.7283,0.68,0.6876,277924,0
CCHH.US,D,20260318,000000,0.6876,0.6976,0.6337,0.64,264474,0
CCHH.US,D,20260319,000000,0.6411,0.71,0.6411,0.7099,290539,0
CCHH.US,D,20260320,000000,0.7097,0.7099,0.656201,0.6801,87629,0
CCHH.US,D,20260323,000000,0.6721,0.6976,0.6667,0.6857,75964,0
CCHH.US,D,20260324,000000,0.657,0.6708,0.62505,0.6472,176165,0
CCHH.US,D,20260325,000000,0.663,0.7,0.6373,0.6404,78989,0
CCHH.US,D,20260326,000000,0.64,0.6799,0.62,0.62,58695,0
CCHH.US,D,20260327,000000,0.64,0.6998,0.6399,0.64,134477,0
CCHH.US,D,20260330,000000,0.6533,0.69,0.64,0.65,157881,0
CCHH.US,D,20260331,000000,0.6525,0.66,0.63,0.64,149053,0
CCHH.US,D,20260401,000000,0.66,0.7,0.635,0.64,178609,0
CCHH.US,D,20260402,000000,0.65,0.6745,0.63,0.6671,118252,0
CCHH.US,D,20260406,000000,0.6346,0.67,0.6346,0.65,49775,0
CCHH.US,D,20260407,000000,0.63,0.65,0.612,0.612,102064,0
CCHH.US,D,20260408,000000,0.6125,0.6497,0.55,0.5924,247067,0
CCHH.US,D,20260409,000000,0.595,0.6291,0.5604,0.628,136197,0
CCHH.US,D,20260410,000000,0.6046,0.62,0.59,0.6004,70761,0
CCHH.US,D,20260413,000000,0.58,0.6361,0.58,0.593,79381,0
CCHH.US,D,20260414,000000,0.589,0.62,0.589,0.593,95349,0
CCHH.US,D,20260415,000000,0.5929,0.619,0.5434,0.5777,130727,0
CCHH.US,D,20260416,000000,0.58,0.593,0.56,0.5651,127811,0
CCHH.US,D,20260417,000000,0.561,0.589,0.56,0.56,128160,0
CCHH.US,D,20260420,000000,0.56,0.5683,0.55,0.5505,102557,0
CCHH.US,D,20260421,000000,0.5617,0.5699,0.53,0.5311,71937,0
CCHH.US,D,20260422,000000,0.54,0.5588,0.5038,0.5481,82504,0
CCHH.US,D,20260423,000000,0.54,0.58,0.51,0.5106,80286,0
CCHH.US,D,20260424,000000,0.51,0.5464,0.51,0.514,117363,0
CCHH.US,D,20260427,000000,0.5284,0.5599,0.5001,0.5005,30601,0
CCHH.US,D,20260428,000000,0.5,0.504899,0.4701,0.4731,70140,0
CCHH.US,D,20260429,000000,0.478,0.478,0.4201,0.4449,121634,0
CCHH.US,D,20260430,000000,0.45,0.4685,0.42,0.4498,70477,0
CCHH.US,D,20260501,000000,0.47,0.485,0.45805,0.48,92657,0
CCHH.US,D,20260504,000000,0.48,0.4919,0.47,0.4701,35635,0
CCHH.US,D,20260505,000000,0.4898,0.4898,0.443101,0.456,32454,0
CCHH.US,D,20260506,000000,0.46,0.4849,0.46,0.4729,43742,0
CCHH.US,D,20260507,000000,0.48,0.48,0.45,0.45,35593,0
CCHH.US,D,20260508,000000,0.4823,0.4823,0.43,0.43,26309,0
CCHH.US,D,20260511,000000,0.4203,0.4324,0.4,0.4029,79224,0
CCHH.US,D,20260512,000000,0.4,0.43,0.3955,0.415,87633,0
CCHH.US,D,20260513,000000,0.4011,0.4148,0.38,0.3855,140133,0
CCHH.US,D,20260514,000000,0.409,0.421,0.385,0.4076,62608,0
CCHH.US,D,20260515,000000,0.4,0.4187,0.3852,0.3884,30776,0
CCHH.US,D,20260518,000000,0.4,0.405,0.38,0.38,49890,0
CCHH.US,D,20260519,000000,0.38,0.42,0.38,0.42,63518,0
CCHH.US,D,20260520,000000,0.405,0.419799,0.3901,0.4063,28890,0
CCHH.US,D,20260521,000000,0.4,0.41,0.3901,0.4035,31685,0
CCHH.US,D,20260522,000000,0.41,0.52,0.41,0.4948,220372,0
CCHH.US,D,20260526,000000,0.5,0.5141,0.485,0.5,182149,0
CCHH.US,D,20260527,000000,0.4896,0.49005,0.4503,0.46,236417,0
CCHH.US,D,20260528,000000,0.45,0.4887,0.45,0.46,103794,0
CCHH.US,D,20260529,000000,0.4687,0.5,0.4555,0.48,49595,0
CCHH.US,D,20260601,000000,0.48,0.4801,0.4555,0.4576,63728,0
CCHH.US,D,20260602,000000,0.4578,0.4588,0.4211,0.4298,56190,0
CCHH.US,D,20260603,000000,0.4419,0.4419,0.4006,0.4033,60993,0
CCHH.US,D,20260604,000000,0.4077,0.42,0.3816,0.383,63792,0
CCHH.US,D,20260605,000000,0.3822,0.3822,0.37,0.37,64930,0
CCHH.US,D,20260608,000000,0.37,0.3799,0.36,0.36499,4912026,0
CCHH.US,D,20260609,000000,0.33,0.375,0.3066,0.3452,2040919,0
CCHH.US,D,20260610,000000,0.325,0.4321,0.3005,0.346,28237309,0
CCHH.US,D,20260611,000000,1.015,1.02,0.47,0.5201,135814136,0
CCHH.US,D,20260612,000000,0.4892,0.545,0.451,0.501,3396851,0
CCHH.US,D,20260615,000000,0.4691,0.517,0.4691,0.5051,695044,0
CCHH.US,D,20260616,000000,0.47,0.6,0.47,0.564,1373360,0
CCHH.US,D,20260617,000000,0.5381,0.55,0.4451,0.4451,757743,0
CCHH.US,D,20260618,000000,0.4641,0.519,0.4641,0.4907,1757982,0
CCHH.US,D,20260622,000000,0.4629,0.4712,0.4355,0.4534,416992,0
CCHH.US,D,20260623,000000,0.4401,0.4696,0.4305,0.443,289360,0
CCHH.US,D,20260624,000000,0.458,0.458,0.44,0.44495,244494,0
