<TICKER>,<PER>,<DATE>,<TIME>,<OPEN>,<HIGH>,<LOW>,<CLOSE>,<VOL>,<OPENINT>
CCXIU.US,D,20251217,000000,10.2,10.24,10.2,10.21,7134142,0
CCXIU.US,D,20251218,000000,10.21,10.5076,10.2,10.22,986828,0
CCXIU.US,D,20251219,000000,10.24,10.2585,10.22,10.22,119342,0
CCXIU.US,D,20251222,000000,10.29,10.31,10.23,10.23,252210,0
CCXIU.US,D,20251223,000000,10.28,10.28,10.185,10.2,144011,0
CCXIU.US,D,20251224,000000,10.25,10.25,10.22,10.25,24686,0
CCXIU.US,D,20251226,000000,10.2,10.2594,10.2,10.24,87884,0
CCXIU.US,D,20251229,000000,10.29,10.29,10.25,10.25,14994,0
CCXIU.US,D,20251230,000000,10.245,10.25,10.22,10.25,27593,0
CCXIU.US,D,20251231,000000,10.25,10.25,10.21,10.21,10881,0
CCXIU.US,D,20260102,000000,10.29,10.35,10.24,10.28,99878,0
CCXIU.US,D,20260105,000000,10.39,10.39,10.28,10.28,21114,0
CCXIU.US,D,20260106,000000,10.32,10.32,10.23,10.27,563346,0
CCXIU.US,D,20260107,000000,10.28,10.37,10.28,10.305,9107,0
CCXIU.US,D,20260108,000000,10.32,10.337,10.28,10.29,9866,0
CCXIU.US,D,20260109,000000,10.3625,10.3625,10.29,10.32,2470,0
CCXIU.US,D,20260112,000000,10.344,10.344,10.28,10.29,72094,0
CCXIU.US,D,20260113,000000,10.2999,10.2999,10.25,10.27,2059,0
CCXIU.US,D,20260114,000000,10.28,10.2805,10.24,10.24,192278,0
CCXIU.US,D,20260115,000000,10.3699,10.3699,10.265,10.27,103226,0
CCXIU.US,D,20260116,000000,10.38,10.38,10.3,10.31,452621,0
CCXIU.US,D,20260120,000000,10.31,10.3408,10.3,10.3,38803,0
CCXIU.US,D,20260121,000000,10.3319,10.37,10.3,10.34,9201,0
CCXIU.US,D,20260122,000000,10.3,10.39,10.3,10.32,251362,0
CCXIU.US,D,20260123,000000,10.35,10.39,10.28,10.31,225961,0
CCXIU.US,D,20260126,000000,10.3268,10.33,10.3,10.3,108785,0
CCXIU.US,D,20260127,000000,10.28,10.33,10.28,10.33,50858,0
CCXIU.US,D,20260128,000000,10.34,10.345,10.325,10.34,68860,0
CCXIU.US,D,20260129,000000,10.325,10.33,10.315,10.32,51813,0
CCXIU.US,D,20260130,000000,10.4,10.4,10.3,10.3,18354,0
CCXIU.US,D,20260202,000000,10.4,10.4,10.25,10.26,233506,0
CCXIU.US,D,20260203,000000,10.21,10.38,10.21,10.32,4148,0
CCXIU.US,D,20260204,000000,10.32,10.32,10.26,10.3,4478,0
CCXIU.US,D,20260205,000000,10.39,10.39,10.26,10.27,7589,0
CCXIU.US,D,20260206,000000,10.35,10.4,10.26,10.39,90650,0
CCXIU.US,D,20260209,000000,10.35,10.36,10.295,10.36,49829,0
CCXIU.US,D,20260210,000000,10.38,10.38,10.2962,10.31,15572,0
CCXIU.US,D,20260211,000000,10.31,10.32,10.29,10.29,3401,0
CCXIU.US,D,20260212,000000,10.28,10.28,10.28,10.28,8792,0
CCXIU.US,D,20260213,000000,10.29,10.3,10.2,10.3,3519,0
CCXIU.US,D,20260217,000000,10.3,10.3,10.3,10.3,1246,0
CCXIU.US,D,20260218,000000,10.45,10.45,10.22,10.27,41960,0
CCXIU.US,D,20260219,000000,10.3411,10.3411,10.23,10.23,1846,0
CCXIU.US,D,20260220,000000,10.35,10.35,10.24,10.24,1132,0
CCXIU.US,D,20260223,000000,10.36,10.45,10.24,10.29,7900,0
CCXIU.US,D,20260225,000000,10.21,10.24,10.21,10.24,1206,0
CCXIU.US,D,20260226,000000,10.245,10.245,10.185,10.185,5178,0
CCXIU.US,D,20260227,000000,10.285,10.29,10.22,10.22,4508,0
CCXIU.US,D,20260302,000000,10.36,10.36,10.36,10.36,227,0
CCXIU.US,D,20260303,000000,10.21,10.25,10.19,10.24,32594,0
CCXIU.US,D,20260304,000000,10.22,10.24,10.22,10.24,55037,0
CCXIU.US,D,20260305,000000,10.19,10.31,10.19,10.31,18187,0
CCXIU.US,D,20260306,000000,10.16,10.32,10.16,10.32,7060,0
CCXIU.US,D,20260309,000000,10.24,10.36,10.24,10.34,60504,0
CCXIU.US,D,20260311,000000,10.36,10.36,10.36,10.36,3300,0
CCXIU.US,D,20260316,000000,10.3,10.3,10.29,10.3,980,0
CCXIU.US,D,20260318,000000,10.16,10.31,10.16,10.31,429,0
CCXIU.US,D,20260325,000000,10.1698,10.25,10.1698,10.25,1199,0
CCXIU.US,D,20260327,000000,10.2372,10.2372,10.2372,10.2372,482,0
CCXIU.US,D,20260331,000000,10.17,10.25,10.17,10.25,1720,0
CCXIU.US,D,20260401,000000,10.205,10.24,10.205,10.24,360,0
CCXIU.US,D,20260406,000000,10.2,10.2,10.16,10.16,53575,0
CCXIU.US,D,20260407,000000,10.25,10.25,10.17,10.17,710,0
CCXIU.US,D,20260408,000000,10.22,10.22,10.22,10.22,1000,0
CCXIU.US,D,20260409,000000,10.23,10.23,10.23,10.23,360,0
CCXIU.US,D,20260410,000000,10.1856,10.205,10.1856,10.205,330,0
CCXIU.US,D,20260414,000000,10.25,10.25,10.25,10.25,479,0
CCXIU.US,D,20260422,000000,10.25,10.25,10.25,10.25,205,0
CCXIU.US,D,20260423,000000,10.28,10.34,10.2799,10.29,11559,0
CCXIU.US,D,20260424,000000,10.29,10.29,10.29,10.29,5011,0
CCXIU.US,D,20260428,000000,10.275,10.32,10.27,10.27,54460,0
CCXIU.US,D,20260429,000000,10.23,10.29,10.23,10.29,6500,0
CCXIU.US,D,20260430,000000,10.29,10.29,10.29,10.29,100011,0
CCXIU.US,D,20260501,000000,10.285,10.285,10.275,10.275,30744,0
CCXIU.US,D,20260504,000000,10.25,10.26,10.25,10.25,1731,0
CCXIU.US,D,20260506,000000,10.27,10.27,10.25,10.25,5146,0
CCXIU.US,D,20260508,000000,10.26,10.26,10.2511,10.2511,947,0
CCXIU.US,D,20260511,000000,10.27,10.285,10.26,10.26,1675,0
CCXIU.US,D,20260512,000000,10.295,10.295,10.2719,10.28,26335,0
CCXIU.US,D,20260514,000000,10.15,10.26,10.15,10.26,1627,0
CCXIU.US,D,20260515,000000,10.25,10.25,10.25,10.25,127,0
CCXIU.US,D,20260521,000000,10.32,10.32,10.32,10.32,500,0
CCXIU.US,D,20260522,000000,10.3,10.3,10.25,10.25,7863,0
CCXIU.US,D,20260526,000000,11.26,11.26,10.2544,10.2544,914,0
CCXIU.US,D,20260527,000000,10.25,10.25,10.25,10.25,622,0
CCXIU.US,D,20260603,000000,10.34,10.37,10.34,10.34,33153,0
CCXIU.US,D,20260608,000000,10.26,10.26,10.26,10.26,414,0
CCXIU.US,D,20260611,000000,10.3,10.31,10.3,10.31,1591,0
CCXIU.US,D,20260615,000000,10.31,10.31,10.31,10.31,5116,0
CCXIU.US,D,20260617,000000,10.505,10.75,10.32,10.44,17728,0
CCXIU.US,D,20260618,000000,10.48,10.48,10.4,10.4,1918,0
CCXIU.US,D,20260622,000000,10.77,10.8,10.56,10.56,13500,0
CCXIU.US,D,20260623,000000,10.65,10.67,10.65,10.67,1200,0
CCXIU.US,D,20260624,000000,13.13,13.4,12.35,12.5,681648,0
