<TICKER>,<PER>,<DATE>,<TIME>,<OPEN>,<HIGH>,<LOW>,<CLOSE>,<VOL>,<OPENINT>
CDT.US,D,20220329,000000,3030000,3030000,3030000,3030000,0.000683333333675,0
CDT.US,D,20220330,000000,2985000,3000000,2985000,2985025,0.00234666666784,0
CDT.US,D,20220401,000000,2988000,2991000,2985000,2988000,0.148683333407675,0
CDT.US,D,20220404,000000,2991000,2991000,2991000,2991000,0.09668333338167501,0
CDT.US,D,20220406,000000,2991000,2991000,2991000,2991000,0.08333333337500001,0
CDT.US,D,20220407,000000,2993150,2997000,2991000,2997000,0.141830000070915,0
CDT.US,D,20220411,000000,2994000,2997000,2994000,2997000,1.567830000783915,0
CDT.US,D,20220414,000000,2997000,2997000,2997000,2997000,0.0023333333345,0
CDT.US,D,20220426,000000,3000000,3000000,3000000,3000000,0.00211333333439,0
CDT.US,D,20220503,000000,3003000,3003000,3000000,3000000,0.233336666783335,0
CDT.US,D,20220505,000000,3000000,3003000,3000000,3003000,0.034336666683835004,0
CDT.US,D,20220506,000000,3000000,3000000,3000000,3000000,1.49654000074827,0
CDT.US,D,20220509,000000,3000000,3000000,3000000,3000000,0.016666666675,0
CDT.US,D,20220510,000000,2997000,2997000,2997000,2997000,0.0003333333335,0
CDT.US,D,20220511,000000,2996000,2996000,2996000,2996000,0.0003333333335,0
CDT.US,D,20220512,000000,2994000,2994000,2988000,2991000,0.19551333343109,0
CDT.US,D,20220517,000000,2997000,2997000,2997000,2997000,0.0006866666670100001,0
CDT.US,D,20220518,000000,2997000,2997000,2994000,2994000,0.00792666667063,0
CDT.US,D,20220520,000000,2994000,2994000,2994000,2994000,0.01475333334071,0
CDT.US,D,20220524,000000,2994000,2994000,2994000,2994000,0.000610000000305,0
CDT.US,D,20220526,000000,2991000,2991000,2991000,2991000,0.0710000000355,0
CDT.US,D,20220602,000000,2991000,2991000,2991000,2991000,0.08333333337500001,0
CDT.US,D,20220603,000000,3000000,3003000,3000000,3000000,0.013336666673335001,0
CDT.US,D,20220606,000000,3150000,3150000,3003000,3003000,0.858216667095775,0
CDT.US,D,20220610,000000,3003000,3003000,3003000,3003000,0.00033666666683500004,0
CDT.US,D,20220613,000000,3150000,3150000,3001500,3001500,0.01695333334181,0
CDT.US,D,20220617,000000,2997000,3000000,2997000,2997000,0.13589000006794502,0
CDT.US,D,20220621,000000,3009000,3009000,3009000,3009000,0.01959333334313,0
CDT.US,D,20220622,000000,3006000,3006000,3006000,3006000,0.013000000006500001,0
CDT.US,D,20220627,000000,2997000,3012000,2992500,3000000,2.5747233346206952,0
CDT.US,D,20220628,000000,3012000,3012000,3012000,3012000,0.002666666668,0
CDT.US,D,20220629,000000,3003000,3003000,3000000,3000000,0.496443333581555,0
CDT.US,D,20220630,000000,3009000,3009000,3009000,3009000,0.036890000018445,0
CDT.US,D,20220707,000000,3001500,3003000,3000000,3003000,0.017510000008755,0
CDT.US,D,20220711,000000,3009000,3009000,3009000,3009000,0.0007333333337,0
CDT.US,D,20220715,000000,3006000,3006000,3006000,3006000,0.0003333333335,0
CDT.US,D,20220815,000000,3021000,3021000,3021000,3021000,0.00033666666683500004,0
CDT.US,D,20220822,000000,3015000,3015000,3015000,3015000,0.08603333337635002,0
CDT.US,D,20220824,000000,3006000,3018000,3006000,3018000,2.1149500010574753,0
CDT.US,D,20220906,000000,3018000,3018000,3018000,3018000,0.000390000000195,0
CDT.US,D,20220907,000000,3018000,3018000,3018000,3018000,0.0003333333335,0
CDT.US,D,20220909,000000,3016500,3021000,3016500,3021000,0.200003333433335,0
CDT.US,D,20220912,000000,3030000,3165000,3016500,3016500,0.005333333336,0
CDT.US,D,20220915,000000,3018000,3027000,3018000,3027000,0.174666666754,0
CDT.US,D,20220919,000000,3030000,3030000,3030000,3030000,0.0003333333335,0
CDT.US,D,20220920,000000,3009000,3009000,3009000,3009000,0.0003333333335,0
CDT.US,D,20220921,000000,3006000,3012000,3006000,3012000,0.7501533337084101,0
CDT.US,D,20220922,000000,3027000,3027000,3006000,3027000,0.015670000007835,0
CDT.US,D,20220923,000000,3030000,3030000,3030000,3030000,0.00037666666685500004,0
CDT.US,D,20220928,000000,3012000,3012000,3012000,3012000,0.00179333333423,0
CDT.US,D,20220929,000000,3016500,3030000,3016500,3030000,0.035233333350950004,0
CDT.US,D,20221004,000000,3027000,3027000,3027000,3027000,0.33336000016668005,0
CDT.US,D,20221005,000000,3027000,3027000,3027000,3027000,0.33333333350000005,0
CDT.US,D,20221013,000000,3018000,3018000,3018000,3018000,0.0003333333335,0
CDT.US,D,20221014,000000,3018000,3018000,3018000,3018000,0.00033666666683500004,0
CDT.US,D,20221018,000000,3027000,3027000,3018000,3018000,0.034000000017,0
CDT.US,D,20221019,000000,3018000,3018000,3018000,3018000,0.0003333333335,0
CDT.US,D,20221024,000000,3025500,3025500,3025500,3025500,0.00033666666683500004,0
CDT.US,D,20221025,000000,3030000,3036000,3030000,3036000,0.0090000000045,0
CDT.US,D,20221027,000000,3045000,3045000,3045000,3045000,0.0016666666675,0
CDT.US,D,20221101,000000,3030000,3033000,3030000,3033000,0.36616666684975,0
CDT.US,D,20221102,000000,3030000,3036000,3030000,3036000,0.07567333337117,0
CDT.US,D,20221103,000000,3032525,3036000,3032525,3036000,0.09133666671233501,0
CDT.US,D,20221104,000000,3039000,3039000,3039000,3039000,0.113336666723335,0
CDT.US,D,20221109,000000,3036000,3039000,3024000,3036000,1.237636667285485,0
CDT.US,D,20221110,000000,3027000,3039000,3027000,3039000,0.38075333352371005,0
CDT.US,D,20221115,000000,3033000,3043500,3033000,3043500,0.11744000005872,0
CDT.US,D,20221116,000000,3042000,3042000,3042000,3042000,0.0010000000005,0
CDT.US,D,20221117,000000,3042000,3042000,3042000,3042000,0.004000000002,0
CDT.US,D,20221122,000000,3040500,3042750,3040500,3042750,0.005036666669185,0
CDT.US,D,20221123,000000,3042025,3042025,3042000,3042000,0.14843000007421503,0
CDT.US,D,20221129,000000,3040500,3042000,3040500,3042000,0.03732000001866,0
CDT.US,D,20221130,000000,3040500,3045125,3040500,3045000,0.67172666700253,0
CDT.US,D,20221201,000000,3045000,3045000,3045000,3045000,0.09257333337962001,0
CDT.US,D,20221202,000000,3045000,3045000,3045000,3045000,0.051336666692335,0
CDT.US,D,20221205,000000,3045000,3048000,3043500,3048000,0.7954833337310752,0
CDT.US,D,20221208,000000,3045000,3045000,3045000,3045000,0.0016733333341700002,0
CDT.US,D,20221209,000000,3045000,3045000,3045000,3045000,0.0007833333337250001,0
CDT.US,D,20221212,000000,3048000,3051000,3048000,3051000,0.12643333339655002,0
CDT.US,D,20221213,000000,3048000,3048000,3048000,3048000,0.00048666666691,0
CDT.US,D,20221214,000000,3051000,3051000,3051000,3051000,0.023536666678435,0
CDT.US,D,20221216,000000,3057000,3057000,3057000,3057000,0.00458666666896,0
CDT.US,D,20221220,000000,3060000,3060000,3060000,3060000,0.043546666688440004,0
CDT.US,D,20221221,000000,3063000,3069000,3060000,3060000,0.060463333363565006,0
CDT.US,D,20221222,000000,3060000,3060000,3051000,3052500,0.24532333345599502,0
CDT.US,D,20221223,000000,3069000,3069000,3069000,3069000,0.0077266666705300005,0
CDT.US,D,20221227,000000,3066000,3072000,3066000,3070500,0.379150000189575,0
CDT.US,D,20221228,000000,3070500,3075000,3069000,3072000,0.33639333350153006,0
CDT.US,D,20221229,000000,3072000,3072000,3072000,3072000,0.0050000000025,0
CDT.US,D,20221230,000000,3075000,3075000,3075000,3075000,0.0044600000022300005,0
CDT.US,D,20230104,000000,3081000,3084000,3081000,3084000,0.05686000002843,0
CDT.US,D,20230105,000000,3084000,3090000,3081000,3087000,1.558876667446105,0
CDT.US,D,20230106,000000,3090000,3093000,3090000,3093000,0.0017733333342200004,0
CDT.US,D,20230109,000000,3091500,3093000,3091500,3093000,0.01338000000669,0
CDT.US,D,20230110,000000,3090000,3093000,3087000,3093000,0.037843333352255,0
CDT.US,D,20230111,000000,3090000,3090000,3090000,3090000,0.0055266666694300005,0
CDT.US,D,20230112,000000,3090000,3090550,3090000,3090550,0.030166666681750002,0
CDT.US,D,20230113,000000,3093000,3096000,3093000,3096000,0.39383333353025,0
CDT.US,D,20230117,000000,3090000,3099000,3090000,3096000,0.045066666689199994,0
CDT.US,D,20230118,000000,3096000,3096000,3093000,3096000,0.20769666677051501,0
CDT.US,D,20230119,000000,3099000,3099000,3093000,3096000,0.613396666973365,0
CDT.US,D,20230120,000000,3093000,3096000,3089250,3093000,1.1674066672503702,0
CDT.US,D,20230123,000000,3097500,3097500,3090000,3090000,0.00998000000499,0
CDT.US,D,20230124,000000,3101950,3111000,3096000,3108000,0.115256666724295,0
CDT.US,D,20230125,000000,3111000,3111000,3111000,3111000,0.00042000000021000006,0
CDT.US,D,20230126,000000,3102000,3102050,3102000,3102000,0.01701333334184,0
CDT.US,D,20230131,000000,3100500,3100500,3090000,3092225,0.013353333340010001,0
CDT.US,D,20230201,000000,3111000,3183000,3103500,3103500,0.02456666667895,0
CDT.US,D,20230202,000000,3195000,3195000,3087000,3108000,0.13383333340025,0
CDT.US,D,20230203,000000,3108000,3108000,3093000,3093000,0.0023333333345,0
CDT.US,D,20230208,000000,3096000,3096000,3096000,3096000,0.00198000000099,0
CDT.US,D,20230209,000000,3106500,3106500,3096000,3106500,0.025410000012705002,0
CDT.US,D,20230213,000000,3109500,3111000,3105000,3105000,0.02588666667961,0
CDT.US,D,20230214,000000,3096000,3096000,3096000,3096000,0.00034666666684,0
CDT.US,D,20230215,000000,3096000,3096000,3096000,3096000,0.055583333361125,0
CDT.US,D,20230216,000000,3102000,3102000,3102000,3102000,0.166676666750005,0
CDT.US,D,20230221,000000,3102000,3105000,3099000,3102000,0.01377333334022,0
CDT.US,D,20230222,000000,3102000,3105000,3102000,3105000,0.007196666670265001,0
CDT.US,D,20230223,000000,3102025,3108000,3102025,3105000,0.06361000003180502,0
CDT.US,D,20230224,000000,3105000,3111000,3105000,3105000,0.028243333347455005,0
CDT.US,D,20230306,000000,3102000,3102000,3102000,3102000,0.0006700000003350002,0
CDT.US,D,20230307,000000,3099000,3099000,3099000,3099000,0.00037000000018500007,0
CDT.US,D,20230308,000000,3099000,3099000,3099000,3099000,0.00035333333351,0
CDT.US,D,20230309,000000,3111000,3111000,3099000,3108500,0.007976666670655,0
CDT.US,D,20230310,000000,3099000,3099000,3099000,3099000,0.0056666666695000005,0
CDT.US,D,20230313,000000,3099000,3105000,3099000,3103550,0.011016666672175,0
CDT.US,D,20230314,000000,3102000,3111000,3102000,3111000,0.023500000011750004,0
CDT.US,D,20230317,000000,3111000,3111000,3111000,3111000,0.00050000000025,0
CDT.US,D,20230320,000000,3111000,3111000,3111000,3111000,0.002263333334465,0
CDT.US,D,20230322,000000,3117000,3117000,3108000,3108000,0.000683333333675,0
CDT.US,D,20230323,000000,3123000,3132000,3123000,3123000,0.0013500000006749998,0
CDT.US,D,20230327,000000,3120000,3132000,3102000,3111000,0.14310666673822,0
CDT.US,D,20230328,000000,3117000,3117000,3117000,3117000,0.0033500000016750005,0
CDT.US,D,20230329,000000,3108000,3117000,3108000,3117000,0.017873333342270002,0
CDT.US,D,20230330,000000,3111000,3120000,3111000,3120000,0.026316666679825,0
CDT.US,D,20230331,000000,3111000,3156000,3111000,3156000,0.035230000017615,0
CDT.US,D,20230403,000000,3123000,3135000,3123000,3135000,0.010023333338345,0
CDT.US,D,20230412,000000,3120000,3120000,3120000,3120000,0.00034000000017,0
CDT.US,D,20230413,000000,3129000,3137850,3126000,3133500,0.03236666668285,0
CDT.US,D,20230414,000000,3129000,3129000,3129000,3129000,0.0009566666671450002,0
CDT.US,D,20230417,000000,3138000,3138000,3138000,3138000,0.0006733333336700001,0
CDT.US,D,20230419,000000,3171000,3171000,3132000,3135000,0.009766666671550002,0
CDT.US,D,20230420,000000,3144000,3144000,3129000,3129000,0.000666666667,0
CDT.US,D,20230421,000000,3138000,3138000,3138000,3138000,0.0003333333335,0
CDT.US,D,20230424,000000,3168000,3168000,3129000,3142250,0.008976666671155,0
CDT.US,D,20230502,000000,3129000,3129000,3129000,3129000,0.00033666666683500004,0
CDT.US,D,20230503,000000,3144000,3144000,3144000,3144000,0.00040666666687000006,0
CDT.US,D,20230504,000000,3129000,3129000,3129000,3129000,0.0010033333338350001,0
CDT.US,D,20230505,000000,3144000,3144000,3141000,3141000,0.020363333343515002,0
CDT.US,D,20230508,000000,3141000,3141000,3141000,3141000,0.003336666668335,0
CDT.US,D,20230511,000000,3144000,3144000,3143700,3143700,0.0077266666705300005,0
CDT.US,D,20230512,000000,3147000,3147000,3145500,3145500,0.002670000001335,0
CDT.US,D,20230515,000000,3147000,3148500,3146875,3148500,0.0210000000105,0
CDT.US,D,20230516,000000,3148500,3150000,3148500,3150000,0.003336666668335,0
CDT.US,D,20230517,000000,3150000,3150000,3150000,3150000,0.006070000003035001,0
CDT.US,D,20230519,000000,3168000,3168000,3168000,3168000,0.0010433333338549999,0
CDT.US,D,20230523,000000,3168000,3174000,3168000,3174000,0.030700000015350004,0
CDT.US,D,20230525,000000,3201000,3202500,3177000,3198200,0.039020000019510004,0
CDT.US,D,20230530,000000,3228000,3228000,3180000,3180000,0.00590666666962,0
CDT.US,D,20230601,000000,3192000,3199500,3192000,3199500,0.06284666669809,0
CDT.US,D,20230607,000000,3208500,3210000,3208500,3210000,0.0010033333338350001,0
CDT.US,D,20230615,000000,3195000,3195000,3195000,3195000,0.0003333333335,0
CDT.US,D,20230620,000000,3195000,3195000,3195000,3195000,0.0003333333335,0
CDT.US,D,20230626,000000,3192000,3192000,3192000,3192000,0.0003333333335,0
CDT.US,D,20230627,000000,3207000,3207000,3204000,3207000,0.0016600000008300004,0
CDT.US,D,20230706,000000,3204000,3223500,3204000,3216000,0.082823333374745,0
CDT.US,D,20230707,000000,3222000,3222000,3210000,3210000,0.00190000000095,0
CDT.US,D,20230710,000000,3222000,3222000,3222000,3222000,0.000666666667,0
CDT.US,D,20230717,000000,3246000,3246000,3198000,3198000,0.00068000000034,0
CDT.US,D,20230718,000000,3246000,3246000,3243000,3243000,0.000666666667,0
CDT.US,D,20230719,000000,3201000,3201000,3201000,3201000,0.00033666666683500004,0
CDT.US,D,20230720,000000,3246000,3246000,3228000,3228000,0.000666666667,0
CDT.US,D,20230721,000000,3246000,3246000,3240000,3240000,0.00070666666702,0
CDT.US,D,20230724,000000,3238500,3238500,3234000,3234000,0.0043333333355,0
CDT.US,D,20230801,000000,3234000,3234000,3234000,3234000,0.0013400000006700003,0
CDT.US,D,20230803,000000,3225000,3237000,3225000,3237000,0.004136666668735,0
CDT.US,D,20230809,000000,3225000,3237000,3225000,3237000,0.030493333348580003,0
CDT.US,D,20230810,000000,3249000,3249000,3249000,3249000,0.0006700000003350002,0
CDT.US,D,20230811,000000,3234000,3234000,3222000,3228000,0.23067333344867,0
CDT.US,D,20230814,000000,3222000,3243000,3222000,3243000,0.01069333333868,0
CDT.US,D,20230817,000000,3225000,3243000,3225000,3243000,0.0036966666685150002,0
CDT.US,D,20230824,000000,3234000,3243000,3234000,3243000,0.16103000008051502,0
CDT.US,D,20230828,000000,3243000,3249000,3243000,3243000,0.055470000027735,0
CDT.US,D,20230829,000000,3246000,3255000,3231000,3237000,0.53284000026642,0
CDT.US,D,20230830,000000,3225000,3225000,3180025,3180025,0.006480000003240001,0
CDT.US,D,20230831,000000,3150000,3282000,3150000,3204300,0.5873766669603551,0
CDT.US,D,20230901,000000,3197875,3355500,3197875,3270000,0.06837000003418502,0
CDT.US,D,20230905,000000,3255000,3255000,3240000,3240000,0.00332666666833,0
CDT.US,D,20230906,000000,3232500,3234000,3232500,3234000,0.0014366666673850002,0
CDT.US,D,20230907,000000,3222000,3234000,3222000,3234000,0.011130000005564999,0
CDT.US,D,20230908,000000,3225000,3234000,3224825,3234000,0.014483333340575002,0
CDT.US,D,20230911,000000,3234000,3249000,3233950,3246000,0.00622666666978,0
CDT.US,D,20230913,000000,3246000,3246000,3240000,3246000,0.00502000000251,0
CDT.US,D,20230914,000000,3267000,3270000,3267000,3267000,0.01068666667201,0
CDT.US,D,20230915,000000,3264000,3264000,3012000,3072000,0.10572666671953,0
CDT.US,D,20230918,000000,3000000,3426000,2940000,3390000,0.19584000009792,0
CDT.US,D,20230919,000000,3321000,7500000,3309000,4230000,1.6783266675058304,0
CDT.US,D,20230920,000000,3600000,4935850,3600000,3852000,0.790666667062,0
CDT.US,D,20230921,000000,5997000,6600000,4827000,5097000,3.6752733351709703,0
CDT.US,D,20230922,000000,4800000,5490000,3312025,5055000,0.77836666705585,0
CDT.US,D,20230925,000000,3867000,3867000,2940000,3114000,0.694666667014,0
CDT.US,D,20230926,000000,2397000,2403000,1830000,1968000,0.4023333335345,0
CDT.US,D,20230927,000000,1767000,2369960,1521000,1890000,0.4830000002415,0
CDT.US,D,20230928,000000,1749000,2100000,1749000,1956000,0.1343333334005,0
CDT.US,D,20230929,000000,1866000,2097000,1758000,1791000,0.20200000010100003,0
CDT.US,D,20231002,000000,1803000,1851000,1800000,1809000,0.005333333336,0
CDT.US,D,20231003,000000,1602000,1602000,1332960,1449000,0.0723333333695,0
CDT.US,D,20231004,000000,2412000,2624950,1080000,1182000,12.485000006242501,0
CDT.US,D,20231005,000000,1116000,1125000,894030,933000,0.797333333732,0
CDT.US,D,20231006,000000,957000,972000,795000,804000,0.5223333335945,0
CDT.US,D,20231009,000000,810000,855000,648960,654000,0.2143333334405,0
CDT.US,D,20231010,000000,618000,705000,603000,675000,0.22500000011250001,0
CDT.US,D,20231011,000000,612000,681000,570000,594000,0.3403333335035,0
CDT.US,D,20231012,000000,579000,612000,510000,531000,0.22366666677850003,0
CDT.US,D,20231013,000000,513000,537750,501000,528000,0.05333333336,0
CDT.US,D,20231016,000000,510000,654000,510000,567000,0.2650000001325,0
CDT.US,D,20231017,000000,540000,569970,486000,522000,0.0703333333685,0
CDT.US,D,20231018,000000,522000,588000,462000,528000,0.29333333348,0
CDT.US,D,20231019,000000,513000,540000,486030,522000,0.0476666666905,0
CDT.US,D,20231020,000000,486000,487500,438000,438000,0.038000000019,0
CDT.US,D,20231023,000000,438000,507000,429000,489000,0.5110000002555001,0
CDT.US,D,20231024,000000,480000,501000,453000,469500,0.148000000074,0
CDT.US,D,20231025,000000,480000,498000,381120,402000,0.1036666667185,0
CDT.US,D,20231026,000000,405000,408000,345000,351000,0.277333333472,0
CDT.US,D,20231027,000000,360000,375000,285000,315000,0.22500000011250001,0
CDT.US,D,20231030,000000,453000,471000,381000,471000,50.440666691887,0
CDT.US,D,20231031,000000,399000,567000,390000,543000,7.0296666701815,0
CDT.US,D,20231101,000000,519000,561780,423000,459000,0.810000000405,0
CDT.US,D,20231102,000000,444000,480000,420000,456000,0.6143333336405,0
CDT.US,D,20231103,000000,438000,453000,339000,378000,0.32300000016150004,0
CDT.US,D,20231106,000000,378000,447000,327000,411000,0.5330000002665001,0
CDT.US,D,20231107,000000,432000,432000,351000,393000,0.145196666739265,0
CDT.US,D,20231108,000000,393000,432000,393000,414000,0.12210666672772,0
CDT.US,D,20231109,000000,429000,429000,363000,363000,0.209210000104605,0
CDT.US,D,20231110,000000,370500,387000,354000,372000,0.08019333337343001,0
CDT.US,D,20231113,000000,358500,379500,348000,351000,0.037303333351985,0
CDT.US,D,20231114,000000,335610,366000,335610,348000,0.034950000017475,0
CDT.US,D,20231115,000000,318000,354000,318000,318000,0.07320333336993501,0
CDT.US,D,20231116,000000,324000,354000,320250,351240,0.0742666667038,0
CDT.US,D,20231117,000000,339000,389610,339000,375030,0.027393333347030004,0
CDT.US,D,20231120,000000,369000,390000,342000,384000,0.02238000001119,0
CDT.US,D,20231121,000000,393000,393000,366000,390000,0.03897333335282,0
CDT.US,D,20231122,000000,393000,552000,390000,540000,1.3004800006502402,0
CDT.US,D,20231124,000000,540000,621000,513300,552000,0.35903666684618507,0
CDT.US,D,20231127,000000,600000,690000,513000,684000,0.650336666991835,0
CDT.US,D,20231128,000000,705000,885000,630000,885000,0.6792166670062751,0
CDT.US,D,20231129,000000,900000,1950000,885000,1530000,6.291196669812265,0
CDT.US,D,20231130,000000,1350000,1609170,1179000,1404000,1.2007400006003701,0
CDT.US,D,20231201,000000,1359000,1725900,1320000,1653000,0.425610000212805,0
CDT.US,D,20231204,000000,1665000,1767000,1050000,1096500,0.590310000295155,0
CDT.US,D,20231205,000000,1050000,1119000,792000,804000,0.449070000224535,0
CDT.US,D,20231206,000000,813000,1044720,810000,906000,0.24976666679155002,0
CDT.US,D,20231207,000000,909000,1080000,909000,1062000,0.21468666677401005,0
CDT.US,D,20231208,000000,1095000,1800000,1026000,1545000,5.196543335931606,0
CDT.US,D,20231211,000000,1737000,1878000,1560000,1770000,1.8238100009119051,0
CDT.US,D,20231212,000000,1650000,1974000,1632000,1821000,0.66270666699802,0
CDT.US,D,20231213,000000,1761000,2349000,1755030,2046000,1.1355600005677802,0
CDT.US,D,20231214,000000,2187000,2280000,2055000,2142000,0.37306666685320006,0
CDT.US,D,20231215,000000,2145000,2268000,1500000,2118000,2.06650000103325,0
CDT.US,D,20231218,000000,1959000,2005500,1620000,1842000,0.65490000032745,0
CDT.US,D,20231219,000000,1911000,2018520,1254000,1254000,0.35868666684601,0
CDT.US,D,20231220,000000,1365000,1830000,1347540,1515000,0.897970000448985,0
CDT.US,D,20231221,000000,1620000,1651500,1452000,1500000,0.18673333342670004,0
CDT.US,D,20231222,000000,1419000,1531500,1293000,1452000,0.19687666676510499,0
CDT.US,D,20231226,000000,1431000,1548000,1311000,1512000,0.19550333343108503,0
CDT.US,D,20231227,000000,1557000,1631970,1452000,1566000,0.32234666682784,0
CDT.US,D,20231228,000000,1575000,1575000,1392000,1470000,0.275963333471315,0
CDT.US,D,20231229,000000,1428000,1465500,1344000,1365000,0.04088666668711,0
CDT.US,D,20240102,000000,1362000,1494000,1299000,1407000,0.044790000022395006,0
CDT.US,D,20240103,000000,1410000,1488000,1354500,1401000,0.09636666671485002,0
CDT.US,D,20240104,000000,1401000,1545990,1353000,1467000,0.07645666670489501,0
CDT.US,D,20240105,000000,1416000,1587000,1386000,1557000,0.12926333339796503,0
CDT.US,D,20240108,000000,1500000,1528200,1401600,1497000,0.09888000004944,0
CDT.US,D,20240109,000000,1476000,1548000,1437000,1473000,0.0334666666834,0
CDT.US,D,20240110,000000,1518000,1518000,1114500,1230000,0.547756666940545,0
CDT.US,D,20240111,000000,1161000,1350000,1161000,1344000,0.15396666674365,0
CDT.US,D,20240112,000000,1290000,1335000,1143000,1227000,0.409516666871425,0
CDT.US,D,20240116,000000,1173000,1227000,993000,1065000,0.24571333345619,0
CDT.US,D,20240117,000000,1065000,1065000,930000,930000,0.07484666670409,0
CDT.US,D,20240118,000000,948000,1110000,828000,846000,0.25334000012667,0
CDT.US,D,20240119,000000,912000,927000,855000,858000,0.05865333336266001,0
CDT.US,D,20240122,000000,1029000,1029000,834000,882000,0.08812666671073,0
CDT.US,D,20240123,000000,882000,909000,804000,909000,0.124350000062175,0
CDT.US,D,20240124,000000,870000,906000,810000,882000,0.16365333341516003,0
CDT.US,D,20240125,000000,879210,912000,811500,864000,0.09798000004899,0
CDT.US,D,20240126,000000,837000,864000,774000,834000,0.08580333337623501,0
CDT.US,D,20240129,000000,798000,960000,675000,945000,0.05280000002640001,0
CDT.US,D,20240130,000000,945000,945000,825000,849000,0.089336666711335,0
CDT.US,D,20240131,000000,867690,867690,750000,786000,0.10646000005323,0
CDT.US,D,20240201,000000,778500,807000,750000,792000,0.151863333409265,0
CDT.US,D,20240202,000000,796500,834000,783000,834000,0.09695666671514501,0
CDT.US,D,20240205,000000,814500,861840,723000,729000,0.19621333343143998,0
CDT.US,D,20240206,000000,808500,864000,786000,864000,0.12021666672677501,0
CDT.US,D,20240207,000000,789000,861000,732000,822000,0.21698666677516001,0
CDT.US,D,20240208,000000,798000,970500,783000,970500,0.09505333338086,0
CDT.US,D,20240209,000000,981000,994500,825000,825000,0.15972666674653,0
CDT.US,D,20240212,000000,804000,858000,804000,831000,0.060186666696760004,0
CDT.US,D,20240213,000000,844500,987000,801000,972000,0.258710000129355,0
CDT.US,D,20240214,000000,1005000,1005000,867000,954000,0.05937333336302,0
CDT.US,D,20240215,000000,978000,978000,882000,915000,0.063856666698595,0
CDT.US,D,20240216,000000,870000,930000,828000,897000,0.08505333337586,0
CDT.US,D,20240220,000000,924000,924000,840000,876000,0.092730000046365,0
CDT.US,D,20240221,000000,913500,913500,783000,795000,0.14095666673714502,0
CDT.US,D,20240222,000000,834000,852000,798000,849000,0.08168000004084,0
CDT.US,D,20240223,000000,855000,932970,831000,843000,0.163556666748445,0
CDT.US,D,20240226,000000,840000,942000,840000,942000,0.13267666673300502,0
CDT.US,D,20240227,000000,945000,1002000,870000,891000,0.14474333340570503,0
CDT.US,D,20240228,000000,904200,904200,795000,855000,0.086643333376655,0
CDT.US,D,20240229,000000,871440,900000,768000,771000,0.046836666690085,0
CDT.US,D,20240301,000000,864000,900000,777000,777000,0.0732000000366,0
CDT.US,D,20240304,000000,832500,832500,753000,807000,0.062976666698155,0
CDT.US,D,20240305,000000,795000,834000,753000,831000,0.158110000079055,0
CDT.US,D,20240306,000000,822000,840000,795000,825000,0.10812000005406,0
CDT.US,D,20240307,000000,814500,814500,795000,795000,0.08526000004263,0
CDT.US,D,20240308,000000,810000,855000,798000,834000,0.13407666673370502,0
CDT.US,D,20240311,000000,834000,1105500,834000,1104000,0.4782666669058,0
CDT.US,D,20240312,000000,1080000,1113600,1020000,1026000,0.277623333472145,0
CDT.US,D,20240313,000000,987000,987000,879540,927000,0.11129333338898001,0
CDT.US,D,20240314,000000,927000,954000,915000,954000,0.059730000029865,0
CDT.US,D,20240315,000000,957000,1059000,942000,1059000,0.236236666784785,0
CDT.US,D,20240318,000000,1014000,1053000,921000,948000,0.07303333336985,0
CDT.US,D,20240319,000000,976500,1011000,915000,954000,0.21915000010957503,0
CDT.US,D,20240320,000000,942000,1047000,942000,1039500,0.06895333336781001,0
CDT.US,D,20240321,000000,1075500,1101000,936900,1035000,0.14830666674082002,0
CDT.US,D,20240322,000000,1029000,1110000,933000,990000,0.127063333396865,0
CDT.US,D,20240325,000000,1044000,1044000,936000,1005000,0.15682000007841002,0
CDT.US,D,20240326,000000,975000,1023000,945000,1023000,0.11608000005804002,0
CDT.US,D,20240327,000000,1026000,1092000,969000,1071000,0.10948666672141,0
CDT.US,D,20240328,000000,1077000,1176000,1005000,1101000,0.11025666672179499,0
CDT.US,D,20240401,000000,1137000,1137000,1032000,1053000,0.04645333335656001,0
CDT.US,D,20240402,000000,1080000,1080000,933000,1029000,0.0929333333798,0
CDT.US,D,20240403,000000,1005000,1005000,966000,1002000,0.074970000037485,0
CDT.US,D,20240404,000000,950400,999000,950400,981000,0.059303333362985,0
CDT.US,D,20240405,000000,951810,990000,933000,978000,0.061856666697595,0
CDT.US,D,20240408,000000,963000,987000,891000,975000,0.05460666669397,0
CDT.US,D,20240409,000000,912000,981000,909000,951000,0.055636666694485,0
CDT.US,D,20240410,000000,906000,969000,828000,930000,0.10201333338434002,0
CDT.US,D,20240411,000000,930000,972000,930000,957000,0.05732000002866,0
CDT.US,D,20240412,000000,945000,954000,880500,954000,0.00882000000441,0
CDT.US,D,20240415,000000,930000,972000,922500,966000,0.06184000003092001,0
CDT.US,D,20240416,000000,930000,969000,898500,927000,0.073823333370245,0
CDT.US,D,20240417,000000,936000,966000,879000,891000,0.050080000025040004,0
CDT.US,D,20240418,000000,918000,969000,885000,897000,0.10445000005222502,0
CDT.US,D,20240419,000000,876000,951000,876000,900000,0.04254000002127,0
CDT.US,D,20240422,000000,943500,943500,924000,924000,0.01697333334182,0
CDT.US,D,20240423,000000,930000,963000,918000,945000,0.047476666690405005,0
CDT.US,D,20240424,000000,951000,960000,930000,954000,0.071296666702315,0
CDT.US,D,20240425,000000,945000,960000,924000,930000,0.048970000024485004,0
CDT.US,D,20240426,000000,915000,951000,915000,951000,0.01862666667598,0
CDT.US,D,20240429,000000,939000,1002000,930000,1002000,0.061133333363900005,0
CDT.US,D,20240430,000000,964500,1047000,903000,903000,0.168796666751065,0
CDT.US,D,20240501,000000,912000,966000,846000,846000,0.026490000013245002,0
CDT.US,D,20240502,000000,876000,939000,876000,897000,0.034640000017320004,0
CDT.US,D,20240503,000000,900000,967500,897000,900000,0.047313333356990006,0
CDT.US,D,20240506,000000,933000,964500,924000,924000,0.04329666668831501,0
CDT.US,D,20240507,000000,931500,1050000,931500,963000,0.05933000002966501,0
CDT.US,D,20240508,000000,960000,964500,855000,885000,0.11184666672259001,0
CDT.US,D,20240509,000000,933000,957000,912000,912000,0.06394666669864,0
CDT.US,D,20240510,000000,924000,975000,888000,891000,0.11411333339039002,0
CDT.US,D,20240513,000000,930000,938970,885000,927000,0.06830666670082,0
CDT.US,D,20240514,000000,930000,943500,840000,852000,0.16039333341353001,0
CDT.US,D,20240515,000000,879000,919500,840000,891000,0.041703333354185,0
CDT.US,D,20240516,000000,886380,927000,849000,882000,0.08742666671038002,0
CDT.US,D,20240517,000000,845160,915000,798000,891000,0.089543333378105,0
CDT.US,D,20240520,000000,868500,891000,868500,873000,0.010600000005300002,0
CDT.US,D,20240521,000000,910500,984000,879000,900000,0.23529666678431502,0
CDT.US,D,20240522,000000,870000,930000,849000,888000,0.27660666680497004,0
CDT.US,D,20240523,000000,901500,906000,855000,888000,0.22401666677867504,0
CDT.US,D,20240524,000000,876000,900000,837000,852000,0.22459333344563,0
CDT.US,D,20240528,000000,852000,981000,848730,909000,0.42122000021061007,0
CDT.US,D,20240529,000000,885000,918000,867000,909000,0.18630333342648497,0
CDT.US,D,20240530,000000,936000,942000,880500,900000,0.16079333341373,0
CDT.US,D,20240531,000000,876000,915000,867000,912000,0.08734333337700502,0
CDT.US,D,20240603,000000,891000,927000,858000,900000,0.09638000004819,0
CDT.US,D,20240604,000000,879000,915000,870000,888000,0.049536666691435007,0
CDT.US,D,20240605,000000,867000,897000,828000,858000,0.15359333341013,0
CDT.US,D,20240606,000000,837000,870000,795000,843000,0.093016666713175,0
CDT.US,D,20240607,000000,825000,867420,816000,852000,0.07433000003716501,0
CDT.US,D,20240610,000000,849000,870000,807000,822000,0.07837333337252,0
CDT.US,D,20240611,000000,810000,882000,795000,813000,0.12140000006070001,0
CDT.US,D,20240612,000000,801000,838500,645000,645000,0.24295000012147502,0
CDT.US,D,20240613,000000,666000,936000,582000,606000,1.2462000006231,0
CDT.US,D,20240614,000000,573000,606000,492000,540000,0.36548666684941006,0
CDT.US,D,20240617,000000,522000,530970,483000,507000,0.138350000069175,0
CDT.US,D,20240618,000000,459000,519000,459000,477000,0.36314000018157006,0
CDT.US,D,20240620,000000,507000,541500,426000,438000,0.269663333468165,0
CDT.US,D,20240621,000000,438000,513000,438000,468000,0.7305233336985951,0
CDT.US,D,20240624,000000,456000,490770,423000,435000,0.18413000009206498,0
CDT.US,D,20240625,000000,423000,439500,369000,369000,0.204003333435335,0
CDT.US,D,20240626,000000,360000,432000,315000,318000,0.4980366669156851,0
CDT.US,D,20240627,000000,321000,368970,306000,306000,0.77479333372073,0
CDT.US,D,20240628,000000,309000,345000,189000,318000,9.288313337977492,0
CDT.US,D,20240701,000000,298950,312000,276930,298530,0.515683333591175,0
CDT.US,D,20240702,000000,282000,303000,258000,263790,0.16542666674938,0
CDT.US,D,20240703,000000,256440,270000,189000,192030,0.689123333677895,0
CDT.US,D,20240705,000000,216000,238830,152250,159300,1.21212000060606,0
CDT.US,D,20240708,000000,166950,178440,141600,150000,0.8868133337767401,0
CDT.US,D,20240709,000000,155400,158100,120030,125400,0.884470000442235,0
CDT.US,D,20240710,000000,123000,136470,82800,88500,2.53360666793347,0
CDT.US,D,20240711,000000,97110,98189.5,78180,87000,11.459823339063247,0
CDT.US,D,20240712,000000,93000,95400,78000,78750,16.7151333416909,0
CDT.US,D,20240715,000000,84000,84000,63300,72000,11.344043339005355,0
CDT.US,D,20240716,000000,109500,124410,73200,75330,355.221980177611,0
CDT.US,D,20240717,000000,81000,83880,75000,80700,65.65650336616159,0
CDT.US,D,20240718,000000,74460,78180,71550,78120,22.95316667814325,0
CDT.US,D,20240719,000000,72000,73740,66240,71430,11.475530005737767,0
CDT.US,D,20240722,000000,69600,71430,66150,71160,7.826680003913341,0
CDT.US,D,20240723,000000,70320,78270,67590,75300,20.46008001023004,0
CDT.US,D,20240724,000000,75000,85500,75000,79050,23.550276678441804,0
CDT.US,D,20240725,000000,80430,82080,72540,72600,7.14692000357346,0
CDT.US,D,20240726,000000,72000,73500,69600,73500,4.351073335508871,0
CDT.US,D,20240729,000000,72000,72630,67620,69810,3.852743335259705,0
CDT.US,D,20240730,000000,68100,72630,65100,65550,6.120970003060485,0
CDT.US,D,20240731,000000,64860,70860,62190,69450,5.85580666959457,0
CDT.US,D,20240801,000000,68970,71550,61200,61500,4.966950002483475,0
CDT.US,D,20240802,000000,63000,64500,55500,60240,5.945536669639436,0
CDT.US,D,20240805,000000,55080,60000,48480,54030,8.596463337631565,0
CDT.US,D,20240806,000000,55860,56190,53160,54930,3.6964500018482256,0
CDT.US,D,20240807,000000,57000,57120,49500,49500,4.8872033357769356,0
CDT.US,D,20240808,000000,113730,124500,50400,51000,1130.9827172321582,0
CDT.US,D,20240809,000000,62790,64500,52200,57000,190.588626761961,0
CDT.US,D,20240812,000000,54750,58200,51000,51000,48.196813357431736,0
CDT.US,D,20240813,000000,51000,52560,39780,41250,70.441980035221,0
CDT.US,D,20240814,000000,57060,61200,43200,44610,275.4669201377335,0
CDT.US,D,20240815,000000,44940,49170,42150,47490,39.92524668662929,0
CDT.US,D,20240816,000000,45000,51600,44310,47790,25.414200012707102,0
CDT.US,D,20240819,000000,45900,50700,45600,47460,18.560783342613725,0
CDT.US,D,20240820,000000,42900,50790,42900,48360,18.957983342812327,0
CDT.US,D,20240821,000000,47730,48600,45900,47250,9.754763338210715,0
CDT.US,D,20240822,000000,48000,53400,47400,49500,18.496070009248037,0
CDT.US,D,20240823,000000,50550,50970,48420,49410,8.246503337456586,0
CDT.US,D,20240826,000000,50910,51000,48300,48600,6.729583336698125,0
CDT.US,D,20240827,000000,48600,48840,45330,45990,5.984506669658921,0
CDT.US,D,20240828,000000,46320,46860,40500,43440,9.6776666715055,0
CDT.US,D,20240829,000000,42150,42150,39030,39030,12.731090006365546,0
CDT.US,D,20240830,000000,39000,40530,36930,36930,57.7678566955506,0
CDT.US,D,20240903,000000,41640,41670,33780,38670,80.69021670701179,0
CDT.US,D,20240904,000000,37980,39600,36000,36990,10.381003338523836,0
CDT.US,D,20240905,000000,36360,38460,35250,37350,6.529333336598,0
CDT.US,D,20240906,000000,36000,37680,36000,37050,5.190136669261736,0
CDT.US,D,20240909,000000,38100,38700,36780,37500,5.847430002923716,0
CDT.US,D,20240910,000000,36990,41100,36990,39000,11.590780005795391,0
CDT.US,D,20240911,000000,38100,43200,37650,42750,11.849673339258173,0
CDT.US,D,20240912,000000,42690,42690,39540,41430,4.8165333357416005,0
CDT.US,D,20240913,000000,41880,42900,39030,40260,9.344486671338911,0
CDT.US,D,20240916,000000,39090,40200,38100,38940,5.136730002568365,0
CDT.US,D,20240917,000000,38730,42000,38730,42000,4.7599000023799505,0
CDT.US,D,20240918,000000,41370,42000,39450,40560,4.91702666912518,0
CDT.US,D,20240919,000000,41100,41250,38100,40110,4.541456668937395,0
CDT.US,D,20240920,000000,39060,42810,38430,41700,8.968053337817361,0
CDT.US,D,20240923,000000,41100,41760,37890,37890,5.604106669468719,0
CDT.US,D,20240924,000000,39000,39570,37500,37800,7.492903337079785,0
CDT.US,D,20240925,000000,37800,39600,37650,38070,5.9519733363093215,0
CDT.US,D,20240926,000000,38070,39270,37500,38640,7.19627333693147,0
CDT.US,D,20240927,000000,37860,38490,37500,37620,3.8570000019285,0
CDT.US,D,20240930,000000,37500,37950,34500,35550,13.618933340142801,0
CDT.US,D,20241001,000000,36570,36570,31800,31800,14.415786673874562,0
CDT.US,D,20241002,000000,31500,32640,28500,28500,15.264690007632346,0
CDT.US,D,20241003,000000,32580,33750,29400,29550,145.2341434059504,0
CDT.US,D,20241004,000000,30000,31890,29070,29700,38.41980668587657,0
CDT.US,D,20241007,000000,30300,32160,28950,30000,19.092383342879526,0
CDT.US,D,20241008,000000,30000,33690,29925,31950,30.367916681850627,0
CDT.US,D,20241009,000000,31500,33900,31500,33030,16.987716675160524,0
CDT.US,D,20241010,000000,32700,32940,29400,30720,19.05334000952667,0
CDT.US,D,20241011,000000,36930,47220,32550,34920,903.244607118289,0
CDT.US,D,20241014,000000,33000,33990,30810,32610,39.89462335328064,0
CDT.US,D,20241015,000000,32340,32340,30330,30810,27.394043347030358,0
CDT.US,D,20241016,000000,30300,34320,28890,34320,32.00772334933719,0
CDT.US,D,20241017,000000,31740,32610,30150,30450,20.545766676939554,0
CDT.US,D,20241018,000000,40830,40830,32700,33720,212.500596772917,0
CDT.US,D,20241021,000000,33210,33689.5,31200,31860,39.68338668650836,0
CDT.US,D,20241022,000000,31860,34500,30780,33960,34.38199335052433,0
CDT.US,D,20241023,000000,42000,42000,36060,39660,256.4454367948894,0
CDT.US,D,20241024,000000,33000,39000,31500,36690,74.27491003713746,0
CDT.US,D,20241025,000000,33960,36600,32700,33630,29.548743348107706,0
CDT.US,D,20241028,000000,33300,34680,31650,32520,14.243543340455105,0
CDT.US,D,20241029,000000,31500,34170,30480,31440,23.58923667846129,0
CDT.US,D,20241030,000000,31140,31800,30300,30360,15.645556674489445,0
CDT.US,D,20241031,000000,30000,30630,26040,27300,21.397590010698796,0
CDT.US,D,20241101,000000,26700,27600,23670,26430,26.098310013049158,0
CDT.US,D,20241104,000000,27000,29940,25590,29550,21.891603344279133,0
CDT.US,D,20241105,000000,27930,33930,26400,31560,43.302616688317976,0
CDT.US,D,20241106,000000,33000,35400,31590,32190,38.14418668573876,0
CDT.US,D,20241107,000000,31620,31830,28290,28800,19.67218000983609,0
CDT.US,D,20241108,000000,30000,33300,28050,32550,27.593916680463625,0
CDT.US,D,20241111,000000,30000,30750,27630,30000,14.93394000746697,0
CDT.US,D,20241112,000000,30000,33000,29700,30450,30.436716681885027,0
CDT.US,D,20241113,000000,30120,30120,27900,28560,18.32625334249646,0
CDT.US,D,20241114,000000,28560,28920,26280,28170,18.876906676105122,0
CDT.US,D,20241115,000000,26400,28890,24900,25620,34.73925001736963,0
CDT.US,D,20241118,000000,25860,27600,25500,27570,18.79810667606572,0
CDT.US,D,20241119,000000,24930,29370,24780,27630,34.69424668401379,0
CDT.US,D,20241120,000000,27630,29220,27300,27690,17.027916675180624,0
CDT.US,D,20241121,000000,43395,47370,30630,32370,1933.2705009666354,0
CDT.US,D,20241122,000000,32400,32400,29130,31200,82.82892670808113,0
CDT.US,D,20241125,000000,29700,29700,27030,27300,45.492766689413045,0
CDT.US,D,20241126,000000,26370,30060,26370,28050,41.25293002062647,0
CDT.US,D,20241127,000000,27030,31710,26790,29730,50.44308002522153,0
CDT.US,D,20241129,000000,29250,33990,29250,32010,31.159916682246628,0
CDT.US,D,20241202,000000,31980,35670,30120,31620,28.35726001417863,0
CDT.US,D,20241203,000000,30090,31410,28140,29070,15.120150007560078,0
CDT.US,D,20241204,000000,30000,31290,28800,28920,18.319113342492894,0
CDT.US,D,20241205,000000,28800,29730,27960,28410,10.206120005103061,0
CDT.US,D,20241206,000000,29100,29100,27180,27930,12.785850006392927,0
CDT.US,D,20241209,000000,27180,28117.5,26580,27090,13.413426673373381,0
CDT.US,D,20241210,000000,27600,28650,26040,28200,16.892543341779607,0
CDT.US,D,20241211,000000,27360,27480,26160,26490,10.871343338769007,0
CDT.US,D,20241212,000000,32340,32550,22830,24600,397.6115668654724,0
CDT.US,D,20241213,000000,24540,25050,23100,24450,38.99087001949544,0
CDT.US,D,20241216,000000,24000,24000,21900,22170,28.060910014030455,0
CDT.US,D,20241217,000000,23400,26160,21900,23670,80.93397337380033,0
CDT.US,D,20241218,000000,24000,24000,21300,21300,54.61308669397322,0
CDT.US,D,20241219,000000,21300,21540,19290,19680,42.651190021325604,0
CDT.US,D,20241220,000000,18570,22740,18570,22410,66.54159669993747,0
CDT.US,D,20241223,000000,16500,18090,15300,16350,65.12297669922816,0
CDT.US,D,20241224,000000,16230,18600,15960,17730,21.40194001070097,0
CDT.US,D,20241226,000000,17190,19020,17010,17460,27.42638334704653,0
CDT.US,D,20241227,000000,17160,19950,17010,18030,49.496923358081794,0
CDT.US,D,20241230,000000,18480,26160,17970,22830,142.61373673797354,0
CDT.US,D,20241231,000000,23190,24570,20430,20580,53.45640336006153,0
CDT.US,D,20250102,000000,20400,24000,20400,22710,26.403560013201783,0
CDT.US,D,20250103,000000,22260,23070,21000,21360,37.29498001864749,0
CDT.US,D,20250106,000000,21210,22020,19950,21690,133.42180006671092,0
CDT.US,D,20250107,000000,34080,37800,25500,28200,829.4024637480346,0
CDT.US,D,20250108,000000,35700,39540,24600,24600,848.4979870909157,0
CDT.US,D,20250110,000000,33510,54960,30090,36990,306.789313486728,0
CDT.US,D,20250113,000000,31860,33840,26985,27960,181.8566100909283,0
CDT.US,D,20250114,000000,30300,32907,27000,27600,85.62082670947709,0
CDT.US,D,20250115,000000,27900,27900,24060,25500,72.82756003641379,0
CDT.US,D,20250116,000000,25680,25680,21600,22140,66.16515003308258,0
CDT.US,D,20250117,000000,22470,23040,20100,21600,45.10061668921698,0
CDT.US,D,20250121,000000,21810,21840,19500,20250,64.95220669914278,0
CDT.US,D,20250122,000000,20790,21900,18600,18750,245.00208678916775,0
CDT.US,D,20250123,000000,14940,15180,13710,15000,157.3667800786834,0
CDT.US,D,20250124,000000,12000,17517,12000,13560,85.5482000427741,0
CDT.US,D,20250127,000000,11130,11130,8820,9900,233.9456667836395,0
CDT.US,D,20250128,000000,11190,11910,9030,9210,1559.789334113228,0
CDT.US,D,20250129,000000,8550,8668.2,7530.3,8280,136.583333401625,0
CDT.US,D,20250130,000000,8220,8399.7,7320,7650,173.3956667533645,0
CDT.US,D,20250131,000000,7620,7681.5,7050,7440,83.303333374985,0
CDT.US,D,20250203,000000,7110,7230,6480,6600,104.400666718867,0
CDT.US,D,20250204,000000,6540,6570.3,5250,5400,226.90866678012102,0
CDT.US,D,20250205,000000,5460,6450,5340,5700,329.11833349789254,0
CDT.US,D,20250206,000000,5190,5460,4350,4650,219.95166677664253,0
CDT.US,D,20250207,000000,8010,11100,6750,8550,48066.62702403331,0
CDT.US,D,20250210,000000,8700,9600,5400,5460,3667.436668500385,0
CDT.US,D,20250211,000000,5520,6186,4800,5310,554.63333361065,0
CDT.US,D,20250212,000000,5550,5640,5070,5340,262.9130001314565,0
CDT.US,D,20250213,000000,5370,5516.1,4650,4890,1241.318000620659,0
CDT.US,D,20250214,000000,4830,5010,4650,4920,253.95733346031201,0
CDT.US,D,20250218,000000,4980,4980,3630,3930,530.4090002652046,0
CDT.US,D,20250219,000000,3900,3990,3390,3540,467.22766690028055,0
CDT.US,D,20250220,000000,3660,3675.3,3390,3570,428.8810002144405,0
CDT.US,D,20250221,000000,3540,3585,3390,3450,219.70900010985451,0
CDT.US,D,20250224,000000,3450,3840,3270,3705,502.70600025135303,0
CDT.US,D,20250225,000000,3690,4050,3600,3660,525.4736669294035,0
CDT.US,D,20250226,000000,3750,3769.5,3375,3480,275.79333347123,0
CDT.US,D,20250227,000000,3390,3495,3360,3360,161.136000080568,0
CDT.US,D,20250228,000000,3330,3630,3270,3600,236.24033345145352,0
CDT.US,D,20250303,000000,3480,3690,3363.3,3480,433.9036668836185,0
CDT.US,D,20250304,000000,3450,3540,3180.3,3390,2940.077001470039,0
CDT.US,D,20250305,000000,3300,3300,2940,3210,533.9816669336576,0
CDT.US,D,20250306,000000,3270,3480,3180,3300,515.0116669241726,0
CDT.US,D,20250307,000000,3420,3420,3180,3300,390.72700019536353,0
CDT.US,D,20250310,000000,3330,3354.9,3120,3240,254.85400012742699,0
CDT.US,D,20250311,000000,3240,3540,3210,3390,429.70700021485357,0
CDT.US,D,20250312,000000,3300,3420,3180,3300,208.5436667709385,0
CDT.US,D,20250313,000000,3360,3360,3030,3030,287.549333477108,0
CDT.US,D,20250314,000000,3060,3360,3030,3270,179.3776667563555,0
CDT.US,D,20250317,000000,3240,3405,3180.3,3330,172.018000086009,0
CDT.US,D,20250318,000000,3240,3240,2923.2,2923.2,158.8403334127535,0
CDT.US,D,20250319,000000,2940,3000,2490,2670,303.9930001519965,0
CDT.US,D,20250320,000000,2646,2820,2580.3,2637.6,90.27066671180201,0
CDT.US,D,20250321,000000,2637,2669.4,2175,2478.3,193.5476667634405,0
CDT.US,D,20250324,000000,2496.9,2700,2430.14,2635.5,102.0876667177105,0
CDT.US,D,20250325,000000,2586.3,2586.3,2358.6,2464.2,79.5370000397685,0
CDT.US,D,20250326,000000,2460,2633.7,2414.4,2550,87.2423333769545,0
CDT.US,D,20250327,000000,2490,2549.1,2289.6,2304,136.30733340148703,0
CDT.US,D,20250328,000000,2400,3060,2307.3,2670,1930.9383342988026,0
CDT.US,D,20250331,000000,3000,3150,2316,2343,2437.861334552264,0
CDT.US,D,20250401,000000,2517,2910,2130,2166.3,1112.3526672228431,0
CDT.US,D,20250402,000000,2250,2370,1941.3,2240.7,297.0076668151705,0
CDT.US,D,20250403,000000,2100,2160,1950,2056.2,194.6176667639755,0
CDT.US,D,20250404,000000,1912.2,1992.9,1740,1937.1,190.30100009515053,0
CDT.US,D,20250407,000000,1878.9,2036.7,1770,1950,170.792666752063,0
CDT.US,D,20250408,000000,1891.5,2033.1,1740.3,1770,117.892666725613,0
CDT.US,D,20250409,000000,1762.8,1902.3,1530,1860,130.041333398354,0
CDT.US,D,20250410,000000,2040,3420,1920,3210,24548.72767894103,0
CDT.US,D,20250411,000000,3720,4200,2700,2730.3,13409.888006704943,0
CDT.US,D,20250414,000000,2820,2820,2493.3,2604.3,531.865333599266,0
CDT.US,D,20250415,000000,2460,2820,2100,2689.2,1106.2016672197676,0
CDT.US,D,20250416,000000,2757,3030,2280,2340.3,1281.82666730758,0
CDT.US,D,20250417,000000,1920,2008.5,1800.3,1860.3,490.82933357874805,0
CDT.US,D,20250421,000000,1773,1842,1560,1644.6,314.0363334903515,0
CDT.US,D,20250422,000000,1650,1757.7,1650,1743,443.85533355526104,0
CDT.US,D,20250423,000000,1680,1710,1623,1669.5,176.83766675508554,0
CDT.US,D,20250424,000000,1650,1695,1576.2,1621.5,272.3416668028375,0
CDT.US,D,20250425,000000,1590,1687.5,1536,1687.5,251.024000125512,0
CDT.US,D,20250428,000000,1678.5,1707,1600.8,1635,198.31333343249,0
CDT.US,D,20250429,000000,1680,1754.4,1646.1,1680,234.4336667838835,0
CDT.US,D,20250430,000000,1680,1680,1590,1674,80.44533337355601,0
CDT.US,D,20250501,000000,1627.8,1687.5,1591.2,1680,189.091333427879,0
CDT.US,D,20250502,000000,1650.3,1709.1,1551,1610.1,210.91500010545752,0
CDT.US,D,20250505,000000,1560,1582.5,1440.3,1507.2,158.3650000791825,0
CDT.US,D,20250506,000000,1500,1529.7,1380.3,1428.6,144.610000072305,0
CDT.US,D,20250507,000000,1410.3,1425,1110,1266,380.457333523562,0
CDT.US,D,20250508,000000,1227.9,1311,1172.7,1200,209.8016667715675,0
CDT.US,D,20250509,000000,1261.5,1279.2,1140,1200,874.3950004371976,0
CDT.US,D,20250512,000000,1200,1312.5,1154.1,1227.6,202.642000101321,0
CDT.US,D,20250513,000000,1173,1229.7,1140,1189.8,256.842666795088,0
CDT.US,D,20250514,000000,1200,1200,1141.2,1200,142.61200007130603,0
CDT.US,D,20250515,000000,1173,1224,1113,1224,189.28133342797403,0
CDT.US,D,20250516,000000,1132.5,1216.8,1105.65,1170,309.69766682151555,0
CDT.US,D,20250519,000000,1134.9,1140,1035.6,1140,237.60366678546853,0
CDT.US,D,20250520,000000,1102,1200,1042,1150,574.565,0
CDT.US,D,20250521,000000,1120,1129.96,944,944,425.71000000000004,0
CDT.US,D,20250522,000000,936,936,791,822,508.675,0
CDT.US,D,20250523,000000,812,846.08,650,696,918.03,0
CDT.US,D,20250527,000000,708,878,672,742,1011.245,0
CDT.US,D,20250528,000000,750,809.98,716,738,426.95,0
CDT.US,D,20250529,000000,760,789.44,700,724,525.5600000000001,0
CDT.US,D,20250530,000000,730,750,642,650,1554.605,0
CDT.US,D,20250602,000000,776,848,700,788,6545.535,0
CDT.US,D,20250603,000000,760,788,606.02,646,6306.195,0
CDT.US,D,20250604,000000,566,572,490,536,25362.045000000002,0
CDT.US,D,20250605,000000,524,550,506,540,1967.76,0
CDT.US,D,20250606,000000,546,552.16,516,538,1160.005,0
CDT.US,D,20250609,000000,518,520,500,516,1101.655,0
CDT.US,D,20250610,000000,504,519.1,486.6,498,1008.14,0
CDT.US,D,20250611,000000,494,514,486,506,833.645,0
CDT.US,D,20250612,000000,502,507.78,482,494,837.385,0
CDT.US,D,20250613,000000,480,491.98,462,466,1098.05,0
CDT.US,D,20250616,000000,466,479.14,446,460,565.105,0
CDT.US,D,20250617,000000,448,517.86,448,460,1365.665,0
CDT.US,D,20250618,000000,460,496.46,456,474,1360.56,0
CDT.US,D,20250620,000000,468,486.48,458,460,3143.045,0
CDT.US,D,20250623,000000,458,476,442,462,3080.06,0
CDT.US,D,20250624,000000,470,515.8,456.2,460,2005.26,0
CDT.US,D,20250625,000000,466,510,466,490,4400.245,0
CDT.US,D,20250626,000000,490,520,474,502,1922.19,0
CDT.US,D,20250627,000000,510,610,510,576,6953.8550000000005,0
CDT.US,D,20250630,000000,568,578,516,552,2529.66,0
CDT.US,D,20250701,000000,532,558,514,558,903.285,0
CDT.US,D,20250702,000000,566,569.94,529.78,560,472.21500000000003,0
CDT.US,D,20250703,000000,552,586,533.46,584,821.72,0
CDT.US,D,20250707,000000,504,524,476,484,4591.8150000000005,0
CDT.US,D,20250708,000000,486,498,466,492,7677.68,0
CDT.US,D,20250709,000000,484,490,456,472,1570.395,0
CDT.US,D,20250710,000000,466,489.76,452,482,1451.875,0
CDT.US,D,20250711,000000,472,480,466,472,627.66,0
CDT.US,D,20250714,000000,472,492,458,462,1089.685,0
CDT.US,D,20250715,000000,468,468,446,454,1485.84,0
CDT.US,D,20250716,000000,454,454,426,438,772.625,0
CDT.US,D,20250717,000000,440,450,418,446,1014.96,0
CDT.US,D,20250718,000000,440,461.54,410,422,741.25,0
CDT.US,D,20250721,000000,412,426.08,388,420,933.115,0
CDT.US,D,20250722,000000,428,436,416,432,632.29,0
CDT.US,D,20250723,000000,440,450,424,434,486.795,0
CDT.US,D,20250724,000000,430,449.98,416,420,452.02,0
CDT.US,D,20250725,000000,420,426.84,400,400,575.635,0
CDT.US,D,20250728,000000,402,419.98,378,386,576.4250000000001,0
CDT.US,D,20250729,000000,386,393.88,370,376,356.87,0
CDT.US,D,20250730,000000,376,379.5,350,354,481.48,0
CDT.US,D,20250731,000000,354,358,340,356,513.96,0
CDT.US,D,20250801,000000,362,366,340,360,485.90500000000003,0
CDT.US,D,20250804,000000,372,380,364,376,337.505,0
CDT.US,D,20250805,000000,370,378,366,378,256.555,0
CDT.US,D,20250806,000000,380,380,366,372,339.05,0
CDT.US,D,20250807,000000,370,376,368,374,157.67000000000002,0
CDT.US,D,20250808,000000,374,380,368,370,266.89,0
CDT.US,D,20250811,000000,364,367.98,340,342,522.72,0
CDT.US,D,20250812,000000,346,358,332,348,562.225,0
CDT.US,D,20250813,000000,340,370,334,364,432.27500000000003,0
CDT.US,D,20250814,000000,358,360,328,334,787.255,0
CDT.US,D,20250815,000000,336,338,322,328,341.13,0
CDT.US,D,20250818,000000,332,332,300,314,627.415,0
CDT.US,D,20250819,000000,304,321.68,296,304,474.58500000000004,0
CDT.US,D,20250820,000000,304,318,294,310,360.57,0
CDT.US,D,20250821,000000,310,310,303,308,136.965,0
CDT.US,D,20250822,000000,304,336,304,336,366.825,0
CDT.US,D,20250825,000000,336,346.06,330.28,346.06,136.775,0
CDT.US,D,20250826,000000,312,320,300,310,5516.59,0
CDT.US,D,20250827,000000,300,310.74,280,286,889.465,0
CDT.US,D,20250828,000000,292,292.68,268,270,640.235,0
CDT.US,D,20250829,000000,270,273.98,257.68,266,755.5500000000001,0
CDT.US,D,20250902,000000,267.58,271.7,257.42,266,349.15500000000003,0
CDT.US,D,20250903,000000,268,271.94,239,240,1536.42,0
CDT.US,D,20250904,000000,242,248,235,238,832.79,0
CDT.US,D,20250905,000000,240,244,232,236,490.79,0
CDT.US,D,20250908,000000,178.7,185.32,156,159.42,146958.80000000002,0
CDT.US,D,20250909,000000,142.04,143.26,120,125.04,19160.46,0
CDT.US,D,20250910,000000,131.36,133,114.6,121.8,37530.605,0
CDT.US,D,20250911,000000,118.22,123.52,117.1,120,6559.475,0
CDT.US,D,20250912,000000,120.3,123.48,118.62,120,5554.47,0
CDT.US,D,20250915,000000,120,135.7,120,134.82,6362.3150000000005,0
CDT.US,D,20250916,000000,132,132,123.6,128.32,2548.885,0
CDT.US,D,20250917,000000,200,236,162.04,179.78,978065.62,0
CDT.US,D,20250918,000000,154,156.02,128.44,137.26,31308.440000000002,0
CDT.US,D,20250919,000000,133.96,150.2,131.22,144.22,8269.47,0
CDT.US,D,20250922,000000,144,157.78,142,150.54,9989.82,0
CDT.US,D,20250923,000000,147.9,165,147.46,151.4,3963.01,0
CDT.US,D,20250924,000000,151.4,151.4,137.76,141,3194.535,0
CDT.US,D,20250925,000000,136,145.66,136,140.56,2666.3650000000002,0
CDT.US,D,20250926,000000,138,140,136,138.6,2319.015,0
CDT.US,D,20250929,000000,138.6,141.68,134,137.7,2383.245,0
CDT.US,D,20250930,000000,135.8,136.58,130,136.02,1771.63,0
CDT.US,D,20251001,000000,130,138.8,130,138.8,1223.955,0
CDT.US,D,20251002,000000,134,136.02,132.44,135.88,1561.89,0
CDT.US,D,20251003,000000,132,135.318,130.7,135.06,2377.14,0
CDT.US,D,20251006,000000,132,177.8,132,165.96,38697.04,0
CDT.US,D,20251007,000000,153.38,157.86,145.28,153.74,68726.215,0
CDT.US,D,20251008,000000,145.58,149.96,141.02,147.36,22714.465,0
CDT.US,D,20251009,000000,127.84,133.7,122.86,129.8,277863.13,0
CDT.US,D,20251010,000000,106.48,113.56,97.94,98.08,19257.02,0
CDT.US,D,20251013,000000,98,109,85,101.5,8975.12,0
CDT.US,D,20251014,000000,101.25,104.498,89,94.75,5143.400000000001,0
CDT.US,D,20251015,000000,94,107.75,91.75,104.5,13156.16,0
CDT.US,D,20251016,000000,101.75,112.5,85.25,91.75,24193.72,0
CDT.US,D,20251017,000000,92,93.755,86.5,88.5,7645.4800000000005,0
CDT.US,D,20251020,000000,88.75,89.31,79.25,82.25,6762.12,0
CDT.US,D,20251021,000000,79.5,80.6175,75,77,4215.28,0
CDT.US,D,20251022,000000,75.25,80.25,70,72.75,6897.76,0
CDT.US,D,20251023,000000,71.25,80,68,77.5,3942.4,0
CDT.US,D,20251024,000000,75,81.25,75,75.25,3200,0
CDT.US,D,20251027,000000,76.5,77.7475,71.75,76.75,3631.16,0
CDT.US,D,20251028,000000,77,80.495,76.75,77,3583.84,0
CDT.US,D,20251029,000000,77,77,69.525,72.5,3144.04,0
CDT.US,D,20251030,000000,72.25,74.5125,70,73.75,1462.16,0
CDT.US,D,20251031,000000,72.25,74,69.75,71,1383.48,0
CDT.US,D,20251103,000000,69.5,69.5,59.8,62.5,3574.8,0
CDT.US,D,20251104,000000,61,65,59.5175,61,1780.28,0
CDT.US,D,20251105,000000,61.75,62.75,60.0225,61.5,1139.76,0
CDT.US,D,20251106,000000,61.5,62.5,57.625,61.5,1952.56,0
CDT.US,D,20251107,000000,60.5,64.25,57.5,62.75,3105.04,0
CDT.US,D,20251110,000000,62.75,68.5,61.75,66.25,1668.8,0
CDT.US,D,20251111,000000,67.25,71,63.0025,66.5,3728.8,0
CDT.US,D,20251112,000000,66.5,66.5,61,62.25,2088.96,0
CDT.US,D,20251113,000000,59,60.4975,57.5,57.75,2007.68,0
CDT.US,D,20251114,000000,53,57.5,53,55.75,762.32,0
CDT.US,D,20251117,000000,54.75,56.5,54.25,54.79,643.96,0
CDT.US,D,20251118,000000,54,54.475,52.25,52.25,1011.96,0
CDT.US,D,20251119,000000,52.25,52.8925,42.5,43.5,4553.84,0
CDT.US,D,20251120,000000,45,46,41.5,41.5,1736.48,0
CDT.US,D,20251121,000000,41.5,42.5,40.185,41.25,1452.04,0
CDT.US,D,20251124,000000,41.5,44,40.75,43.75,1003.36,0
CDT.US,D,20251125,000000,44.2175,47.4875,44.2175,46,831.52,0
CDT.US,D,20251126,000000,46.75,56.5,46.75,51.75,26746.48,0
CDT.US,D,20251128,000000,52.5,54.4975,47,50.75,170075.4,0
CDT.US,D,20251201,000000,45.5,46.3375,40.255,40.75,9912.880000000001,0
CDT.US,D,20251202,000000,43.25,43.25,38.5,40,7711.24,0
CDT.US,D,20251203,000000,38.75,43.5,37,42.25,4809.32,0
CDT.US,D,20251204,000000,41,49,40.5,45.5,14449.720000000001,0
CDT.US,D,20251205,000000,44.75,49,43.7525,44.75,6842.8,0
CDT.US,D,20251208,000000,45.25,50.75,44.47,49.25,50272.4,0
CDT.US,D,20251209,000000,43.75,46,42.25,44.25,10640.2,0
CDT.US,D,20251210,000000,42.5,58.25,42.5,49.75,39893.88,0
CDT.US,D,20251211,000000,46.25,46.465,43.75,45.25,7823.24,0
CDT.US,D,20251212,000000,44.5,47.25,43.25,43.75,3103.36,0
CDT.US,D,20251215,000000,43.75,44.75,41.25,44,2320.08,0
CDT.US,D,20251216,000000,43.25,43.75,41.75,42.75,1996.32,0
CDT.US,D,20251217,000000,42.75,43.25,40.25,40.75,2596.12,0
CDT.US,D,20251218,000000,40.75,43.75,40.7425,42,3797.84,0
CDT.US,D,20251219,000000,42.25,42.75,40.75,40.75,2889.8,0
CDT.US,D,20251222,000000,41.7475,42.5,41.0025,41.75,1369.68,0
CDT.US,D,20251223,000000,41.75,41.8775,39,39.5,2588.2400000000002,0
CDT.US,D,20251224,000000,39.25,39.75,38.25,39.75,665.08,0
CDT.US,D,20251226,000000,39,39.25,35.625,35.75,3315,0
CDT.US,D,20251229,000000,34.75,35.7475,33.55,35.5,2634,0
CDT.US,D,20251230,000000,34.75,34.9975,32.5,32.75,2922.12,0
CDT.US,D,20251231,000000,32,32.9975,31.5,32,1924.8,0
CDT.US,D,20260102,000000,32.25,36.25,31,36,4788.72,0
CDT.US,D,20260105,000000,36,37.715,34.25,35,2719.04,0
CDT.US,D,20260106,000000,35.25,37.75,34,37.75,2617.4,0
CDT.US,D,20260107,000000,37,38.5,36.25,37,2709.56,0
CDT.US,D,20260108,000000,37.5,38.625,36.25,38.25,1401.76,0
CDT.US,D,20260109,000000,38,38.25,37.04,37.75,815.12,0
CDT.US,D,20260112,000000,38.25,38.55,36.5,36.75,1872.32,0
CDT.US,D,20260113,000000,37.25,38.75,34.75,35,1525.8,0
CDT.US,D,20260114,000000,34.75,35,33.875,35,1132.3600000000001,0
CDT.US,D,20260115,000000,36,36,33.25,33.75,994.64,0
CDT.US,D,20260116,000000,34,35.75,33.5,35.5,100960.2,0
CDT.US,D,20260120,000000,37.125,39.75,32.5,36.75,40160.200000000004,0
CDT.US,D,20260121,000000,37,37,34,36,6045.6,0
CDT.US,D,20260122,000000,35.16,36.5,34,35,71244.24,0
CDT.US,D,20260123,000000,32.25,33.75,30,30.25,8965.32,0
CDT.US,D,20260126,000000,30.25,31.46,30,30.5,4510.56,0
CDT.US,D,20260127,000000,30,30,26.75,27.575,5648.84,0
CDT.US,D,20260128,000000,28.5,29.8425,27.25,28.5,3488.36,0
CDT.US,D,20260129,000000,29,29.25,27.375,27.5,2533.56,0
CDT.US,D,20260130,000000,27.25,28.5,26.505,27.25,1818.92,0
CDT.US,D,20260202,000000,27.4975,28,26.5,27.75,1339.32,0
CDT.US,D,20260203,000000,29,33.25,27.75,33.25,668999.84,0
CDT.US,D,20260204,000000,29,29.75,26,26.5,25534.04,0
CDT.US,D,20260205,000000,23.75,28.25,22.775,25.25,9894.2,0
CDT.US,D,20260206,000000,25,28,24.75,28,6666.16,0
CDT.US,D,20260209,000000,27.25,29.5,26.8425,29,8966.52,0
CDT.US,D,20260210,000000,28,28.8,27.5,28,2510.96,0
CDT.US,D,20260211,000000,27.5,27.5,25.5,27.5,2199.48,0
CDT.US,D,20260212,000000,27,27.5,24.75,26,5342,0
CDT.US,D,20260213,000000,26.75,27.5,25.75,27,2385.64,0
CDT.US,D,20260217,000000,25.75,28.625,25.75,27.5,3907.56,0
CDT.US,D,20260218,000000,27,27.0675,25.25,26,12379.28,0
CDT.US,D,20260219,000000,25.9775,26,23.2575,23.2575,3753.2400000000002,0
CDT.US,D,20260220,000000,28.5,28.75,17.08,18.77,474555.72000000003,0
CDT.US,D,20260223,000000,19.955,20,17.875,18.125,14660,0
CDT.US,D,20260224,000000,17.745,17.745,15.3675,17.1625,14580,0
CDT.US,D,20260225,000000,16.75,17.2525,15.7525,16.5025,9842.16,0
CDT.US,D,20260226,000000,16.775,16.9925,15.535,16.335,12739.44,0
CDT.US,D,20260227,000000,16.125,17.475,15.25,17.32,12739.44,0
CDT.US,D,20260302,000000,16.675,16.675,15.5125,16.3325,4426.16,0
CDT.US,D,20260303,000000,15.89,15.89,14.5,15.5,12739.56,0
CDT.US,D,20260304,000000,15.5,18.245,14.8025,17.705,6119.96,0
CDT.US,D,20260305,000000,17.35,17.4975,15.6375,16.6775,2478.2400000000002,0
CDT.US,D,20260306,000000,16.24,16.75,15.3325,16.75,1525.1200000000001,0
CDT.US,D,20260309,000000,16.4334,17.1225,15.7525,17.1225,12739.56,0
CDT.US,D,20260310,000000,17.5,17.5,15.48,15.6375,2056.4,0
CDT.US,D,20260311,000000,15.55,16.1075,13.575,14.37,7844.4400000000005,0
CDT.US,D,20260312,000000,14.25,14.75,14.2125,14.7475,2097.48,0
CDT.US,D,20260313,000000,14.5,14.75,11.825,11.955,10044.64,0
CDT.US,D,20260316,000000,12.75,12.75,11.05,11.405,6296.76,0
CDT.US,D,20260317,000000,11.5,12.4975,11.1405,12.2375,4000.2400000000002,0
CDT.US,D,20260318,000000,12.25,12.7,11.9541,12.7,1623.3600000000001,0
CDT.US,D,20260319,000000,12.785,12.785,11.2525,12.05,2914.32,0
CDT.US,D,20260320,000000,11.665,12.1675,11.075,12.1675,3612.36,0
CDT.US,D,20260323,000000,12.1625,12.4775,11.4975,12.15,2006.44,0
CDT.US,D,20260324,000000,12.4,12.9925,12.105,12.345,2596.32,0
CDT.US,D,20260325,000000,10.2575,11.455,9.25,10.8638,11672.2,0
CDT.US,D,20260326,000000,10.85,10.85,9.8175,9.82,3274.8,0
CDT.US,D,20260327,000000,8.55,11,7.45,7.85,106834,0
CDT.US,D,20260330,000000,7.61,9.52,7.5,9.35,958582,0
CDT.US,D,20260331,000000,6.72,6.725,4.96,5.1,308792,0
CDT.US,D,20260401,000000,5.03,5.12,4.4,5.1,746305,0
CDT.US,D,20260402,000000,4.12,4.59,3.83,3.95,161805,0
CDT.US,D,20260406,000000,3.94,4.15,3.64,3.95,50265,0
CDT.US,D,20260407,000000,4.21,4.49,3.978,4.22,82276,0
CDT.US,D,20260408,000000,4.49,5.4132,4.2,5.12,123726,0
CDT.US,D,20260409,000000,5.01,6.22,4.78,5.89,108355,0
CDT.US,D,20260410,000000,5.94,5.94,3.715,4.08,146737,0
CDT.US,D,20260413,000000,4.12,5.05,4.02,4.98,92096,0
CDT.US,D,20260414,000000,5.02,5.24,4.71,4.77,28945,0
CDT.US,D,20260415,000000,4.9,4.9399,4.67,4.67,18618,0
CDT.US,D,20260416,000000,4.04,4.6,2.6014,3.53,748270,0
CDT.US,D,20260417,000000,3.5,3.5497,3.19,3.46,90956,0
CDT.US,D,20260420,000000,3.41,3.51,3.2,3.355,48484,0
CDT.US,D,20260421,000000,3.311,3.495,3.27,3.31,29225,0
CDT.US,D,20260422,000000,3.27,3.31,3.025,3.13,56861,0
CDT.US,D,20260423,000000,3.17,3.21,2.96,2.96,37299,0
CDT.US,D,20260424,000000,2.93,2.96,2.74,2.75,47607,0
CDT.US,D,20260427,000000,2.79,2.83,2.42,2.49,43544,0
CDT.US,D,20260428,000000,2.49,2.49,2.38,2.46,18036,0
CDT.US,D,20260429,000000,2.4024,2.525,2.21,2.2496,32742,0
CDT.US,D,20260430,000000,2.41,2.41,2.24,2.325,14045,0
CDT.US,D,20260501,000000,2.295,2.38,2.2,2.26,24919,0
CDT.US,D,20260504,000000,2.21,2.27,2.08,2.1,42955,0
CDT.US,D,20260505,000000,2.195,2.195,2.0501,2.08,26860,0
CDT.US,D,20260506,000000,2.15,2.265,2.08,2.26,42541,0
CDT.US,D,20260507,000000,2.3,2.3299,2.025,2.08,50308,0
CDT.US,D,20260508,000000,2.15,2.15,1.9569,2.005,37472,0
CDT.US,D,20260511,000000,2,2,1.83,1.85,37144,0
CDT.US,D,20260512,000000,1.875,1.92,1.8605,1.89,21416,0
CDT.US,D,20260513,000000,1.96,2.1896,1.775,2.12,67720,0
CDT.US,D,20260514,000000,2.07,2.1299,1.83,1.86,62370,0
CDT.US,D,20260515,000000,1.88,1.9334,1.6912,1.725,38981,0
CDT.US,D,20260518,000000,1.7308,1.75,1.495,1.5,61864,0
CDT.US,D,20260519,000000,1.4,1.43,1.18,1.2,1266254,0
CDT.US,D,20260520,000000,1.29,1.29,1.201,1.23,270975,0
CDT.US,D,20260521,000000,1.34,1.34,1.14,1.22,325469,0
CDT.US,D,20260522,000000,1.2,1.2761,0.99,1.05,341559,0
CDT.US,D,20260526,000000,1.06,1.09,0.7932,0.8843,306864,0
CDT.US,D,20260527,000000,0.97,1.2,0.9007,1.1,1464003,0
CDT.US,D,20260528,000000,0.99,1.0199,0.931,0.9501,266048,0
CDT.US,D,20260529,000000,1.1,2.89,0.933,1.04,46121143,0
CDT.US,D,20260601,000000,0.9,0.9729,0.851,0.895,1612467,0
CDT.US,D,20260602,000000,0.853,0.9,0.81,0.8475,473333,0
CDT.US,D,20260603,000000,0.8,0.82,0.7654,0.805,309577,0
CDT.US,D,20260604,000000,0.77,0.87,0.74001,0.85,405395,0
CDT.US,D,20260605,000000,0.8132,0.8132,0.7056,0.736,322161,0
CDT.US,D,20260608,000000,0.74,0.82,0.6859,0.775,301645,0
CDT.US,D,20260609,000000,0.74,0.794549,0.7301,0.742,207165,0
CDT.US,D,20260610,000000,0.75,0.7695,0.7,0.7203,114938,0
CDT.US,D,20260611,000000,0.7,0.763399,0.7,0.7175,158656,0
CDT.US,D,20260612,000000,0.7207,0.7496,0.6705,0.696,152841,0
CDT.US,D,20260615,000000,0.757,0.757,0.7,0.71,83396,0
CDT.US,D,20260616,000000,0.6912,0.7198,0.6828,0.7178,71788,0
CDT.US,D,20260617,000000,0.73,0.73,0.693,0.693,44139,0
CDT.US,D,20260618,000000,1.34,1.8,0.8721,1.02,249471141,0
CDT.US,D,20260622,000000,1.415,1.905,1.27,1.5,112977595,0
CDT.US,D,20260623,000000,1.55,1.6,1.11,1.15,6748310,0
CDT.US,D,20260624,000000,1.08,1.25,1.05,1.065,2423886,0
