<TICKER>,<PER>,<DATE>,<TIME>,<OPEN>,<HIGH>,<LOW>,<CLOSE>,<VOL>,<OPENINT>
CIIT.US,D,20250410,000000,23.1,24.29,16.1,18.2,45156.4285849755,0
CIIT.US,D,20250411,000000,18.83,20.93,17.85,19.25,31160.285723633802,0
CIIT.US,D,20250414,000000,19.32,22.05,18.97,21.161,18360.285719793803,0
CIIT.US,D,20250415,000000,21,21,18.2,19.53,12188.2857179422,0
CIIT.US,D,20250416,000000,18.8524,19.95,18.8524,19.4593,2508.7142864669004,0
CIIT.US,D,20250417,000000,19.32,19.88,15.575,19.46,15632.5714332612,0
CIIT.US,D,20250421,000000,20.23,20.23,16.73,19.145,38988.571440268,0
CIIT.US,D,20250422,000000,20.3,20.3,17.85,19.25,8155.1428595894,0
CIIT.US,D,20250423,000000,18.97,19.88,17.6407,19.88,26692.1428651505,0
CIIT.US,D,20250424,000000,20.1936,20.23,19.11,20.16,2761.8571436857,0
CIIT.US,D,20250425,000000,19.95,20.09,18.2,19.2507,7398.285716505201,0
CIIT.US,D,20250428,000000,18.13,19.25,16.87,18.9273,3173.4285723806,0
CIIT.US,D,20250429,000000,17.99,19.88,17.36,18.83,1793.2857148237001,0
CIIT.US,D,20250430,000000,18.62,18.83,16.66,18.1993,18875.2857199483,0
CIIT.US,D,20250501,000000,17.64,20.496,15.96,16.73,30655.4285806252,0
CIIT.US,D,20250502,000000,18.27,18.27,14.77,17.5,24678.142864546302,0
CIIT.US,D,20250505,000000,16.87,18.13,15.12,17.0793,21858.285720843203,0
CIIT.US,D,20250506,000000,16.66,18.13,13.405,18.13,24935.428578909203,0
CIIT.US,D,20250507,000000,16.66,19.32,15.75,16.94,64275.0000192825,0
CIIT.US,D,20250508,000000,17.5686,17.99,15.575,17.99,8968.1428598333,0
CIIT.US,D,20250509,000000,16.45,16.45,14,15.4,23350.571435576603,0
CIIT.US,D,20250512,000000,14.49,15.4,13.86,14.91,31763.857152386303,0
CIIT.US,D,20250513,000000,15.4,15.47,13.58,13.58,2322.0000006966,0
CIIT.US,D,20250514,000000,13.65,16.1,13.65,15.54,3016.0000009048003,0
CIIT.US,D,20250515,000000,15.75,15.75,14.35,15.05,5430.4285730577,0
CIIT.US,D,20250516,000000,14.07,15.3993,13.93,14.56,1452.7142861501002,0
CIIT.US,D,20250519,000000,14.14,14.49,11.9,12.46,5468.428573069101,0
CIIT.US,D,20250520,000000,12.53,14.49,12.53,13.02,526.1428573007,0
CIIT.US,D,20250521,000000,13.86,13.86,12.6,13.58,10004.428574429901,0
CIIT.US,D,20250522,000000,13.65,13.6794,13.02,13.3,3288.7142867009,0
CIIT.US,D,20250523,000000,13.3861,14.63,12.88,13.685,18775.571434204103,0
CIIT.US,D,20250527,000000,13.23,13.8796,11.9014,13.8796,716.1428573577001,0
CIIT.US,D,20250528,000000,13.44,13.8775,12.6,13.44,1522.5714290282,0
CIIT.US,D,20250529,000000,14.07,14.7,12.74,14.63,2935.2857151663,0
CIIT.US,D,20250530,000000,12.95,14,12.95,14,667.8571430575,0
CIIT.US,D,20250602,000000,11.2,14.77,11.2,13.6486,1152.2857146314002,0
CIIT.US,D,20250603,000000,12.866,14.7,12.39,14.7,1326.8571432552,0
CIIT.US,D,20250604,000000,12.6,15.05,12.6,14.8393,9418.7142885399,0
CIIT.US,D,20250605,000000,15.12,15.75,14.35,14.84,4966.5714300614,0
CIIT.US,D,20250606,000000,15.75,17.3999,14.7,15.82,7560.8571451254,0
CIIT.US,D,20250609,000000,16.45,16.8,15.96,16.8,3382.0000010146005,0
CIIT.US,D,20250610,000000,16.7993,17.4293,14.35,17.36,3308.2857152782003,0
CIIT.US,D,20250611,000000,17.36,17.4293,16.5851,17.36,2081.428572053,0
CIIT.US,D,20250612,000000,17.36,17.36,15.1207,17.29,4369.7142870252,0
CIIT.US,D,20250613,000000,16.8,17.5,15.505,16.66,3282.4285724133,0
CIIT.US,D,20250616,000000,16.94,17.43,16.1,16.45,25602.285721966404,0
CIIT.US,D,20250617,000000,16.94,17.99,14.28,16.38,90027.2857412939,0
CIIT.US,D,20250618,000000,16.415,18.0096,13.86,15.33,127464.57146681081,0
CIIT.US,D,20250620,000000,15.4,16.59,14.56,15.61,27446.8571510912,0
CIIT.US,D,20250623,000000,15.96,15.96,13.65,15.26,41760.5714410996,0
CIIT.US,D,20250624,000000,15.54,15.54,13.72,14.98,44733.142870562806,0
CIIT.US,D,20250625,000000,14.84,15.3293,14,14.56,45598.714299393905,0
CIIT.US,D,20250626,000000,14.49,14.7,11.97,14.07,44582.5714419462,0
CIIT.US,D,20250627,000000,14.07,14.175,12.67,13.195,54461.14287348121,0
CIIT.US,D,20250630,000000,13.65,13.86,4.4303,5.39,203642.1429182355,0
CIIT.US,D,20250701,000000,5.5139,5.5139,4.6823,4.8146,21245.857149230902,0
CIIT.US,D,20250702,000000,4.9756,4.9756,4.2,4.725,27866.714294074303,0
CIIT.US,D,20250703,000000,4.83,5.0323,4.83,5.0323,15536.428576089502,0
CIIT.US,D,20250707,000000,4.767,4.9091,3.92,4.7523,9685.0000029055,0
CIIT.US,D,20250708,000000,4.8342,6.8593,4.4926,6.559,47043.4285855416,0
CIIT.US,D,20250709,000000,6.6241,8.82,6.3945,8.645,35816.0000107448,0
CIIT.US,D,20250710,000000,8.75,9.03,7.98,8.435,24460.571435909602,0
CIIT.US,D,20250711,000000,8.12,8.96,7.707,8.82,24185.714292970002,0
CIIT.US,D,20250714,000000,8.26,8.96,7.84,8.05,47742.4285857513,0
CIIT.US,D,20250715,000000,7.3962,8.386,7.28,7.98,13495.4285754772,0
CIIT.US,D,20250716,000000,7.5908,8.05,7.35,7.98,10841.714288966801,0
CIIT.US,D,20250717,000000,8.19,8.89,7.791,8.61,24150.428578673702,0
CIIT.US,D,20250718,000000,8.47,8.47,6.86,7.35,22233.7142923844,0
CIIT.US,D,20250721,000000,7.84,8.26,7,7.56,12013.857146461301,0
CIIT.US,D,20250722,000000,7.35,8.19,7.0007,8.19,5099.5714301013,0
CIIT.US,D,20250723,000000,7.77,8.05,7.28,7.7,29339.142865944603,0
CIIT.US,D,20250724,000000,7.42,7.98,7.14,7.63,24871.714293175803,0
CIIT.US,D,20250725,000000,7.49,7.9471,6.9461,7.42,3872.2857154474004,0
CIIT.US,D,20250728,000000,7.07,7.6293,6.58,7.0133,6731.2857163051,0
CIIT.US,D,20250729,000000,7,7.14,6.412,7,16030.285719094802,0
CIIT.US,D,20250730,000000,6.86,7.1981,6.51,6.93,2369.0000007107,0
CIIT.US,D,20250731,000000,7.07,7.84,6.79,7.42,5823.142858889801,0
CIIT.US,D,20250801,000000,7.14,7.42,6.51,7.35,8826.571431219401,0
CIIT.US,D,20250804,000000,6.72,7.35,5.35499,7.35,21774.1428636751,0
CIIT.US,D,20250805,000000,7,7.28,6.1943,7.14,34046.0000102138,0
CIIT.US,D,20250806,000000,6.72,7.245,5.32,7.21,20207.142863205,0
CIIT.US,D,20250807,000000,6.79,6.79,5.9402,6.6696,12596.142860921702,0
CIIT.US,D,20250808,000000,6.93,7.56,6.09,6.6339,33130.8571527964,0
CIIT.US,D,20250811,000000,6.5394,7.84,6.3,6.3,3433.8571438873005,0
CIIT.US,D,20250812,000000,6.37,6.37,5.6,6.23035,628.4285716171,0
CIIT.US,D,20250813,000000,6.16,6.4575,5.67,5.8814,25101.857150387703,0
CIIT.US,D,20250814,000000,6.041,7.21,5.81,6.076,5672.428573130301,0
CIIT.US,D,20250815,000000,6.083,6.3616,5.6,6.3091,988.2857145822001,0
CIIT.US,D,20250818,000000,6.2342,6.72,5.9544,6.65,3236.4285723995004,0
CIIT.US,D,20250819,000000,6.0207,7.21,6.0207,7.07,1700.1428576529001,0
CIIT.US,D,20250820,000000,7.14,7.14,5.88,6.72,1242.2857146584001,0
CIIT.US,D,20250821,000000,6.51,6.51,6.3,6.51,3764.1428582721005,0
CIIT.US,D,20250822,000000,6.40499,6.93,6.1474,6.93,6440.7142876465,0
CIIT.US,D,20250825,000000,6.72,6.72,5.9948,6.02,4962.428572917301,0
CIIT.US,D,20250826,000000,5.81,6.2055,5.2521,5.6,6661.2857162841,0
CIIT.US,D,20250827,000000,5.32,5.53,4.6207,5.04,9806.0000029418,0
CIIT.US,D,20250828,000000,5.1408,5.6,4.6725,4.76,15048.142861657301,0
CIIT.US,D,20250829,000000,5.6,5.6,4.3064,4.5318,3330.4285724277,0
CIIT.US,D,20250902,000000,4.69,4.69,4.27,4.27,2633.8571436473003,0
CIIT.US,D,20250903,000000,4.0635,4.193,3.9172,3.9256,16680.857147861403,0
CIIT.US,D,20250904,000000,3.829,4.5591,3.57,4.4891,10944.000003283201,0
CIIT.US,D,20250905,000000,4.515,5.81,4.1195,4.9,20075.5714345941,0
CIIT.US,D,20250908,000000,4.8433,4.9539,4.5465,4.5472,2649.2857150805003,0
CIIT.US,D,20250909,000000,5.1093,5.6,4.55,5.509,50446.0000151338,0
CIIT.US,D,20250910,000000,5.4026,6.44,4.23501,6.293,61091.00001832731,0
CIIT.US,D,20250911,000000,5.3865,6.86,4.06,5.1058,29784.571437506802,0
CIIT.US,D,20250912,000000,5.257,8.68,4.97,5.908,359197.28582204494,0
CIIT.US,D,20250915,000000,5.453,6.58,4.9,6.23,78156.71430916131,0
CIIT.US,D,20250916,000000,5.67,7.35,5.6,7.14,54296.0000162888,0
CIIT.US,D,20250917,000000,6.79,6.93,6.3042,6.5093,18895.000005668502,0
CIIT.US,D,20250918,000000,6.3,6.44,5.6714,5.8177,12103.142860773802,0
CIIT.US,D,20250919,000000,5.6434,5.6434,4.97,5.04,12647.142860937001,0
CIIT.US,D,20250922,000000,4.9014,5.32,4.69,5.1793,17765.0000053295,0
CIIT.US,D,20250923,000000,4.9,4.9007,4.5507,4.8335,5219.000001565701,0
CIIT.US,D,20250924,000000,4.83,4.8328,4.515,4.6193,24780.857150291402,0
CIIT.US,D,20250925,000000,5.019,5.0253,4.1503,4.2007,18674.142862745102,0
CIIT.US,D,20250926,000000,4.375,4.375,3.647,4.1293,28447.8571513915,0
CIIT.US,D,20250929,000000,4.13,4.13,3.7492,3.8731,14998.428575928101,0
CIIT.US,D,20250930,000000,3.9886,3.9893,3.71,3.9053,7458.000002237401,0
CIIT.US,D,20251001,000000,3.92,4.0908,3.78,3.9123,11665.8571463569,0
CIIT.US,D,20251002,000000,3.8507,4.3785,3.85,4.27,15638.8571475488,0
CIIT.US,D,20251003,000000,4.2161,4.54999,4.2161,4.438,2060.1428577609004,0
CIIT.US,D,20251006,000000,4.41,5.04,4.1888,4.8566,49857.71430067161,0
CIIT.US,D,20251007,000000,4.76,5.7302,4.55,5.649,52356.2857299926,0
CIIT.US,D,20251008,000000,5.6518,5.8632,5.3683,5.5734,85435.2857399163,0
CIIT.US,D,20251009,000000,5.32,5.46,4.2042,4.2042,31307.428580820804,0
CIIT.US,D,20251010,000000,4.0782,4.27,4.0607,4.2658,333265.4286714082,0
CIIT.US,D,20251013,000000,3.3789,3.7226,3.15,3.7226,89188.0000267564,0
CIIT.US,D,20251014,000000,3.6561,3.7184,3.5,3.6309,40923.4285837056,0
CIIT.US,D,20251015,000000,3.556,4.41,3.5175,4.41,48188.8571573138,0
CIIT.US,D,20251016,000000,4.326,5.32,3.7541,4.06,92596.85717063621,0
CIIT.US,D,20251017,000000,3.9165,7.14,3.8703,6.1817,1013793.0003041379,0
CIIT.US,D,20251020,000000,4.13,5.565,3.2816,4.69,278263.1429406218,0
CIIT.US,D,20251021,000000,4.3435,6.93,4.3435,6.02,259381.28579210013,0
CIIT.US,D,20251022,000000,5.383,5.95,5.047,5.1184,51742.0000155226,0
CIIT.US,D,20251023,000000,4.9651,5.4775,4.907,4.977,18182.2857197404,0
CIIT.US,D,20251024,000000,4.984,7,4.9007,6.9447,670073.0002010219,0
CIIT.US,D,20251027,000000,6.1922,7,5.9031,7,354909.28582075855,0
CIIT.US,D,20251028,000000,6.51,6.6143,5.6,5.6,35259.4285820064,0
CIIT.US,D,20251029,000000,5.565,5.873,5.32,5.3333,31509.1428665956,0
CIIT.US,D,20251030,000000,5.355,5.6,4.9805,5.08025,13401.2857183061,0
CIIT.US,D,20251031,000000,4.977,4.977,4.0607,4.1804,107569.4286036994,0
CIIT.US,D,20251103,000000,4.347,4.676,4.2147,4.34,16822.142862189503,0
CIIT.US,D,20251104,000000,4.235,4.48483,3.9473,4.06,19811.142863086203,0
CIIT.US,D,20251105,000000,3.997,4.4709,3.997,4.2,20247.2857203599,0
CIIT.US,D,20251106,000000,4.095,4.5906,4.095,4.53827,14413.000004323902,0
CIIT.US,D,20251107,000000,4.34,4.5367,4.20421,4.3435,4419.571429897301,0
CIIT.US,D,20251110,000000,4.34,4.69,4.2,4.2238,57552.85716012301,0
CIIT.US,D,20251111,000000,4.5864,4.613,4.242,4.2924,20798.1428633823,0
CIIT.US,D,20251112,000000,4.305,4.5423,4.0747,4.1594,31383.2857237007,0
CIIT.US,D,20251113,000000,4.1671,4.55,4.06,4.0628,17332.5714337712,0
CIIT.US,D,20251114,000000,4.095,4.1993,3.8605,3.8605,2959.4285723164003,0
CIIT.US,D,20251117,000000,3.92,4.1384,3.6519,3.8213,5675.571430274101,0
CIIT.US,D,20251118,000000,3.647,3.654,2.8,2.912,42349.8571555621,0
CIIT.US,D,20251119,000000,3.045,3.22,2.835,3.0877,152253.1429028188,0
CIIT.US,D,20251120,000000,3.003,3.2186,2.835,2.8532,16592.428576406302,0
CIIT.US,D,20251121,000000,2.7993,3.0793,2.59,2.8105,9050.285717000801,0
CIIT.US,D,20251124,000000,2.6201,2.94,2.4808,2.807,17274.7142908967,0
CIIT.US,D,20251125,000000,2.807,2.807,2.6096,2.6887,1346.8571432612,0
CIIT.US,D,20251126,000000,2.7993,2.7993,2.5221,2.6509,6714.8571448716,0
CIIT.US,D,20251128,000000,2.73,2.7965,2.5221,2.5312,8072.285716707401,0
CIIT.US,D,20251201,000000,2.73,3.1108,2.1147,3.0625,1960891.4291596962,0
CIIT.US,D,20251202,000000,2.8224,3.57,2.8224,3.4181,92017.71431331961,0
CIIT.US,D,20251203,000000,3.4342,3.5035,3.0912,3.3579,39254.1428689191,0
CIIT.US,D,20251204,000000,3.3915,3.829,3.2242,3.43,37827.5714399197,0
CIIT.US,D,20251205,000000,3.4986,3.81429,3.087,3.157,21262.000006378603,0
CIIT.US,D,20251208,000000,3.157,3.4629,2.9113,3.0639,6098.7142875439,0
CIIT.US,D,20251209,000000,3.1507,3.22,3.0667,3.1612,6529.4285733874,0
CIIT.US,D,20251210,000000,3.1899,3.5686,3.1626,3.4524,7657.428573725801,0
CIIT.US,D,20251211,000000,3.6372,4.13,3.4524,3.5735,19987.000005996102,0
CIIT.US,D,20251212,000000,3.8745,3.8948,3.57,3.5833,6641.000001992301,0
CIIT.US,D,20251215,000000,3.5,4.06,3.5,3.5973,5915.4285732032,0
CIIT.US,D,20251216,000000,3.465,3.5,3.22,3.227,5726.000001717801,0
CIIT.US,D,20251217,000000,3.206,3.2837,2.8917,3.0569,4406.7142870363,0
CIIT.US,D,20251218,000000,3.213,3.213,2.94,2.9456,6671.2857162871005,0
CIIT.US,D,20251219,000000,3.2032,3.2032,2.94,2.9414,1545.8571433209001,0
CIIT.US,D,20251222,000000,3.0023,3.136,2.8091,2.905,8376.8571453702,0
CIIT.US,D,20251223,000000,2.80001,2.90499,2.618,2.618,9743.857145780301,0
CIIT.US,D,20251224,000000,2.66,2.79999,2.6208,2.6208,1994.7142863127,0
CIIT.US,D,20251226,000000,2.6173,2.7993,2.52,2.5382,3325.0000009975,0
CIIT.US,D,20251229,000000,2.597,2.8,2.52,2.527,1766.7142862443002,0
CIIT.US,D,20251230,000000,2.5277,2.77199,2.5277,2.5382,3553.7142867804005,0
CIIT.US,D,20251231,000000,2.5375,2.66,2.3275,2.3275,2600.5714293516003,0
CIIT.US,D,20260102,000000,2.45,2.50599,2.3275,2.4255,8318.8571453528,0
CIIT.US,D,20260105,000000,2.5809,2.72999,2.2785,2.5368,17329.285719484502,0
CIIT.US,D,20260106,000000,2.576,2.576,2.2596,2.5543,2945.5714294551003,0
CIIT.US,D,20260107,000000,2.45,2.6915,2.45,2.68093,1262.5714289502,0
CIIT.US,D,20260108,000000,2.7615,2.7615,2.52,2.618,923.0000002769001,0
CIIT.US,D,20260109,000000,2.59,2.59,2.296,2.5711,961.7142860028001,0
CIIT.US,D,20260112,000000,2.73,2.73,2.4493,2.4507,1371.5714289829002,0
CIIT.US,D,20260113,000000,2.6957,2.6957,2.3443,2.4955,2596.0000007788003,0
CIIT.US,D,20260114,000000,2.422,2.695,2.359,2.52,18956.8571485442,0
CIIT.US,D,20260115,000000,2.6901,2.7993,2.51999,2.5207,5804.0000017412,0
CIIT.US,D,20260116,000000,2.4241,2.73,2.38,2.555,7651.428573724001,0
CIIT.US,D,20260120,000000,2.415,2.57251,2.415,2.45,1427.1428575710001,0
CIIT.US,D,20260121,000000,2.485,2.59,2.31,2.31,1532.0000004596002,0
CIIT.US,D,20260122,000000,2.548,2.66,2.31,2.66,5681.857144561701,0
CIIT.US,D,20260123,000000,2.653,2.653,2.4206,2.6383,904.2857145570001,0
CIIT.US,D,20260126,000000,2.52665,3.346,2.4157,3.038,15805.000004741501,0
CIIT.US,D,20260127,000000,3.087,4.998,3.0009,4.3071,658010.4287688318,0
CIIT.US,D,20260128,000000,3.836,4.9,3.7149,4.58115,24937.142864624002,0
CIIT.US,D,20260129,000000,4.48,5.25,3.857,4.3001,98476.71431525731,0
CIIT.US,D,20260130,000000,4.186,4.83,4.06,4.403,30768.571437802002,0
CIIT.US,D,20260202,000000,4.2707,4.403,4.0523,4.2987,10170.7142887655,0
CIIT.US,D,20260203,000000,4.2,4.44185,3.9949,4.2553,6950.2857163708,0
CIIT.US,D,20260204,000000,4.137,4.2,3.647,4.1097,1555.5714290381002,0
CIIT.US,D,20260205,000000,4.2,4.2,3.85,4.1517,2955.5714294581003,0
CIIT.US,D,20260206,000000,4.0873,4.235,3.85,4.1965,13804.0000041412,0
CIIT.US,D,20260209,000000,4.1895,4.1895,3.8374,4.172,3015.4285723332005,0
CIIT.US,D,20260210,000000,4.0565,4.0593,3.85,4.0481,1204.5714289328,0
CIIT.US,D,20260211,000000,4.0607,4.41,4.06,4.2938,2186.8571435132003,0
CIIT.US,D,20260212,000000,3.9235,4.13,3.9235,4.13,286.42857151450005,0
CIIT.US,D,20260213,000000,4.1293,4.235,3.927,4.228,3392.4285724463,0
CIIT.US,D,20260217,000000,4.06,4.165,3.9277,3.9277,165.00000004950002,0
CIIT.US,D,20260218,000000,3.934,4.27,3.9277,4.27,533.2857144457,0
CIIT.US,D,20260219,000000,3.9382,4.34,3.9382,4.06,3226.7142866823,0
CIIT.US,D,20260220,000000,4.095,4.095,3.85,3.9053,469.5714287123,0
CIIT.US,D,20260223,000000,4.0397,4.33993,3.927,4.33929,2514.8571436116003,0
CIIT.US,D,20260224,000000,3.9914,4.2854,3.9907,4.2,2743.8571436803004,0
CIIT.US,D,20260225,000000,4.27,4.27,3.997,3.997,728.57142879,0
CIIT.US,D,20260226,000000,4.13,4.2,3.78,3.787,6759.0000020277,0
CIIT.US,D,20260227,000000,3.78,3.815,2.8,3.22,5658.1428588403005,0
CIIT.US,D,20260302,000000,3.01,3.22,2.38,2.975,8763.428574057602,0
CIIT.US,D,20260303,000000,2.807,2.86335,2.345,2.52,23553.7142927804,0
CIIT.US,D,20260304,000000,2.534,2.8483,2.38,2.8,25128.571436110004,0
CIIT.US,D,20260305,000000,2.73,2.73,2.30929,2.653,14955.285718772302,0
CIIT.US,D,20260306,000000,2.38,2.52,1.5127,2.3296,54683.2857306907,0
CIIT.US,D,20260309,000000,3.8304,4.634,2.4304,2.674,7752588.430897206,0
CIIT.US,D,20260310,000000,2.5788,2.7384,2.1777,2.41501,379653.8572567533,0
CIIT.US,D,20260311,000000,2.3065,2.3737,1.7066,2.1987,172386.7143374303,0
CIIT.US,D,20260312,000000,2.163,2.163,1.7164,2.1,176250.57148144662,0
CIIT.US,D,20260313,000000,1.9586,2.1518,1.7808,2.1,124693.00003740791,0
CIIT.US,D,20260316,000000,2.646,2.646,2.1441,2.2533,8506792.859694896,0
CIIT.US,D,20260317,000000,1.701,1.7934,1.4294,1.6562,449054.5715632878,0
CIIT.US,D,20260318,000000,1.61,1.78289,1.5148,1.778,111472.14289058451,0
CIIT.US,D,20260319,000000,1.491,1.9488,1.4721,1.8879,241367.57150098172,0
CIIT.US,D,20260320,000000,1.6683,1.9938,1.6022,1.72,248227,0
CIIT.US,D,20260323,000000,1.67,1.67,1.4501,1.63,92190,0
CIIT.US,D,20260324,000000,1.56,1.68,1.48,1.65,170054,0
CIIT.US,D,20260325,000000,1.62,1.66,1.53,1.66,32048,0
CIIT.US,D,20260326,000000,1.6,1.7,1.39,1.69,147373,0
CIIT.US,D,20260327,000000,1.5901,1.69,1.5901,1.64,18638,0
CIIT.US,D,20260330,000000,1.57,1.6001,1.48,1.59,42463,0
CIIT.US,D,20260331,000000,1.51,1.63,1.5,1.63,28695,0
CIIT.US,D,20260401,000000,1.59,1.6876,1.5001,1.67,29600,0
CIIT.US,D,20260402,000000,1.53,1.68,1.53,1.65,23062,0
CIIT.US,D,20260406,000000,1.55,1.71,1.51,1.71,19340,0
CIIT.US,D,20260407,000000,1.64,1.7765,1.6,1.61,46439,0
CIIT.US,D,20260408,000000,1.6,1.65,1.3601,1.64,36312,0
CIIT.US,D,20260409,000000,1.58,1.605,1.5673,1.58,8260,0
CIIT.US,D,20260410,000000,1.58,1.64,1.52,1.52,10248,0
CIIT.US,D,20260413,000000,1.45,1.4699,1.26,1.37,141648,0
CIIT.US,D,20260414,000000,1.34,1.39,1.29,1.38,6584924,0
CIIT.US,D,20260415,000000,1.67,1.82,1.39,1.59,19868334,0
CIIT.US,D,20260416,000000,1.64,1.7,1.4503,1.58,478866,0
CIIT.US,D,20260417,000000,1.55,1.79,1.49,1.74,375377,0
CIIT.US,D,20260420,000000,1.63,1.78,1.61,1.64,66884,0
CIIT.US,D,20260421,000000,1.605,1.64,1.53,1.53,54311,0
CIIT.US,D,20260422,000000,1.51,1.5792,1.4301,1.5,42880,0
CIIT.US,D,20260423,000000,1.5,1.52,1.38,1.45,59658,0
CIIT.US,D,20260424,000000,1.46,1.5,1.3601,1.48,150351,0
CIIT.US,D,20260427,000000,1.4397,1.48,1.43,1.46,17154,0
CIIT.US,D,20260428,000000,1.455,1.6,1.371,1.48,35442,0
CIIT.US,D,20260429,000000,1.49,1.6,1.4333,1.52,31720,0
CIIT.US,D,20260430,000000,1.5494,1.5494,1.48,1.52,16134,0
CIIT.US,D,20260501,000000,1.4601,1.49,1.43,1.45,12426,0
CIIT.US,D,20260504,000000,1.41,1.42,1.35,1.39,19231,0
CIIT.US,D,20260505,000000,1.39,1.5,1.3301,1.47,42901,0
CIIT.US,D,20260506,000000,1.47,1.4999,1.44,1.49,33080,0
CIIT.US,D,20260507,000000,1.42,1.52,1.41,1.52,13848,0
CIIT.US,D,20260508,000000,1.45,1.51,1.41,1.42,11587,0
CIIT.US,D,20260511,000000,1.2505,1.53,1.2505,1.43,36691,0
CIIT.US,D,20260512,000000,1.4001,1.4001,1.15,1.35,62753,0
CIIT.US,D,20260513,000000,1.31,1.36,1.1688,1.28,40752,0
CIIT.US,D,20260514,000000,1.23,1.33,1.23,1.26,19522,0
CIIT.US,D,20260515,000000,1.25,1.29,1.22,1.29,9403,0
CIIT.US,D,20260518,000000,1.27,1.32,1.2,1.31,9577,0
CIIT.US,D,20260519,000000,1.22,1.34,1.15,1.34,18390,0
CIIT.US,D,20260520,000000,1.22,1.42,1.22,1.34,4412,0
CIIT.US,D,20260521,000000,1.28,1.32,1.22,1.32,8537,0
CIIT.US,D,20260522,000000,1.32,1.33,1.26,1.33,6476,0
CIIT.US,D,20260526,000000,1.29,1.3288,1.24,1.308,5685,0
CIIT.US,D,20260527,000000,1.25,1.3368,1.23,1.25,31250,0
CIIT.US,D,20260528,000000,1.27,1.3,1.21,1.25,14373,0
CIIT.US,D,20260529,000000,1.2733,1.28,1.2,1.28,26424,0
CIIT.US,D,20260601,000000,1.27,1.34,1.25,1.34,14579,0
CIIT.US,D,20260602,000000,1.33,1.3369,1.19,1.2,27768,0
CIIT.US,D,20260603,000000,1.26,1.26,1.03,1.1,37881,0
CIIT.US,D,20260604,000000,1.12,1.18,1.0715,1.135,63062,0
CIIT.US,D,20260605,000000,1.14,1.2169,1.04,1.2,37054,0
CIIT.US,D,20260608,000000,1.08,1.18,1.06,1.18,141186,0
CIIT.US,D,20260609,000000,1.14,1.2,1.08,1.2,200929,0
CIIT.US,D,20260610,000000,3.21,4.65,1.53,1.61,80884484,0
CIIT.US,D,20260611,000000,1.34,1.69,1.11,1.58,1639461,0
CIIT.US,D,20260612,000000,1.8,2.95,1.6,1.76,29489688,0
CIIT.US,D,20260615,000000,1.91,1.975,1.32,1.48,12172578,0
CIIT.US,D,20260616,000000,0.6208,0.6562,0.3801,0.442,9900888,0
CIIT.US,D,20260617,000000,0.5805,0.7,0.5623,0.6212,82332846,0
CIIT.US,D,20260618,000000,0.562,0.5671,0.5004,0.5488,3297576,0
CIIT.US,D,20260622,000000,0.4667,0.5023,0.456701,0.49,43811191,0
CIIT.US,D,20260623,000000,0.82555,0.89,0.7083,0.8878,158474610,0
CIIT.US,D,20260624,000000,0.6954,0.7163,0.6285,0.6919,6739188,0
