<TICKER>,<PER>,<DATE>,<TIME>,<OPEN>,<HIGH>,<LOW>,<CLOSE>,<VOL>,<OPENINT>
CISS.US,D,20230615,000000,1890000,2055900,816900,1115100,0.24497619059867864,0
CISS.US,D,20230616,000000,966000,1152900,892500,1143898,0.1486380953124143,0
CISS.US,D,20230620,000000,1155000,1558200,1155000,1197000,0.17285714294357146,0
CISS.US,D,20230621,000000,1071000,1165500,1002750,1003800,0.03256190477818572,0
CISS.US,D,20230622,000000,737100,1092000,588000,777000,4.330952383117857,0
CISS.US,D,20230623,000000,800100,961800,516600,552300,8.070000004035002,0
CISS.US,D,20230626,000000,459900,508200,361200,388500,6.410580955586244,0
CISS.US,D,20230627,000000,312900,390600,290325,354900,6.837847622466544,0
CISS.US,D,20230628,000000,327600,344400,270900,279300,6.623700003311851,0
CISS.US,D,20230629,000000,262500,302400,242592,260400,5.368600002684301,0
CISS.US,D,20230630,000000,266700,270900,224700,233100,29.51288572904216,0
CISS.US,D,20230703,000000,208740,260400,207900,235200,4.154228573505686,0
CISS.US,D,20230705,000000,245700,256200,239400,243600,4.300085716435757,0
CISS.US,D,20230706,000000,241500,247800,231000,235200,2.0284285724427864,0
CISS.US,D,20230707,000000,237300,258300,228900,243600,4.070152382987457,0
CISS.US,D,20230710,000000,243600,256200,224700,237300,2.9282857157498574,0
CISS.US,D,20230711,000000,231000,243600,220500,235200,4.741300002370651,0
CISS.US,D,20230712,000000,260400,302400,226800,231000,21.824119058531114,0
CISS.US,D,20230713,000000,235200,239400,203700,210000,7.579800003789901,0
CISS.US,D,20230714,000000,222600,222600,204750,208530,4.075495240132987,0
CISS.US,D,20230717,000000,231000,233100,206787,210000,9.392047623743645,0
CISS.US,D,20230718,000000,207753,210000,178500,183099,6.393076193672731,0
CISS.US,D,20230719,000000,179760,182700,161700,173040,5.117152383510959,0
CISS.US,D,20230720,000000,175980,180600,168210,170100,2.5895904774852716,0
CISS.US,D,20230721,000000,173985,175644,158277,158277,3.075095239632786,0
CISS.US,D,20230724,000000,159600,159600,143073,145446,2.7407857156561075,0
CISS.US,D,20230725,000000,140700,144690,132573,138600,2.504328572680736,0
CISS.US,D,20230726,000000,142842,161700,130452,138390,8.284271432713565,0
CISS.US,D,20230727,000000,134841,140679,121905,124866,3.8792523828920076,0
CISS.US,D,20230728,000000,129990,129990,115500,127386,3.627561906575686,0
CISS.US,D,20230731,000000,147483,149982,134400,140658,5.234028574045587,0
CISS.US,D,20230801,000000,135240,143997,132384,135870,3.185728573021436,0
CISS.US,D,20230802,000000,135891,136269,128310,136080,1.6223333341445005,0
CISS.US,D,20230803,000000,133140,135450,127386,131523,1.6473380960617645,0
CISS.US,D,20230804,000000,132300,134232,126000,126420,1.3703000006851502,0
CISS.US,D,20230807,000000,123900,133088,121842,126252,1.6091952388998363,0
CISS.US,D,20230808,000000,124110,129927,118293,128940,1.8014809532816933,0
CISS.US,D,20230809,000000,131250,132279,123081,126420,1.2376428577616787,0
CISS.US,D,20230810,000000,130410,132090,123480,125790,1.146147619620693,0
CISS.US,D,20230811,000000,126252,130137,122850,130116,1.9303095247746789,0
CISS.US,D,20230814,000000,131250,131250,126252,126714,1.0085476195518928,0
CISS.US,D,20230815,000000,126210,128806,121275,123375,0.7953285718262357,0
CISS.US,D,20230816,000000,119700,121716,98721,102879,3.5235619065236863,0
CISS.US,D,20230817,000000,103950,103950,99309,101430,1.1007714291218142,0
CISS.US,D,20230818,000000,99120,100800,94626,95550,1.678847619887043,0
CISS.US,D,20230821,000000,97020,97041,93156,94185,0.8329619051783859,0
CISS.US,D,20230822,000000,96390,96579,86310,88200,0.8476238099476215,0
CISS.US,D,20230823,000000,89586,102543,84798,98616,1.9198190485789577,0
CISS.US,D,20230824,000000,98280,98910,87150,91035,1.0931619053084858,0
CISS.US,D,20230825,000000,95130,100401,92400,92400,0.999314286213943,0
CISS.US,D,20230828,000000,92568,98280,89040,95298,1.183795238687136,0
CISS.US,D,20230829,000000,96600,105189,90510,92946,1.4350238102413218,0
CISS.US,D,20230830,000000,92925,96390,90531,91371,0.4513761907018786,0
CISS.US,D,20230831,000000,90510,97650,84336,90258,1.0551047624323144,0
CISS.US,D,20230901,000000,115500,146748,92421,95760,19.27215715249322,0
CISS.US,D,20230905,000000,96810,98700,87150,90300,1.4813761912168786,0
CISS.US,D,20230906,000000,88620,93450,86163,87087,0.9217000004608501,0
CISS.US,D,20230907,000000,86436,90279,84630,85344,0.7579000003789501,0
CISS.US,D,20230908,000000,85890,89250,80850,81123,1.7371428580114288,0
CISS.US,D,20230911,000000,84000,84000,78834,78876,0.7051714289240145,0
CISS.US,D,20230912,000000,83412,83412,77700,77910,0.8478714289953644,0
CISS.US,D,20230913,000000,77700,80010,76062,79590,0.5643619050440858,0
CISS.US,D,20230914,000000,79800,82251.4,79338,81270,0.47027619071132865,0
CISS.US,D,20230915,000000,81060,84000,79800,83580,0.4662904764236215,0
CISS.US,D,20230918,000000,88074,88074,79800,81081,0.5001047621548144,0
CISS.US,D,20230919,000000,84420,84420,77700,79291.8,0.4493476192722929,0
CISS.US,D,20230920,000000,79548,87150,76293,81921,1.1651571434397214,0
CISS.US,D,20230921,000000,86100,90300,81585,89040,1.3660428578258788,0
CISS.US,D,20230922,000000,83580,90720,83580,87360,0.34800000017400007,0
CISS.US,D,20230925,000000,90573,100380,85050,100380,2.048109524833579,0
CISS.US,D,20230926,000000,98280,102879,92820,93450,1.512728572184936,0
CISS.US,D,20230927,000000,90300,100170,90300,94038,0.8559285718565358,0
CISS.US,D,20230928,000000,94500,96579,93450,93492,0.29310952395607853,0
CISS.US,D,20230929,000000,94458,99162,91581,96390,1.1873809529746433,0
CISS.US,D,20231002,000000,95970,101829,92400,94521,1.2692047625393645,0
CISS.US,D,20231003,000000,96600,97491.8,90300,91329,1.08090000054045,0
CISS.US,D,20231004,000000,91413,96579,89250,91350,0.6263047622179144,0
CISS.US,D,20231005,000000,86520,91203,86520,87675,0.3238095239714286,0
CISS.US,D,20231006,000000,90300,90300,77721,81669,0.7526619051382359,0
CISS.US,D,20231009,000000,84168,84168,77931,82446,0.6381571431762214,0
CISS.US,D,20231010,000000,82425,89250,81543,84042,0.35101428588979294,0
CISS.US,D,20231011,000000,80010,97167,80010,97167,2.192009524905529,0
CISS.US,D,20231012,000000,92400,96558,86342.2,89376,1.2332523815690073,0
CISS.US,D,20231013,000000,108381,134064,87276,91014,27.31792858508754,0
CISS.US,D,20231016,000000,91014,94500,78750,82950,3.87317619241278,0
CISS.US,D,20231017,000000,84000,89271,81921,86310,1.572847619834043,0
CISS.US,D,20231018,000000,86100,88179,82131,86205,1.0937857148326076,0
CISS.US,D,20231019,000000,85050,89016.2,80031,88200,0.5618619050428358,0
CISS.US,D,20231020,000000,79800,86058,79800,85848,0.7269380956015644,0
CISS.US,D,20231023,000000,83349,87045,79695,83916,0.29441904776625716,0
CISS.US,D,20231024,000000,81690,86457,80031,81501,0.21786190487083576,0
CISS.US,D,20231025,000000,81900,83454,80031,81606,0.3493095239841786,0
CISS.US,D,20231026,000000,83748,83769,79779,82068,0.4705952383305358,0
CISS.US,D,20231027,000000,79800,82068,78792,79653,2.9827714300628148,0
CISS.US,D,20231030,000000,84000,88515,81060,88515,1.2174904767992216,0
CISS.US,D,20231031,000000,85869,88200,84000,85596,0.4454047621274644,0
CISS.US,D,20231101,000000,85554,86793,80892,85890,1.0194619052716358,0
CISS.US,D,20231102,000000,88410,88410,82950,85995,1.0784142862534931,0
CISS.US,D,20231103,000000,97650,105000,83853,88179,18.34817619965028,0
CISS.US,D,20231106,000000,84105,123207,82110,89250,5.129423812088523,0
CISS.US,D,20231107,000000,93870,98700,87255,96600,1.4579619054908861,0
CISS.US,D,20231108,000000,93450,96579,92211,93387,0.3339142858812429,0
CISS.US,D,20231109,000000,94500,94500,84252,90300,1.3237333339952002,0
CISS.US,D,20231110,000000,86310,90279,85449,88410,0.4079857144897073,0
CISS.US,D,20231113,000000,92379,93093,87150,88578,0.2896095239543287,0
CISS.US,D,20231114,000000,95445,95445,86520,92085,0.34673809541146433,0
CISS.US,D,20231115,000000,89880,92358,88830,90552,0.40864761925194293,0
CISS.US,D,20231116,000000,90300,104790,84483,87570,11.5792000057896,0
CISS.US,D,20231117,000000,108297,113400,86646,99540,45.25830002262915,0
CISS.US,D,20231120,000000,93555,111300,89187,108570,5.174419050206258,0
CISS.US,D,20231121,000000,102291,121821,100800,121800,5.381285716976358,0
CISS.US,D,20231122,000000,118650,121548,110292,112476,1.8878190485629573,0
CISS.US,D,20231124,000000,107604,112455,105000,106323,0.5025714288227144,0
CISS.US,D,20231127,000000,107100,107100,86100,92820,2.8504047633299647,0
CISS.US,D,20231128,000000,90300,95550,89250,92715,1.0320238100398216,0
CISS.US,D,20231129,000000,95319,114450,90300,110082,9.34207619514723,0
CISS.US,D,20231130,000000,111090,115500,107310,113379,1.7586714294507646,0
CISS.US,D,20231201,000000,113400,114072,107100,110901,1.2386047625240646,0
CISS.US,D,20231204,000000,109200,109200,104370,107310,0.700528571778836,0
CISS.US,D,20231205,000000,107142,113925,105210,111909,0.8334666670834002,0
CISS.US,D,20231206,000000,112833,112833,100800,101850,0.6597095241393787,0
CISS.US,D,20231207,000000,107100,107100,96600,100821,0.737580952749743,0
CISS.US,D,20231208,000000,102291,104790,96075,98427,0.6638857146176572,0
CISS.US,D,20231211,000000,96012,102543,88431,98154,0.6909000003454502,0
CISS.US,D,20231212,000000,100800,103341,96537,102081,0.3463285716017358,0
CISS.US,D,20231213,000000,99036,102879,96726,98700,0.41615714306522156,0
CISS.US,D,20231214,000000,98700,105000,97230,104580,0.6285190479333073,0
CISS.US,D,20231215,000000,102900,104790,99435,99435,0.5047285716809358,0
CISS.US,D,20231218,000000,99435,110229,99435,107772,1.3677666673505502,0
CISS.US,D,20231219,000000,107772,112350,107772,109977,0.7656761908590287,0
CISS.US,D,20231220,000000,111300,115500,105000,106675,0.7132285717851857,0
CISS.US,D,20231221,000000,105423,106659,98280,103719,0.6030857145872572,0
CISS.US,D,20231222,000000,98910,110775,98910,105735,0.9686190481033574,0
CISS.US,D,20231226,000000,111300,113085,107100,112413,0.9256333337961502,0
CISS.US,D,20231227,000000,111300,119910,109200,119679,0.7390952384647859,0
CISS.US,D,20231228,000000,120267,124425,116886,121800,0.9703380957232645,0
CISS.US,D,20231229,000000,123165,123879,107730,111237,1.0591000005295503,0
CISS.US,D,20240102,000000,116823,117180,111153,113778,0.4015095240102787,0
CISS.US,D,20240103,000000,113400,113820,108780,113421,0.49892857167803584,0
CISS.US,D,20240104,000000,111258,133560,107247,133539,4.440028573648585,0
CISS.US,D,20240105,000000,135450,143829,130305,138852,2.198690477289822,0
CISS.US,D,20240108,000000,138600,142716,119700,122010,2.3322095249756294,0
CISS.US,D,20240109,000000,117558,117558,84231,91098,5.065480954913694,0
CISS.US,D,20240110,000000,96180,101850,86856,96579,1.4644619054941361,0
CISS.US,D,20240111,000000,100800,100800,92820,97209,0.4519285716545358,0
CISS.US,D,20240112,000000,98700,98700,93387,95004,0.7166285717868858,0
CISS.US,D,20240116,000000,92400,109200,92400,102900,2.5140000012570005,0
CISS.US,D,20240117,000000,103950,109200,88578,88599,3.153161906338487,0
CISS.US,D,20240118,000000,88200,94836,77700,78981,3.210890477795922,0
CISS.US,D,20240119,000000,26250,31269,23940,28392,184.86241437814556,0
CISS.US,D,20240122,000000,26124,26250,22995,24591,76.41050003820527,0
CISS.US,D,20240123,000000,25200,27825,23331,26901,69.26229051082163,0
CISS.US,D,20240124,000000,28623,29400,25830,27846,122.09666196581026,0
CISS.US,D,20240125,000000,36540,41370,30555,33621,482.95482405100125,0
CISS.US,D,20240126,000000,27510,30975,27300,27720,80.72665242131572,0
CISS.US,D,20240129,000000,26544,28623,26040,28371,168.0687000840344,0
CISS.US,D,20240130,000000,37380,38094,28518,33621,422.27915259209203,0
CISS.US,D,20240131,000000,30324,31500,29148,30219,57.93146193372765,0
CISS.US,D,20240201,000000,30030,30135,27573,28707,42.33150478307052,0
CISS.US,D,20240202,000000,33600,36141,30662.1,33768,304.7171096761681,0
CISS.US,D,20240205,000000,31710,33243,29442,31143,82.36689527927871,0
CISS.US,D,20240206,000000,28350,28875,27300,28224,47.176347642635804,0
CISS.US,D,20240207,000000,27594,28959,26250,26502,32.327371444735114,0
CISS.US,D,20240208,000000,25662,27720,25431,26523,37.96610954279259,0
CISS.US,D,20240209,000000,25956,27426,25725,26040.1,17.96362858041039,0
CISS.US,D,20240212,000000,27300,27300,24675,25578,24.59461905991636,0
CISS.US,D,20240213,000000,25053,25200,24066,24171,19.339414295383992,0
CISS.US,D,20240214,000000,24990,25410,23625,25095,14.838495245514487,0
CISS.US,D,20240215,000000,24045,26775,23877,26082,20.010161914766993,0
CISS.US,D,20240216,000000,26082,26082,24150,25095,13.129047625612147,0
CISS.US,D,20240220,000000,26040,26040,24780,25200,13.749438102112816,0
CISS.US,D,20240221,000000,24780,28245,24780,25956,25.644747631869997,0
CISS.US,D,20240222,000000,26733,26733,24444,24654,12.771690482576323,0
CISS.US,D,20240223,000000,24696,24906,23184,23625,13.640442863963083,0
CISS.US,D,20240226,000000,21000,22239,20580,21672,18.830204771319867,0
CISS.US,D,20240227,000000,21630,23016,21483,21798,9.497585719034507,0
CISS.US,D,20240228,000000,21420,22449,21210,21714,10.195671433669263,0
CISS.US,D,20240229,000000,23079,23100,21630,21735,9.62207619528723,0
CISS.US,D,20240301,000000,22848,22848,20055,20202,22.302680963532296,0
CISS.US,D,20240304,000000,20538,20538,18690,19551,18.780628580818888,0
CISS.US,D,20240305,000000,19152,20370,17577,19635,11.754500005877253,0
CISS.US,D,20240306,000000,20160,20160,18690,19320,6.866761908195287,0
CISS.US,D,20240307,000000,18900,20118,18627,19320,7.391147622743194,0
CISS.US,D,20240308,000000,19320,19530,18753,19278,7.235385717903408,0
CISS.US,D,20240311,000000,19278,19950,18921,19635,4.769247621432243,0
CISS.US,D,20240312,000000,19089,20349,18774,18900,7.43630000371815,0
CISS.US,D,20240313,000000,19320,19950,17850,18900,11.390328577123737,0
CISS.US,D,20240314,000000,19110,19131,16002,16590,13.180952387542858,0
CISS.US,D,20240315,000000,5229,6405,5145,5943,969.9043909611429,0
CISS.US,D,20240318,000000,6300,6846,5670,6195,397.731395436961,0
CISS.US,D,20240319,000000,6762,7770,5796,6321,413.8853859212285,0
CISS.US,D,20240320,000000,6300,7035,6111,6279,186.84350485532653,0
CISS.US,D,20240321,000000,6426,6678,6006,6321,124.13152387158961,0
CISS.US,D,20240322,000000,6258,6930,5691,6531,161.4581953188244,0
CISS.US,D,20240325,000000,6720,7707,6720,7392,243.57912393131343,0
CISS.US,D,20240326,000000,9765,13440,8820,10101,2855.646106189728,0
CISS.US,D,20240327,000000,9030,9429,7581,8022,486.7147145290717,0
CISS.US,D,20240328,000000,7749,8022,6930,7308,326.73113825860366,0
CISS.US,D,20240401,000000,7161,8379,6594,7581,270.6101953734004,0
CISS.US,D,20240402,000000,8568,9828,8253,8589,666.98262890492,0
CISS.US,D,20240403,000000,10479,11445,9450,10668,736.9079432255969,0
CISS.US,D,20240404,000000,11340,11340,8778,9198,340.2135001701068,0
CISS.US,D,20240405,000000,9009,10437,7875,9912,242.89949535954503,0
CISS.US,D,20240408,000000,10290,10290,9030,9513,140.44086673688713,0
CISS.US,D,20240409,000000,9093,9261,8400,8820,122.81907625188573,0
CISS.US,D,20240410,000000,6594,7728,6405,6909,488.5813383395289,0
CISS.US,D,20240411,000000,7014,7014,5859,6048,241.59802869222762,0
CISS.US,D,20240412,000000,4305,4725,3528,3916.5,2714.7480965954696,0
CISS.US,D,20240415,000000,3738,3738,2835,3024,1485.4823816951225,0
CISS.US,D,20240416,000000,2772,3696,2541,3339,5938.152383921458,0
CISS.US,D,20240417,000000,3465,4725,2688,3024,7636.752384770758,0
CISS.US,D,20240418,000000,2898,3297,2795.31,3045,1002.6123814536874,0
CISS.US,D,20240419,000000,2835,2845.5,2373,2467.5,1229.2295244241388,0
CISS.US,D,20240422,000000,2457,2814,2331,2730,972.5690481053322,0
CISS.US,D,20240423,000000,2646,2961,2583,2635.5,549.7319050367709,0
CISS.US,D,20240424,000000,2730,3129,2646,3003,858.6271432864565,0
CISS.US,D,20240425,000000,2877,3024,2688,2856,322.5352382565058,0
CISS.US,D,20240426,000000,2919,3066,2730,2835,342.46238112361226,0
CISS.US,D,20240429,000000,2835,2918.58,2583,2814,363.27619065782864,0
CISS.US,D,20240430,000000,2835,3024,2688,2814,456.15523832331576,0
CISS.US,D,20240501,000000,2772,2835,2688,2730,312.83142872784435,0
CISS.US,D,20240502,000000,2709,2875.74,2667,2751,368.9476192320929,0
CISS.US,D,20240503,000000,2793,2855.79,2688,2793,276.5395239477936,0
CISS.US,D,20240506,000000,2856,3066,2814,2877,306.93047634394145,0
CISS.US,D,20240507,000000,2856,3045,2814,2877,305.76523824812074,0
CISS.US,D,20240508,000000,2898,2898,2772,2835,180.2080953281993,0
CISS.US,D,20240509,000000,2835,2898,2793,2835,164.3661905583736,0
CISS.US,D,20240510,000000,2814,2835,2646,2646,191.28666676231003,0
CISS.US,D,20240513,000000,2688,3003,2649.99,2961,677.5576193863978,0
CISS.US,D,20240514,000000,3045,3234,2793,2919,1136.3804767586666,0
CISS.US,D,20240515,000000,2919,3066,2794.05,3003,443.9109526029079,0
CISS.US,D,20240516,000000,3066,3171,2961,3129,996.5290481173123,0
CISS.US,D,20240517,000000,3465,3717,3213,3507,2162.423334414545,0
CISS.US,D,20240520,000000,3444,3885,3108,3171,1537.721905530766,0
CISS.US,D,20240521,000000,3276,3465,3108,3360,794.1623813494623,0
CISS.US,D,20240522,000000,3339,3444,3108,3150,485.9123811953372,0
CISS.US,D,20240523,000000,3234,3402,3129,3318,503.9614288234094,0
CISS.US,D,20240524,000000,3360,3612,3297,3381,761.9866670476601,0
CISS.US,D,20240528,000000,3675,3864,3234,3339,1348.7600006743803,0
CISS.US,D,20240529,000000,3171,3580.5,3108,3528,623.8423812643024,0
CISS.US,D,20240530,000000,3528,3549,3318,3444,379.0723811419173,0
CISS.US,D,20240531,000000,3801,4116,3591,3780,8349.329051793715,0
CISS.US,D,20240603,000000,3864,3927,3486,3801,1190.118572023631,0
CISS.US,D,20240604,000000,3675,3822,3507,3738,635.9461907941636,0
CISS.US,D,20240605,000000,3675,3696,3528,3570,472.8233335697451,0
CISS.US,D,20240606,000000,3507,3549,3276,3381,649.2171431817516,0
CISS.US,D,20240607,000000,3276,3465,3234,3465,324.7790477814372,0
CISS.US,D,20240610,000000,3465,3465,3276,3339,220.15047630055147,0
CISS.US,D,20240611,000000,3318,3402,3192,3297,413.6028573496586,0
CISS.US,D,20240612,000000,3318,3402,3234,3297,358.79333351273004,0
CISS.US,D,20240613,000000,3255,3276,3045,3150,354.59619065348863,0
CISS.US,D,20240614,000000,3087,3118.5,2835,2856,789.4728575375938,0
CISS.US,D,20240617,000000,2877,3066,2856,2940,265.7766667995551,0
CISS.US,D,20240618,000000,2898,2961,2730,2751,396.0204763884865,0
CISS.US,D,20240620,000000,2730,2771.79,2583,2625,708.3195241636837,0
CISS.US,D,20240621,000000,2646,2772,2583.21,2709,325.9757144487022,0
CISS.US,D,20240624,000000,2730,3171,2730,2940,429.5266668814301,0
CISS.US,D,20240625,000000,3003,3087,2898,3087,281.35047633115147,0
CISS.US,D,20240626,000000,3045,3045,2919,2982,100.71857147893073,0
CISS.US,D,20240627,000000,3003,3003,2877,2982,112.3080952942493,0
CISS.US,D,20240628,000000,3003,3003,2835,2919,202.79666676806502,0
CISS.US,D,20240701,000000,2940,2982,2814,2877,108.32714291130645,0
CISS.US,D,20240702,000000,2835,2898,2751,2877,102.49904767029716,0
CISS.US,D,20240703,000000,2856,2929.5,2835,2835,65.94952384249859,0
CISS.US,D,20240705,000000,2877,2898,2772,2856,100.35857147875075,0
CISS.US,D,20240708,000000,2856,2877,2709,2751,206.51571438897219,0
CISS.US,D,20240709,000000,2730,2755.2,2625,2709,273.3652382319207,0
CISS.US,D,20240710,000000,2667,2961,2667,2919,253.0285715550857,0
CISS.US,D,20240711,000000,2961,3087,2877,3024,241.07761916815792,0
CISS.US,D,20240712,000000,2898,3003,2877,2898,131.75142863730431,0
CISS.US,D,20240715,000000,2898,2939.58,2835,2898,71.10619051174358,0
CISS.US,D,20240716,000000,2856,3024,2856,3003,125.39952387222357,0
CISS.US,D,20240717,000000,3003,3141.6,2940,3087,141.10428578483788,0
CISS.US,D,20240718,000000,3087,3254.79,3024,3066,140.89142864187428,0
CISS.US,D,20240719,000000,3087,3087,2856,2940,117.77761910650788,0
CISS.US,D,20240722,000000,2898,2919,2793,2835,100.0514286214543,0
CISS.US,D,20240723,000000,2835,2856,2751,2835,77.88380956275144,0
CISS.US,D,20240724,000000,2772,2814,2688,2730,148.90952388397858,0
CISS.US,D,20240725,000000,2751,2898,2734.2,2814,97.05571433424215,0
CISS.US,D,20240726,000000,2793,2919,2772,2835,94.57047623776145,0
CISS.US,D,20240729,000000,2856,2898,2845.5,2877,59.36952383920858,0
CISS.US,D,20240730,000000,2898,2919,2814,2835,76.21809527620431,0
CISS.US,D,20240731,000000,2877,2877,2730,2772,90.3414286165993,0
CISS.US,D,20240801,000000,2787.75,2793,2667,2730,121.52047625123646,0
CISS.US,D,20240802,000000,2730,2730,2572.5,2646,141.58428578507787,0
CISS.US,D,20240805,000000,2583,2667,2373,2646,194.14761914469287,0
CISS.US,D,20240806,000000,2667,2709,2541,2562,96.87952385796358,0
CISS.US,D,20240807,000000,2604,2604,2520,2541,83.42380956552144,0
CISS.US,D,20240808,000000,2583,2604,2562,2604,35.88095239889286,0
CISS.US,D,20240809,000000,2604,2646,2520,2604,53.019523836033585,0
CISS.US,D,20240812,000000,2583,2667,2583,2646,52.82857145498572,0
CISS.US,D,20240813,000000,2667,2688,2604,2688,84.62619051850358,0
CISS.US,D,20240814,000000,2709,2751,2583,2604,66.53047622374145,0
CISS.US,D,20240815,000000,2625,2646,2583,2604,54.556190503468585,0
CISS.US,D,20240816,000000,2604,2793,2604,2793,85.7814286143193,0
CISS.US,D,20240819,000000,2793,2919,2772,2856,115.47428577202288,0
CISS.US,D,20240820,000000,2879.52,3087,2877,3087,173.1176191341779,0
CISS.US,D,20240821,000000,3087,3129,2961,3087,192.39761914381788,0
CISS.US,D,20240822,000000,3150,3192,2814,2877,328.74190492627577,0
CISS.US,D,20240823,000000,2856,2898,2730,2866.5,148.96476197924432,0
CISS.US,D,20240826,000000,2898,2898,2667.21,2730,156.0047619827643,0
CISS.US,D,20240827,000000,2667,2751,2478,2604,203.8542858162129,0
CISS.US,D,20240828,000000,2646,2666.16,2520,2520,71.41047622618144,0
CISS.US,D,20240829,000000,2541,2730,2520,2688,85.24095242357286,0
CISS.US,D,20240830,000000,2688,2730,2604,2604,94.87952385696357,0
CISS.US,D,20240903,000000,2604,2644.53,2289,2436,339.3019049315557,0
CISS.US,D,20240904,000000,2436,2436,2310,2373,85.6380952809143,0
CISS.US,D,20240905,000000,2373,2410.59,2310,2352,48.377142881331444,0
CISS.US,D,20240906,000000,2352,2352,2289,2289,123.44714291886643,0
CISS.US,D,20240909,000000,2289,2457,2289,2436,118.2295238686386,0
CISS.US,D,20240910,000000,2436,2478,2352,2436,51.52904764481215,0
CISS.US,D,20240911,000000,2436,2583,2436,2583,76.83523813365572,0
CISS.US,D,20240912,000000,2604,2604,2478,2499,38.62761906693286,0
CISS.US,D,20240913,000000,2562,2562,2415,2436,41.70047621132644,0
CISS.US,D,20240916,000000,2415,2478,2415,2436,34.412380969587154,0
CISS.US,D,20240917,000000,2457,2457,2373,2394,72.21809527420429,0
CISS.US,D,20240918,000000,2415,2415,2352,2352,44.780000022390006,0
CISS.US,D,20240919,000000,2373,2394,2352,2373,23.946666678640003,0
CISS.US,D,20240920,000000,2394,2436,2352,2415,23.64047620229643,0
CISS.US,D,20240923,000000,2457,2457,2394,2436,29.09380953835643,0
CISS.US,D,20240924,000000,2415,2478,2373,2394,51.71571431157216,0
CISS.US,D,20240925,000000,2373,2457,2289,2352,79.31904765870715,0
CISS.US,D,20240926,000000,2373,2373,2289,2310,92.23761909373788,0
CISS.US,D,20240927,000000,2331,2352,2268,2352,133.33714292381146,0
CISS.US,D,20240930,000000,2310,2415,2310,2394,47.1914285950243,0
CISS.US,D,20241001,000000,2371.53,2415,2331,2331,65.44952384224858,0
CISS.US,D,20241002,000000,2351.79,2478,2289,2478,85.24714289976644,0
CISS.US,D,20241003,000000,2415,2457,2394,2436,27.46857144230572,0
CISS.US,D,20241004,000000,2457,2457,2352,2415,49.065238119770726,0
CISS.US,D,20241007,000000,2394,2394,2310,2331,66.0347619377793,0
CISS.US,D,20241008,000000,2352,2373,2289,2310,52.02380954982143,0
CISS.US,D,20241009,000000,2352,2352,2310,2331,37.78523811413072,0
CISS.US,D,20241010,000000,2373,2394,2289,2310,53.63714288396143,0
CISS.US,D,20241011,000000,2331,2331,2268,2331,54.474761931999296,0
CISS.US,D,20241014,000000,2310,2457,2289,2436,120.2580952982243,0
CISS.US,D,20241015,000000,2415,2520,2415,2457,127.01000006350503,0
CISS.US,D,20241016,000000,2478,2583,2436,2562,90.2328571879736,0
CISS.US,D,20241017,000000,2562,2625,2478,2562,83.69571432756216,0
CISS.US,D,20241018,000000,2520,2604,2520,2520,50.279047644187145,0
CISS.US,D,20241021,000000,2541,2562,2394,2436,49.63238097719716,0
CISS.US,D,20241022,000000,2436,2499,2394,2499,37.86142859035929,0
CISS.US,D,20241023,000000,2457,2478,2394,2436,37.54904763782214,0
CISS.US,D,20241024,000000,2457,2604,2394,2604,69.64095241577286,0
CISS.US,D,20241025,000000,2604,2604,2457,2499,52.70666669302001,0
CISS.US,D,20241028,000000,2541,2583,2457,2520,61.41047622118143,0
CISS.US,D,20241029,000000,2499,2562,2437.26,2446.5,49.79714288204144,0
CISS.US,D,20241030,000000,2438.1,2457,2415,2457,36.65095239927786,0
CISS.US,D,20241031,000000,2436,2520,2436,2478,59.37428574397286,0
CISS.US,D,20241101,000000,2457,2499,2436,2499,21.93428572525286,0
CISS.US,D,20241104,000000,2541,2541,2373,2446.5,37.82428573319786,0
CISS.US,D,20241105,000000,2436,2478,2388.96,2436,33.16666668325,0
CISS.US,D,20241106,000000,2436,2457,2331,2394,79.75047623035144,0
CISS.US,D,20241107,000000,2415,2456.79,2394,2415,54.350000027175,0
CISS.US,D,20241108,000000,2436,2583,2373,2457,93.81333338024002,0
CISS.US,D,20241111,000000,2520,2520,2394,2499,75.01285718036358,0
CISS.US,D,20241112,000000,2436,2436,2373,2415,63.48666669841001,0
CISS.US,D,20241113,000000,2436,2457,2331,2394,72.83904765546716,0
CISS.US,D,20241114,000000,2394,2442.09,2268,2289,190.36428580946787,0
CISS.US,D,20241115,000000,2289,2372.79,2247,2331,62.7714286028143,0
CISS.US,D,20241118,000000,2415,2415,2100,2184,278.0090477580522,0
CISS.US,D,20241119,000000,2163,2205,2016,2058,201.05238105290715,0
CISS.US,D,20241120,000000,2016,2036.58,1722,1722.21,529.3957145504122,0
CISS.US,D,20241121,000000,1701,1826.79,1701,1758.12,145.93428578725286,0
CISS.US,D,20241122,000000,1782.9,1827,1758.12,1777.02,98.01380957281644,0
CISS.US,D,20241125,000000,1806,1873.2,1737.64,1764,124.93523815770574,0
CISS.US,D,20241126,000000,1764,1795.5,1701.63,1721.79,107.37904767273716,0
CISS.US,D,20241127,000000,1743,1749.51,1576.26,1596,243.6357144075322,0
CISS.US,D,20241129,000000,1659,1678.74,1617.21,1648.5,41.95095240192786,0
CISS.US,D,20241202,000000,1666.98,1690.5,1617,1622.88,79.43714289686143,0
CISS.US,D,20241203,000000,1659,1680,1596,1659,54.25285716998357,0
CISS.US,D,20241204,000000,1677.27,1680,1581.3,1617,45.68238097522216,0
CISS.US,D,20241205,000000,1650.6,1650.6,1470,1498.98,121.26523815587072,0
CISS.US,D,20241206,000000,1586.55,1586.55,1428,1488.06,117.2409524395729,0
CISS.US,D,20241209,000000,1517.04,1555.05,1480.5,1554,81.03619051670859,0
CISS.US,D,20241210,000000,1554,1630.71,1491,1576.47,128.1295238735886,0
CISS.US,D,20241211,000000,1638,1638,1528.84,1536.36,56.40857145677572,0
CISS.US,D,20241212,000000,1533,1568.7,1512,1538.46,102.2880952892393,0
CISS.US,D,20241213,000000,1554,1554,1512,1512.21,24.345714297887145,0
CISS.US,D,20241216,000000,1506.54,1542.24,1457.61,1466.01,91.22238099799216,0
CISS.US,D,20241217,000000,1476.72,1512,1407,1411.2,54.04523812226071,0
CISS.US,D,20241218,000000,1465.8,1465.8,1281,1299.9,171.86904770498217,0
CISS.US,D,20241219,000000,1299.9,1375.29,1299.9,1300.11,125.02380958632145,0
CISS.US,D,20241220,000000,1302,1354.71,1291.71,1327.2,42.603333354635005,0
CISS.US,D,20241223,000000,1332.87,1345.68,1218,1222.41,128.70571435006715,0
CISS.US,D,20241224,000000,1239,1260,1207.92,1260,42.64142859274929,0
CISS.US,D,20241226,000000,1247.61,1533,1239.21,1493.73,215.43476201247933,0
CISS.US,D,20241227,000000,1528.38,1612.8,1498.35,1533,78.52095242021288,0
CISS.US,D,20241230,000000,1495.2,1496.25,1155,1194.48,681.5595241503037,0
CISS.US,D,20241231,000000,1260,1290.24,1176,1198.68,440.7600002203801,0
CISS.US,D,20250102,000000,1209.6,1344,1176,1344,389.8178573377661,0
CISS.US,D,20250103,000000,1293.6,1327.2,1218,1226.4,279.86071442564463,0
CISS.US,D,20250106,000000,1226.4,1318.8,1226.4,1268.4,256.7964286998268,0
CISS.US,D,20250107,000000,1268.4,1276.8,1192.8,1218,129.7380953029643,0
CISS.US,D,20250108,000000,1218,1218,1100.4,1117.2,184.1857143778072,0
CISS.US,D,20250110,000000,1117.2,1159.2,1041.6,1041.6,272.36904775523215,0
CISS.US,D,20250113,000000,1041.6,1083.52,982.8,1058.4,77.15357146714821,0
CISS.US,D,20250114,000000,1066.8,1100.23,1058.4,1083.6,96.12619052425357,0
CISS.US,D,20250115,000000,1075.2,1142.4,1041.6,1108.8,169.38690484659824,0
CISS.US,D,20250116,000000,1108.8,1108.8,1050,1058.4,114.63095243826787,0
CISS.US,D,20250117,000000,1075.2,1091.24,1016.4,1033.2,110.68809529343929,0
CISS.US,D,20250121,000000,1050,1150.8,1041.6,1134,906.746429024802,0
CISS.US,D,20250122,000000,1134,1134,1050,1050.84,283.1130953796518,0
CISS.US,D,20250123,000000,1050,1081.25,1008,1033.2,142.61904769035718,0
CISS.US,D,20250124,000000,1050,1066.8,1016.4,1050,94.16428576136786,0
CISS.US,D,20250127,000000,1024.8,1066.55,1010.6,1050,59.567857172641084,0
CISS.US,D,20250128,000000,1065.96,1066.8,1008,1008,253.79761917451785,0
CISS.US,D,20250129,000000,1016.4,1083.52,1016.4,1066.8,179.3964286611268,0
CISS.US,D,20250130,000000,1033.2,1075.2,966,1008,150.7797619801518,0
CISS.US,D,20250131,000000,1016.4,1024.8,974.4,999.516,65.7130952709518,0
CISS.US,D,20250203,000000,966,999.6,932.4,991.2,74.89404765649465,0
CISS.US,D,20250204,000000,966,1033.2,951.3,999.6,103.40119052789107,0
CISS.US,D,20250205,000000,1008,1050,1008,1008,56.976190504678584,0
CISS.US,D,20250206,000000,1024.8,1066.8,1024.8,1058.48,57.55476193353929,0
CISS.US,D,20250207,000000,1033.2,1058.4,1008.08,1024.8,44.52976192702679,0
CISS.US,D,20250210,000000,1016.4,1041.6,962.64,991.2,101.39047624117144,0
CISS.US,D,20250211,000000,991.2,995.4,966,982.8,26.991666680162503,0
CISS.US,D,20250212,000000,974.4,982.632,915.6,949.2,44.61547621278393,0
CISS.US,D,20250213,000000,957.6,974.4,915.6,974.4,54.569047646332145,0
CISS.US,D,20250214,000000,974.4,1016.4,941.052,1008,47.87976192870179,0
CISS.US,D,20250218,000000,991.2,1003.8,940.8,940.8,85.89166670961252,0
CISS.US,D,20250219,000000,940.8,952.896,932.4,932.4,59.66190479173573,0
CISS.US,D,20250220,000000,932.4,940.632,840,847.56,201.43452391024107,0
CISS.US,D,20250221,000000,856.8,915.6,756,856.8,174.26785722999108,0
CISS.US,D,20250224,000000,840,848.4,730.933,765.324,313.69404777589466,0
CISS.US,D,20250225,000000,747.6,747.684,705.768,731.22,68.95119051066608,0
CISS.US,D,20250226,000000,715.26,743.82,715.26,726.684,40.469047639282145,0
CISS.US,D,20250227,000000,739.2,739.2,697.452,714,74.30119051334107,0
CISS.US,D,20250228,000000,714,722.4,672,672,74.77380956119644,0
CISS.US,D,20250303,000000,680.4,680.4,613.2,613.2,58.02380955282144,0
CISS.US,D,20250304,000000,609,622.44,565.32,596.4,155.70714293499645,0
CISS.US,D,20250305,000000,603.96,655.2,572.292,630,82.15119051726609,0
CISS.US,D,20250306,000000,679.56,679.56,607.32,630,69.27142860606429,0
CISS.US,D,20250307,000000,630.588,672,617.483,663.516,47.93690478587322,0
CISS.US,D,20250310,000000,630,641.969,596.484,613.284,44.61071430801965,0
CISS.US,D,20250311,000000,612.444,655.704,567.504,604.8,39.42261906733036,0
CISS.US,D,20250312,000000,630,630,589.133,608.706,25.396428584126788,0
CISS.US,D,20250313,000000,604.8,630,579.6,608.916,29.74523811011072,0
CISS.US,D,20250314,000000,604.8,617.401,573.216,596.484,21.714285725142858,0
CISS.US,D,20250317,000000,596.4,629.916,579.684,600.6,23.852380964307148,0
CISS.US,D,20250318,000000,604.8,625.38,579.684,596.4,47.22738097599465,0
CISS.US,D,20250319,000000,576.996,596.316,571.284,583.716,44.12261906968037,0
CISS.US,D,20250320,000000,588,602.196,587.832,595.56,21.014285724792856,0
CISS.US,D,20250321,000000,595.392,596.4,577.962,589.68,29.953571443548217,0
CISS.US,D,20250324,000000,588,618.156,577.92,604.8,58.13214288620893,0
CISS.US,D,20250325,000000,596.4,613.2,588,604.8,84.616666708975,0
CISS.US,D,20250326,000000,604.8,604.8,571.284,603.12,43.267857164491076,0
CISS.US,D,20250327,000000,596.4,596.4,571.2,588,37.825000018912505,0
CISS.US,D,20250328,000000,587.16,595.98,567.001,587.16,66.80952384292857,0
CISS.US,D,20250331,000000,588,588,531.132,546,86.96666671015,0
CISS.US,D,20250401,000000,537.432,537.432,512.4,531.215,37.26547620910894,0
CISS.US,D,20250402,000000,478.8,478.8,399,420.084,664.3047622369143,0
CISS.US,D,20250403,000000,407.484,485.1,403.2,485.1,478.98928595378044,0
CISS.US,D,20250404,000000,443.8,630,439.6,540.4,3471.0642867556053,0
CISS.US,D,20250407,000000,511,548.044,471.8,532,541.8642858768451,0
CISS.US,D,20250408,000000,520.8,585.9,494.2,537.6,484.50000014535004,0
CISS.US,D,20250409,000000,539,599.9,490,595,605.81428589603,0
CISS.US,D,20250410,000000,546,549.5,490,491.4,304.79285723429507,0
CISS.US,D,20250411,000000,471.8,474.6,417.2,460.6,361.49285725130505,0
CISS.US,D,20250414,000000,462,483,462,476,149.650000044895,0
CISS.US,D,20250415,000000,457.8,501.116,448,478.8,218.61428577987004,0
CISS.US,D,20250416,000000,478.8,490,450.1,471.8,42.200000012660006,0
CISS.US,D,20250417,000000,462,474.6,457.338,469,49.02857144328001,0
CISS.US,D,20250421,000000,467.6,467.6,447.678,455.028,52.464285730025004,0
CISS.US,D,20250422,000000,462,497.602,455,480.704,88.74285716948002,0
CISS.US,D,20250423,000000,481.6,530.6,480.2,504,490.68571443292007,0
CISS.US,D,20250424,000000,499.8,541.8,498.4,532,363.36428582329506,0
CISS.US,D,20250425,000000,530.6,554.4,513.8,546,456.1214287082651,0
CISS.US,D,20250428,000000,546,561.4,499.8,543.2,308.35000009250507,0
CISS.US,D,20250429,000000,565.6,565.6,506.8,511,164.08571433494004,0
CISS.US,D,20250430,000000,526.4,555.8,512.4,555.8,105.32857146017002,0
CISS.US,D,20250501,000000,546,582.4,523.866,534.8,491.72142871894505,0
CISS.US,D,20250502,000000,536.2,551.11,519.4,541.8,175.55714290981004,0
CISS.US,D,20250505,000000,559.986,574,532,568.4,204.39285720417502,0
CISS.US,D,20250506,000000,568.4,568.4,546,550.2,213.83571434986504,0
CISS.US,D,20250507,000000,551.6,558.6,525,557.2,90.83571431296501,0
CISS.US,D,20250508,000000,557.2,557.2,533.484,539,37.33571429691501,0
CISS.US,D,20250509,000000,550.2,572.6,503.3,539.28,467.4928572831051,0
CISS.US,D,20250512,000000,543.2,560,529.2,555.8,173.578571480645,0
CISS.US,D,20250513,000000,541.478,600.586,541.478,553,632.5571430469101,0
CISS.US,D,20250514,000000,553,554.022,506.8,524.3,210.564285777455,0
CISS.US,D,20250515,000000,543.2,555.8,525,525,98.50714288669502,0
CISS.US,D,20250516,000000,525,547.638,494.2,511,212.67142863523003,0
CISS.US,D,20250519,000000,513.8,532,504,504,214.25714292142004,0
CISS.US,D,20250520,000000,511.42,522.2,506.8,522.2,77.92857145195,0
CISS.US,D,20250521,000000,518,522.2,511,516.642,21.400000006420004,0
CISS.US,D,20250522,000000,504,531.776,497,506.8,79.81428573823001,0
CISS.US,D,20250523,000000,498.204,541.8,498.204,517.3,124.00000003720001,0
CISS.US,D,20250527,000000,530.6,530.6,499.8,508.2,47.535714299975005,0
CISS.US,D,20250528,000000,508.2,530.586,504,506.03,79.68571430962001,0
CISS.US,D,20250529,000000,504,519.078,504,519.078,11.378571431985002,0
CISS.US,D,20250530,000000,513.8,519.4,504,506.8,110.59285717603503,0
CISS.US,D,20250602,000000,504,511.364,497,498.4,48.40714287166501,0
CISS.US,D,20250603,000000,511,516.88,504,504.798,25.07142857895,0
CISS.US,D,20250604,000000,505.4,536.018,497,520.8,232.178571498225,0
CISS.US,D,20250605,000000,512.4,524.776,497.014,505.4,42.300000012690006,0
CISS.US,D,20250606,000000,506.8,506.8,497.714,497.714,31.1428571522,0
CISS.US,D,20250609,000000,501.228,509.6,501.228,503.748,16.807142862185003,0
CISS.US,D,20250610,000000,511,518,504,504,60.60000001818001,0
CISS.US,D,20250611,000000,518,518,506.45,512.4,24.085714292940004,0
CISS.US,D,20250612,000000,514.724,518,495.6,504,36.607142868125,0
CISS.US,D,20250613,000000,523.6,616,491.4,592.2,4580.171429945481,0
CISS.US,D,20250616,000000,562.8,562.8,472.15,504,2399.4857150055605,0
CISS.US,D,20250617,000000,504,577.92,485.8,537.6,1361.92857183715,0
CISS.US,D,20250618,000000,518,525,452.2,490,1002.0785717291951,0
CISS.US,D,20250620,000000,490,532,457.814,501.2,2585.9857150615103,0
CISS.US,D,20250623,000000,512.4,560,474.6,499.8,3011.7857151892504,0
CISS.US,D,20250624,000000,509.6,515.2,463.4,497,683.4357144907451,0
CISS.US,D,20250625,000000,476,485.66,448,462.7,487.32142871762505,0
CISS.US,D,20250626,000000,474.6,477.414,449.4,462,310.87857152183506,0
CISS.US,D,20250627,000000,463.4,464.114,428.4,450.8,283.38571437073006,0
CISS.US,D,20250630,000000,466.2,470.4,455,459.2,135.65714289784,0
CISS.US,D,20250701,000000,459.2,474.6,455,471.8,88.04285716927002,0
CISS.US,D,20250702,000000,471.8,474.6,462,464.8,95.5714286001,0
CISS.US,D,20250703,000000,466.2,474.6,455,459.2,92.35000002770501,0
CISS.US,D,20250707,000000,462,470.4,459.424,462,82.392857167575,0
CISS.US,D,20250708,000000,462,488.6,456.414,462,260.00714293514505,0
CISS.US,D,20250709,000000,462,481.6,462,464.8,55.92142858820501,0
CISS.US,D,20250710,000000,475.804,480.2,464.8,469,143.10000004293002,0
CISS.US,D,20250711,000000,464.8,470.4,457.8,464.8,171.39285719427502,0
CISS.US,D,20250714,000000,469,502.6,459.2,466.2,450.9571429924301,0
CISS.US,D,20250715,000000,481.6,497,470.4,487.2,243.35000007300502,0
CISS.US,D,20250716,000000,487.2,558.6,462,491.4,1205.8571432189,0
CISS.US,D,20250717,000000,504,528.71,492.814,509.6,343.70000010311,0
CISS.US,D,20250718,000000,511,527.8,501.774,511.7,340.1857143877701,0
CISS.US,D,20250721,000000,501.2,525,477.4,516.6,425.86428584204504,0
CISS.US,D,20250722,000000,518,526.582,501.2,509.6,242.22857150124003,0
CISS.US,D,20250723,000000,513.8,513.8,480.2,491.4,211.45000006343503,0
CISS.US,D,20250724,000000,485.8,499.8,481.6,491.4,104.54285717422002,0
CISS.US,D,20250725,000000,476,476,462,469,117.72142860674502,0
CISS.US,D,20250728,000000,469,472.71,457.8,463.036,145.92142861520503,0
CISS.US,D,20250729,000000,467.6,467.6,448,450.8,114.00000003420001,0
CISS.US,D,20250730,000000,442.4,454.538,442.4,450.8,72.34285716456002,0
CISS.US,D,20250731,000000,446.6,453.586,441,448,174.66428576668503,0
CISS.US,D,20250801,000000,448,450.8,441,443.8,164.97857147806502,0
CISS.US,D,20250804,000000,441,466.2,441,442.4,116.27142860631002,0
CISS.US,D,20250805,000000,451.5,485.52,442.4,465.5,244.09285721608504,0
CISS.US,D,20250806,000000,464.8,522.2,455,491.4,437.0285715596801,0
CISS.US,D,20250807,000000,488.6,494.2,476.014,477.4,70.20000002106,0
CISS.US,D,20250808,000000,483,483,443.8,448,213.60000006408004,0
CISS.US,D,20250811,000000,443.8,448,434,435.4,179.21428576805002,0
CISS.US,D,20250812,000000,435.4,470.4,435.4,446.6,574.47142874377,0
CISS.US,D,20250813,000000,459.2,459.2,441.014,452.2,46.77857144260501,0
CISS.US,D,20250814,000000,457.8,457.8,439.6,449.4,175.57857148124504,0
CISS.US,D,20250815,000000,457.8,471.8,450.8,462,96.73571431473502,0
CISS.US,D,20250818,000000,458.5,464.786,453.6,462,58.62857144616001,0
CISS.US,D,20250819,000000,480.2,532,442.75,483,31473.66429515639,0
CISS.US,D,20250820,000000,473.2,506.8,436.8,485.8,1145.2142860578501,0
CISS.US,D,20250821,000000,474.6,474.6,403.2,428.4,1166.7142860643,0
CISS.US,D,20250822,000000,432.6,446.446,422.8,424.2,308.48571437826,0
CISS.US,D,20250825,000000,424.2,441.658,413.854,429.8,201.68571434622004,0
CISS.US,D,20250826,000000,429.8,435.932,413,420,133.65000004009502,0
CISS.US,D,20250827,000000,420,432.6,420,420.238,121.38571432213001,0
CISS.US,D,20250828,000000,431.2,431.2,418.6,418.6,114.16428574853502,0
CISS.US,D,20250829,000000,404.6,422.1,404.6,421.806,95.38571431433002,0
CISS.US,D,20250902,000000,417.2,417.2,387.8,408.1,396.14285726170004,0
CISS.US,D,20250903,000000,387.8,408.786,387.8,401.8,312.52142866518506,0
CISS.US,D,20250904,000000,345.8,379.4,301,302.4,1091.22857175594,0
CISS.US,D,20250905,000000,305.2,308,291.2,292.6,603.1214287523651,0
CISS.US,D,20250908,000000,292.6,299.6,284.2,295.4,398.43571440524505,0
CISS.US,D,20250909,000000,295.4,295.4,285.6,287,3989.6857154826207,0
CISS.US,D,20250910,000000,298.2,305.2,292.6,303.8,1164.6000003493803,0
CISS.US,D,20250911,000000,306.6,319.2,303.8,319.2,486.42142871735507,0
CISS.US,D,20250912,000000,319.2,319.2,308.49,317.8,222.01428578089005,0
CISS.US,D,20250915,000000,317.8,327.6,304.5,316.4,286.11428580012006,0
CISS.US,D,20250916,000000,316.4,390.6,309.4,371,2328.1428578413,0
CISS.US,D,20250917,000000,322,357,315,340.2,67591.13573456307,0
CISS.US,D,20250918,000000,341.6,341.6,309.4,329,2649.250000794775,0
CISS.US,D,20250919,000000,316.4,327.6,309.4,320.6,974.0500002922151,0
CISS.US,D,20250922,000000,313.6,322,296.8,320.6,1512.1285718822103,0
CISS.US,D,20250923,000000,313.6,313.6,301,301,377.43571439894504,0
CISS.US,D,20250924,000000,305.2,322,301,309.4,726.9000002180701,0
CISS.US,D,20250925,000000,310.8,310.8,298.2,301,341.14285724520005,0
CISS.US,D,20250926,000000,301,305.9,299.6,301,164.82857147802,0
CISS.US,D,20250929,000000,291.2,315,280,298.2,926.5285717065302,0
CISS.US,D,20250930,000000,293.65,312.116,292.6,300.16,208.74285720548002,0
CISS.US,D,20251001,000000,299.6,308,292.6,304.5,337.52857152983006,0
CISS.US,D,20251002,000000,302.4,313.6,302.4,312.2,235.44285721349004,0
CISS.US,D,20251003,000000,315,322,310.814,313.6,266.15000007984503,0
CISS.US,D,20251006,000000,317.8,317.8,299.614,309.4,449.7071429920551,0
CISS.US,D,20251007,000000,450.8,831.586,429.8,569.8,667550.7002002653,0
CISS.US,D,20251008,000000,380.8,413,348.6,361.2,15325.957147454932,0
CISS.US,D,20251009,000000,368.2,375.76,341.6,343,3453.8142867504303,0
CISS.US,D,20251010,000000,345.8,362.6,294,312.2,3831.8785725781354,0
CISS.US,D,20251013,000000,329,329,302.4,302.4,1456.250000436875,0
CISS.US,D,20251014,000000,312.2,315,302.4,308,1228.0857146541402,0
CISS.US,D,20251015,000000,303.8,306.6,288.4,294,2137.8142863556304,0
CISS.US,D,20251016,000000,298.2,299.6,288.4,289.8,801.6857145262201,0
CISS.US,D,20251017,000000,301,340.2,284.2,308,13985.950004195787,0
CISS.US,D,20251020,000000,302.4,310.786,299.6,305.2,1205.6857146474204,0
CISS.US,D,20251021,000000,303.8,311.5,289.8,305.2,1185.8000003557402,0
CISS.US,D,20251022,000000,302.4,306.6,298.2,299.6,718.3642859297951,0
CISS.US,D,20251023,000000,294,305.2,287,303.8,1579.9500004739853,0
CISS.US,D,20251024,000000,295.4,301,294,299.6,528.3642858727951,0
CISS.US,D,20251027,000000,295.4,299.6,294,296.8,330.60714295632505,0
CISS.US,D,20251028,000000,289.8,301,289.8,301,3792.078572566196,0
CISS.US,D,20251029,000000,312.2,312.2,292.614,302.4,893.7142859824,0
CISS.US,D,20251030,000000,302.4,308.7,295.4,299.6,275.67142865413,0
CISS.US,D,20251031,000000,299.6,303.8,292.6,303.8,645.3285716221701,0
CISS.US,D,20251103,000000,298.2,304.29,292.6,301,535.61428587497,0
CISS.US,D,20251104,000000,292.6,295.736,267.4,270.2,1546.9142861783603,0
CISS.US,D,20251105,000000,273,278.544,266,273,601.7928573233951,0
CISS.US,D,20251106,000000,274.4,276.654,267.4,275.1,366.13571439555506,0
CISS.US,D,20251107,000000,268.8,282.8,254.8,277.2,812.4571431008802,0
CISS.US,D,20251110,000000,284.2,284.2,270.2,273,340.90000010227004,0
CISS.US,D,20251111,000000,287,287,273,277.2,431.2285715579401,0
CISS.US,D,20251112,000000,273,277.2,267.4,273,233.75714292727005,0
CISS.US,D,20251113,000000,273,282.8,219.8,247.8,1274.9928575253552,0
CISS.US,D,20251114,000000,246.4,253.4,231,231,641.135714478055,0
CISS.US,D,20251117,000000,236.6,246.974,231,235.2,542.8357144485651,0
CISS.US,D,20251118,000000,240.8,245,224,235.2,340.26428581636503,0
CISS.US,D,20251119,000000,245,253.4,221.2,231,284.82857151402004,0
CISS.US,D,20251120,000000,226.8,228.2,204.4,205.8,248.52142864598503,0
CISS.US,D,20251121,000000,205.8,218.4,205.8,218.4,136.707142898155,0
CISS.US,D,20251124,000000,218.386,229.6,215.6,227.5,238.07857149999504,0
CISS.US,D,20251125,000000,231,232.4,225.4,228.2,364.70000010941004,0
CISS.US,D,20251126,000000,229.6,239.4,228.2,236.6,178.86428576794503,0
CISS.US,D,20251128,000000,238,266,235.9,247.8,257.77142864876004,0
CISS.US,D,20251201,000000,247.8,247.8,238,239.4,301.4214286618551,0
CISS.US,D,20251202,000000,240.8,258.972,239.4,250.6,384.80714297258504,0
CISS.US,D,20251203,000000,250.6,252,247.8,247.8,221.37142863784004,0
CISS.US,D,20251204,000000,247.8,268.8,246.414,263.34,618.150000185445,0
CISS.US,D,20251205,000000,267.4,271.6,257.6,260.4,330.10714295617504,0
CISS.US,D,20251208,000000,253.4,264.18,243.6,246.4,359.40000010782006,0
CISS.US,D,20251209,000000,245,257.376,239.4,245,255.70000007671004,0
CISS.US,D,20251210,000000,242.2,256.2,232.4,239.4,481.77142871596004,0
CISS.US,D,20251211,000000,49,56,43.386,46.2,82616.62145335642,0
CISS.US,D,20251212,000000,42,43.54,32.69,35,41497.05715530627,0
CISS.US,D,20251215,000000,35,35,28,29.82,28895.350008668607,0
CISS.US,D,20251216,000000,29.456,39.13,28.084,32.13,58424.67144609884,0
CISS.US,D,20251217,000000,30.8,30.982,28.532,30.1,13120.442861078993,0
CISS.US,D,20251218,000000,32.466,33.558,29.96,31.864,8646.51428830824,0
CISS.US,D,20251219,000000,31.15,31.85,29.54,31.08,7572.050002271616,0
CISS.US,D,20251222,000000,32.9,33.6209,30.114,32.382,8456.542859679821,0
CISS.US,D,20251223,000000,31.85,32.074,30.8,30.814,5971.107144648476,0
CISS.US,D,20251224,000000,30.8,31.416,30.1,30.38,2952.3000008856907,0
CISS.US,D,20251226,000000,30.38,30.632,29.456,29.512,4494.321429919725,0
CISS.US,D,20251229,000000,30.1,30.38,29.26,30.1,5766.678573158575,0
CISS.US,D,20251230,000000,29.68,34.3,29.554,32.2,33133.92858136875,0
CISS.US,D,20251231,000000,32.13,32.2,30.086,32.2,10036.828574439622,0
CISS.US,D,20260102,000000,32.2,33.152,30.954,31.43,6125.571430409101,0
CISS.US,D,20260105,000000,33.152,33.152,31.514,32.27,4912.91428718816,0
CISS.US,D,20260106,000000,32.242,34.384,30.982,33.068,4973.485715777761,0
CISS.US,D,20260107,000000,33.6,34.468,32.382,33.124,5397.0785730476955,0
CISS.US,D,20260108,000000,33.6,33.726,31.346,31.934,4945.3785729121855,0
CISS.US,D,20260109,000000,31.22,32.2,29.26,30.702,11681.742860647382,0
CISS.US,D,20260112,000000,29.4,30.66,26.95,27.202,10020.550003006167,0
CISS.US,D,20260113,000000,27.02,27.426,20.02,20.874,33161.7142956628,0
CISS.US,D,20260114,000000,20.832,21.28,17.094,19.292,49774.03572921793,0
CISS.US,D,20260115,000000,19.306,19.628,17.276,19.18,30592.664294892093,0
CISS.US,D,20260116,000000,17.346,18.62,17.332,17.906,58058.692874560475,0
CISS.US,D,20260120,000000,17.892,19.488,16.8,18.228,44125.84287038062,0
CISS.US,D,20260121,000000,17.444,20.132,16.94,19.754,30342.607151959928,0
CISS.US,D,20260122,000000,13.146,14.14,11.494,12.74,172007.042908745,0
CISS.US,D,20260123,000000,11.9,13.09,11.508,11.844,95257.4286000058,0
CISS.US,D,20260126,000000,11.69,17.5,11.41,14.42,166518.1429070983,0
CISS.US,D,20260127,000000,12.11,13.44,11.97,13.02,56788.85715989381,0
CISS.US,D,20260128,000000,13.825,14.77,11.69,12.25,318661.28580988414,0
CISS.US,D,20260129,000000,12.11,12.11,9.45,10.08,96431.428600358,0
CISS.US,D,20260130,000000,12.74,16.17,9.415,12.81,4115170.42980598,0
CISS.US,D,20260202,000000,17.57,20.09,11.2,13.65,5974575.001792373,0
CISS.US,D,20260203,000000,11.34,13.006,9.8,11.62,255351.00007660533,0
CISS.US,D,20260204,000000,11.34,11.55,10.5168,10.64,350848.2858195402,0
CISS.US,D,20260205,000000,13.86,17.01,13.3,13.72,10194047.574486786,0
CISS.US,D,20260206,000000,12.25,13.37,12.25,12.95,220327.8572089555,0
CISS.US,D,20260209,000000,13.09,13.93,11.2,11.62,97460.42860066671,0
CISS.US,D,20260210,000000,11.69,12.39,11.2,11.83,56952.85715994301,0
CISS.US,D,20260211,000000,11.27,12.775,9.94,11.55,76474.1428800851,0
CISS.US,D,20260212,000000,11.41,11.5143,10.71,10.85,28712.5714371852,0
CISS.US,D,20260213,000000,10.36,10.7576,10.08,10.57,31355.142866549402,0
CISS.US,D,20260217,000000,10.36,11.13,10.36,10.64,21088.714292040902,0
CISS.US,D,20260218,000000,10.5,12.0393,10.22,11.69,42595.2857270643,0
CISS.US,D,20260219,000000,13.09,19.25,12.88,15.33,5716518.287429241,0
CISS.US,D,20260220,000000,12.74,13.9293,11.9098,13.58,201392.0000604176,0
CISS.US,D,20260223,000000,13.02,13.86,12.726,13.02,79035.5714522821,0
CISS.US,D,20260224,000000,12.53,12.74,11.97,12.32,50904.428586699905,0
CISS.US,D,20260225,000000,12.11,12.775,12.04,12.355,78300.00002349,0
CISS.US,D,20260226,000000,10.85,11.06,10.43,10.5,65221.7143052808,0
CISS.US,D,20260227,000000,10.57,11.06,10.57,10.78,37097.5714397007,0
CISS.US,D,20260302,000000,11.76,11.83,10.43,10.78,470932.85728413705,0
CISS.US,D,20260303,000000,11.69,12.25,10.43,11.41,1094280.000328284,0
CISS.US,D,20260304,000000,10.36,10.976,10.15,10.22,162512.57147732523,0
CISS.US,D,20260305,000000,10.15,11.06,9.87,10.01,204309.00006129273,0
CISS.US,D,20260306,000000,9.8,9.87,8.47,8.68,120711.42860764201,0
CISS.US,D,20260309,000000,8.4,8.68,7.98,8.26,57886.714303080305,0
CISS.US,D,20260310,000000,8.33,9.94,7.63,8.05,380666.5715427714,0
CISS.US,D,20260311,000000,8.19,8.47,7.84,7.91,49772.857157789,0
CISS.US,D,20260312,000000,7.91,8.05,7.665,7.77,39561.28572615411,0
CISS.US,D,20260313,000000,7.735,7.91,7.7,7.84,19153.142862888802,0
CISS.US,D,20260316,000000,7.84,7.84,6.3,6.5275,76434.8571657876,0
CISS.US,D,20260317,000000,6.44,6.44,5.25,5.2507,73444.57145060481,0
CISS.US,D,20260318,000000,5.4285,6.1866,5.32,5.6,137911.0000413733,0
CISS.US,D,20260319,000000,6.6542,6.6997,5.81,6.0536,1056751.428888454,0
CISS.US,D,20260320,000000,6.02,6.3735,5.845,5.9367,34215.142867407405,0
CISS.US,D,20260323,000000,5.9094,6.2972,5.4607,5.8912,31626.8571523452,0
CISS.US,D,20260324,000000,5.7456,6.3,5.66937,5.9822,30126.571437609404,0
CISS.US,D,20260325,000000,6.0858,6.223,5.6756,5.9885,10736.571431792401,0
CISS.US,D,20260326,000000,5.9815,6.2258,5.6805,5.7456,14200.00000426,0
CISS.US,D,20260327,000000,5.88,6.09,5.565,5.6,16805.142862184402,0
CISS.US,D,20260330,000000,5.6,5.74,5.46,5.5678,15843.571433324501,0
CISS.US,D,20260331,000000,5.6693,5.8093,5.53,5.7883,11542.714289177102,0
CISS.US,D,20260401,000000,5.6315,5.81,5.586,5.7253,11414.4285748529,0
CISS.US,D,20260402,000000,5.46,5.894,5.4124,5.7099,11296.8571462462,0
CISS.US,D,20260406,000000,5.88,5.88,5.67,5.7435,9608.000002882402,0
CISS.US,D,20260407,000000,5.5986,5.6966,5.32,5.5265,18034.000005410202,0
CISS.US,D,20260408,000000,5.5314,5.733,5.5314,5.5335,7735.0000023205,0
CISS.US,D,20260409,000000,5.3774,5.8058,5.3774,5.5692,14179.8571471111,0
CISS.US,D,20260410,000000,5.4607,5.8562,5.46,5.7302,14380.285718599802,0
CISS.US,D,20260413,000000,5.516,5.74,5.3942,5.74,20817.142863388002,0
CISS.US,D,20260414,000000,5.7589,5.9654,5.6385,5.7547,14591.428575806001,0
CISS.US,D,20260415,000000,5.6917,5.964,5.6567,5.9059,16779.4285764624,0
CISS.US,D,20260416,000000,6.09,6.132,5.6714,5.8065,19570.2857201568,0
CISS.US,D,20260417,000000,5.9003,6.0984,5.6014,5.6105,12539.4285751904,0
CISS.US,D,20260420,000000,5.74,5.8464,5.6,5.7701,11409.7142891372,0
CISS.US,D,20260421,000000,5.873,5.8793,5.5503,5.6616,11271.000003381301,0
CISS.US,D,20260422,000000,5.6259,5.6826,5.39,5.516,11030.7142890235,0
CISS.US,D,20260423,000000,5.11,5.11,2.87,3.0107,332025.5715281791,0
CISS.US,D,20260424,000000,3.178,3.178,2.8903,2.9554,79753.14288106881,0
CISS.US,D,20260427,000000,2.84,3.49,2.7,3.4212,102571,0
CISS.US,D,20260428,000000,3.3,3.65,3.02,3.59,160496,0
CISS.US,D,20260429,000000,3.5,3.5643,3.17,3.22,48366,0
CISS.US,D,20260430,000000,3.22,3.41,2.81,3.41,64523,0
CISS.US,D,20260501,000000,3.35,3.41,3.23,3.3,89048,0
CISS.US,D,20260504,000000,3.26,3.6299,3.17,3.48,72183,0
CISS.US,D,20260505,000000,3.47,3.47,3.28,3.37,38054,0
CISS.US,D,20260506,000000,3.35,3.5,3.31,3.46,37989,0
CISS.US,D,20260507,000000,3.41,3.425,3.25,3.32,33043,0
CISS.US,D,20260508,000000,3.33,3.37,3.23,3.29,14323,0
CISS.US,D,20260511,000000,3.31,3.393,3.215,3.32,20650,0
CISS.US,D,20260512,000000,3.37,3.38,3.2801,3.31,11387,0
CISS.US,D,20260513,000000,3.27,3.27,3.18,3.23,18521,0
CISS.US,D,20260514,000000,3.2,3.275,3.1724,3.19,11934,0
CISS.US,D,20260515,000000,3.16,3.27,3.05,3.05,29797,0
CISS.US,D,20260518,000000,4.885,6.0599,3.06,3.17,28934438,0
CISS.US,D,20260519,000000,2.84,2.85,2.36,2.57,603685,0
CISS.US,D,20260520,000000,2.5,2.78,2.36,2.63,182921,0
CISS.US,D,20260521,000000,2.61,2.72,2.51,2.54,85258,0
CISS.US,D,20260522,000000,2.54,2.5888,2.355,2.36,123971,0
CISS.US,D,20260526,000000,2.35,2.49,2.25,2.36,136069,0
CISS.US,D,20260527,000000,2.37,2.4,2.22,2.23,87872,0
CISS.US,D,20260528,000000,2.24,2.34,2.16,2.32,140992,0
CISS.US,D,20260529,000000,2.35,2.41,2.19,2.28,128218,0
CISS.US,D,20260601,000000,2.34,2.39,2.21,2.22,83343,0
CISS.US,D,20260602,000000,2.34,2.34,2.17,2.2,270569,0
CISS.US,D,20260603,000000,2.45,2.57,1.9,2.21,6555552,0
CISS.US,D,20260604,000000,2.03,2.26,2.03,2.18,213414,0
CISS.US,D,20260605,000000,2.09,2.17,2.01,2.14,75369,0
CISS.US,D,20260608,000000,2.08,2.22,2.07,2.12,119698,0
CISS.US,D,20260609,000000,2.1,2.3099,2.0824,2.24,436254,0
CISS.US,D,20260610,000000,2.21,2.2899,2.13,2.23,203725,0
CISS.US,D,20260611,000000,2.17,2.29,2.1201,2.27,324052,0
CISS.US,D,20260612,000000,2.27,2.39,1.91,2.08,531901,0
CISS.US,D,20260615,000000,2.17,2.3599,2.08,2.25,479410,0
CISS.US,D,20260616,000000,2.27,2.35,2.19,2.27,334206,0
CISS.US,D,20260617,000000,2.18,2.24,2.07,2.22,193829,0
CISS.US,D,20260618,000000,2.2,2.25,2.13,2.2,188582,0
CISS.US,D,20260622,000000,2.18,2.18,2.05,2.12,114301,0
CISS.US,D,20260623,000000,2,2,1.78,1.87,197134,0
CISS.US,D,20260624,000000,1.72,1.72,1.54,1.72,213622,0
