<TICKER>,<PER>,<DATE>,<TIME>,<OPEN>,<HIGH>,<LOW>,<CLOSE>,<VOL>,<OPENINT>
CMTV.US,D,20260202,000000,31.5,31.78,30.57,31.2,10230,0
CMTV.US,D,20260203,000000,31.25,31.57,31.05,31.545,11283,0
CMTV.US,D,20260204,000000,31.6,33.3,31.5,32,7226,0
CMTV.US,D,20260205,000000,31.805,34.92,31.805,32.29,7132,0
CMTV.US,D,20260206,000000,32.03,32.905,32.03,32.18,2796,0
CMTV.US,D,20260209,000000,33.6699,33.6699,32.18,32.4,7299,0
CMTV.US,D,20260210,000000,32.97,33.325,32.75,33.17,10464,0
CMTV.US,D,20260211,000000,32.5,33,32.41,32.41,3328,0
CMTV.US,D,20260212,000000,31.95,32.8,31.5,32.37,9541,0
CMTV.US,D,20260213,000000,33,33,31.99,31.99,2717,0
CMTV.US,D,20260217,000000,32,32.62,31.9,32.02,7132,0
CMTV.US,D,20260218,000000,32.93,33.04,32.25,32.25,2739,0
CMTV.US,D,20260219,000000,31.73,32,31.38,31.38,3824,0
CMTV.US,D,20260220,000000,31.1,32.09,30.5,32.09,5309,0
CMTV.US,D,20260223,000000,32,32,30.51,31,4300,0
CMTV.US,D,20260224,000000,31,31.75,31,31.72,3700,0
CMTV.US,D,20260225,000000,31.475,31.475,31.01,31.35,4700,0
CMTV.US,D,20260226,000000,31.5,31.525,31.5,31.525,1161,0
CMTV.US,D,20260227,000000,31.375,31.375,30.04,30.97,6908,0
CMTV.US,D,20260302,000000,30.27,31.5,30,30.51,21891,0
CMTV.US,D,20260303,000000,30.53,30.53,29.8,30,7728,0
CMTV.US,D,20260304,000000,30.82,30.82,30.2,30.2,3620,0
CMTV.US,D,20260305,000000,30.15,30.2,29.525,30.2,4202,0
CMTV.US,D,20260306,000000,30.2,30.5,30.2,30.5,4830,0
CMTV.US,D,20260309,000000,30.5,31.725,29.85,31.31,45234,0
CMTV.US,D,20260310,000000,31.175,32.88,31.175,32.38,30847,0
CMTV.US,D,20260311,000000,32.75,37.37,32.7,37.37,36166,0
CMTV.US,D,20260312,000000,37.68,39.49,37.45,37.93,35696,0
CMTV.US,D,20260313,000000,36.985,39.15,36.985,38.98,38546,0
CMTV.US,D,20260316,000000,38.99,39.98,38.39,39.49,35162,0
CMTV.US,D,20260317,000000,39.96,39.96,37.08,39.58,57640,0
CMTV.US,D,20260318,000000,39.29,40.1,39.29,40,81973,0
CMTV.US,D,20260319,000000,39.57,40.97,39.5,40.96,100277,0
CMTV.US,D,20260320,000000,40.46,42.39,39.97,42.39,364025,0
CMTV.US,D,20260323,000000,42.39,42.8,41.3501,42,80450,0
CMTV.US,D,20260324,000000,41.52,41.52,35.92,36.84,107622,0
CMTV.US,D,20260325,000000,36.25,37.19,32.76,35.36,71685,0
CMTV.US,D,20260326,000000,34.68,34.68,30.505,32.09,39634,0
CMTV.US,D,20260327,000000,31.11,35.26,31.11,33.62,36441,0
CMTV.US,D,20260330,000000,31.87,33.6,31.04,32.72,22905,0
CMTV.US,D,20260331,000000,30.93,32.74,30.1101,31.1,29825,0
CMTV.US,D,20260401,000000,30.84,35.6,30.5,33.83,29914,0
CMTV.US,D,20260402,000000,33.7,36.17,33.7,35.48,12700,0
CMTV.US,D,20260406,000000,35.4,35.48,32.985,33.01,15972,0
CMTV.US,D,20260407,000000,33.17,36.8,33.17,36.09,31417,0
CMTV.US,D,20260408,000000,36.5,36.81,35.32,35.9,26662,0
CMTV.US,D,20260409,000000,35.3,35.9,35.125,35.15,8788,0
CMTV.US,D,20260410,000000,35.57,35.72,34.6,34.68,10557,0
CMTV.US,D,20260413,000000,33.02,35,32.81,32.81,17702,0
CMTV.US,D,20260414,000000,32.38,34,32.2201,33.75,13384,0
CMTV.US,D,20260415,000000,33.94,36.06,33.225,35.81,54886,0
CMTV.US,D,20260416,000000,36,36.3,35,35.25,33706,0
CMTV.US,D,20260417,000000,36.44,38.25,35.245,36.57,45493,0
CMTV.US,D,20260420,000000,36.89,39.3499,36.59,38.18,47946,0
CMTV.US,D,20260421,000000,39,39,36.72,38.48,41217,0
CMTV.US,D,20260422,000000,38.94,39.5,38.5,38.74,27136,0
CMTV.US,D,20260423,000000,38.95,40.75,38.0001,39.95,54741,0
CMTV.US,D,20260424,000000,40.43,40.43,39.15,39.3,18937,0
CMTV.US,D,20260427,000000,40.28,40.28,39.825,40.25,12228,0
CMTV.US,D,20260428,000000,40.35,41.3279,40,40.48,25583,0
CMTV.US,D,20260429,000000,41.18,41.57,40.24,40.88,19281,0
CMTV.US,D,20260430,000000,41.3,41.38,39.55,39.95,27717,0
CMTV.US,D,20260501,000000,40.73,41.075,40.41,40.56,18449,0
CMTV.US,D,20260504,000000,40.67,41.57,40.67,41.14,13633,0
CMTV.US,D,20260505,000000,41.13,42.915,40.43,40.48,22122,0
CMTV.US,D,20260506,000000,40.69,41,39.615,39.79,16811,0
CMTV.US,D,20260507,000000,39.66,41.0339,39.615,40.4,13632,0
CMTV.US,D,20260508,000000,40.4,40.4,39.64,39.64,6436,0
CMTV.US,D,20260511,000000,39.35,40.38,37.56,38.07,14672,0
CMTV.US,D,20260512,000000,37.29,39.495,37.29,38.36,13564,0
CMTV.US,D,20260513,000000,37.91,40.0387,37.91,38.46,6284,0
CMTV.US,D,20260514,000000,38.63,39.2725,38.63,39,6488,0
CMTV.US,D,20260515,000000,38.49,39.22,37.92,38.78,5678,0
CMTV.US,D,20260518,000000,39.4,40.015,38.7801,39.65,11271,0
CMTV.US,D,20260519,000000,38.59,39.98,38.34,39.98,10789,0
CMTV.US,D,20260520,000000,39.7,40.72,38.76,40.3,76742,0
CMTV.US,D,20260521,000000,40.24,40.24,37.92,38.51,16833,0
CMTV.US,D,20260522,000000,38.69,40.11,38.69,40.11,11435,0
CMTV.US,D,20260526,000000,39.63,40.14,38.27,38.8,17530,0
CMTV.US,D,20260527,000000,38.58,39.18,37.825,38.06,18188,0
CMTV.US,D,20260528,000000,38.09,38.75,37.75,38.12,29445,0
CMTV.US,D,20260529,000000,38.42,38.42,35.75,36.09,22001,0
CMTV.US,D,20260601,000000,36.75,38.1,35.5,36.79,18019,0
CMTV.US,D,20260602,000000,36.99,37.45,35.46,35.76,18907,0
CMTV.US,D,20260603,000000,36.75,36.75,35.425,36.2,13924,0
CMTV.US,D,20260604,000000,36.69,37.8998,36.2476,37.1,14834,0
CMTV.US,D,20260605,000000,38.035,39.83,37.58,38.6,15984,0
CMTV.US,D,20260608,000000,39.99,39.99,37.47,38.42,16315,0
CMTV.US,D,20260609,000000,39.655,39.84,39.265,39.73,21681,0
CMTV.US,D,20260610,000000,39,41.31,39,40.52,21022,0
CMTV.US,D,20260611,000000,40.32,40.975,38.485,40.56,24147,0
CMTV.US,D,20260612,000000,40.48,41.11,40,40.64,14876,0
CMTV.US,D,20260615,000000,39,40.08,38.07,38.79,12685,0
CMTV.US,D,20260616,000000,39.4,41.49,39.4,39.51,26481,0
CMTV.US,D,20260617,000000,39.7,41.43,37.96,39.66,18340,0
CMTV.US,D,20260618,000000,39.81,41.42,39.06,41.25,50751,0
CMTV.US,D,20260622,000000,40.82,41.51,39.385,40.26,29233,0
CMTV.US,D,20260623,000000,39.75,41,39.75,40.62,40049,0
CMTV.US,D,20260624,000000,40.83,41.29,39.54,40.02,33466,0
