<TICKER>,<PER>,<DATE>,<TIME>,<OPEN>,<HIGH>,<LOW>,<CLOSE>,<VOL>,<OPENINT>
EDBL.US,D,20220506,000000,385500,426885,381000,424500,11.732606549340801,0
EDBL.US,D,20220509,000000,418500,445500,378000,390000,11.0255732230776,0
EDBL.US,D,20220510,000000,390000,429000,372000,390000,7.479919925200801,0
EDBL.US,D,20220511,000000,357000,378000,315000,321000,5.258299947417201,0
EDBL.US,D,20220512,000000,307500,321000,271500,280500,5.3011932803216,0
EDBL.US,D,20220513,000000,277500,311985,250500,274500,10.4255065624116,0
EDBL.US,D,20220516,000000,282000,319500,279000,303000,7.207986594586799,0
EDBL.US,D,20220517,000000,304500,312000,267000,282000,1.8506733148266001,0
EDBL.US,D,20220518,000000,295500,299910,243000,264000,2.88499997115,0
EDBL.US,D,20220519,000000,258000,274995,243000,264165,1.0523733228096002,0
EDBL.US,D,20220520,000000,261000,265500,240000,243000,1.1175066554916,0
EDBL.US,D,20220523,000000,238500,268500,228000,265500,1.6920733164125998,0
EDBL.US,D,20220524,000000,246000,262500,243000,256500,0.8884799911152002,0
EDBL.US,D,20220525,000000,255000,283500,237000,280500,2.8835599711644004,0
EDBL.US,D,20220526,000000,273000,295500,270000,291000,1.5862399841376,0
EDBL.US,D,20220527,000000,276000,301500,276000,291000,0.7982199920178,0
EDBL.US,D,20220531,000000,291000,309000,264000,280500,1.0734533225988,0
EDBL.US,D,20220601,000000,273000,274500,255000,268500,0.3026599969734,0
EDBL.US,D,20220602,000000,270000,271500,240000,267000,0.6874799931252,0
EDBL.US,D,20220603,000000,249000,268500,249000,261000,0.4087599959124,0
EDBL.US,D,20220606,000000,259500,277500,250500,262500,1.1079666555870002,0
EDBL.US,D,20220607,000000,252690,262500,244500,249000,0.37921999620780006,0
EDBL.US,D,20220608,000000,261000,276000,244500,256500,0.7817266588494001,0
EDBL.US,D,20220609,000000,259680,259680,240000,250500,0.6201466604652,0
EDBL.US,D,20220610,000000,252000,253500,241320,244500,0.33357332999760003,0
EDBL.US,D,20220613,000000,240000,255000,214500,229500,1.4373799856262002,0
EDBL.US,D,20220614,000000,229500,249000,219000,225000,0.8870466577962001,0
EDBL.US,D,20220615,000000,237000,240750,217725,228000,0.310899996891,0
EDBL.US,D,20220616,000000,237000,249000,228030,237000,0.5495199945048,0
EDBL.US,D,20220617,000000,243000,260025,213000,217500,0.9374266572924,0
EDBL.US,D,20220621,000000,232500,273000,228000,259500,3.8032666286340007,0
EDBL.US,D,20220622,000000,261000,261000,234000,237000,1.7515999824840003,0
EDBL.US,D,20220623,000000,238500,240000,207015,217500,1.6289533170438002,0
EDBL.US,D,20220624,000000,217500,225000,210000,217500,0.797766658689,0
EDBL.US,D,20220627,000000,217500,217500,193515,199500,0.7552599924474,0
EDBL.US,D,20220628,000000,192000,222000,190500,207000,0.5826799941732,0
EDBL.US,D,20220629,000000,205125,205500,190500,190500,0.3029466636372,0
EDBL.US,D,20220630,000000,190500,220500,187500,193500,3.5749599642504,0
EDBL.US,D,20220701,000000,210000,210000,177000,177000,0.7231066594356,0
EDBL.US,D,20220705,000000,177000,177000,159000,163500,0.6958799930412001,0
EDBL.US,D,20220706,000000,154500,178500,154500,175500,0.45172666214940005,0
EDBL.US,D,20220707,000000,178500,179985,171000,177000,0.1289066653776,0
EDBL.US,D,20220708,000000,172500,186000,171000,177000,0.4264199957358001,0
EDBL.US,D,20220711,000000,177000,187500,174000,179820,0.41061332922720006,0
EDBL.US,D,20220712,000000,180000,196500,180000,195000,1.3514733198186002,0
EDBL.US,D,20220713,000000,189000,200925,189000,197580,0.1865466648012,0
EDBL.US,D,20220714,000000,199500,199500,186000,192000,0.37777999622220004,0
EDBL.US,D,20220715,000000,190500,196500,187500,189000,0.31250666354160006,0
EDBL.US,D,20220718,000000,187515,192000,180000,184500,0.2212266644544,0
EDBL.US,D,20220719,000000,196500,199215,180015,186000,0.15329999846700001,0
EDBL.US,D,20220720,000000,190500,195000,177000,180000,0.1860533314728,0
EDBL.US,D,20220721,000000,178500,180000,173250,178500,0.1216266654504,0
EDBL.US,D,20220722,000000,178470,178500,166500,172500,0.085133332482,0
EDBL.US,D,20220725,000000,168000,177000,163500,171435,0.5815066608516001,0
EDBL.US,D,20220726,000000,162015,170985,157500,159750,0.48333332850000005,0
EDBL.US,D,20220727,000000,157500,166485,156000,162750,0.6024133273092,0
EDBL.US,D,20220728,000000,163530,189555,163530,187500,1.0598399894016,0
EDBL.US,D,20220729,000000,193500,207000,181500,199500,3.3188399668116,0
EDBL.US,D,20220801,000000,204000,204000,182130,187500,0.6887066597796001,0
EDBL.US,D,20220802,000000,181500,220500,177180,205500,3.7896066287706,0
EDBL.US,D,20220803,000000,210000,238500,190500,202500,5.029399949706001,0
EDBL.US,D,20220804,000000,205500,211500,172500,181500,2.3885466427812,0
EDBL.US,D,20220805,000000,177000,187485,168000,175500,1.0494133228392,0
EDBL.US,D,20220808,000000,172500,184500,172500,174150,0.7989799920102001,0
EDBL.US,D,20220809,000000,181500,181500,171000,171000,0.3389133299442,0
EDBL.US,D,20220810,000000,174000,184500,171000,180000,0.6729466599372,0
EDBL.US,D,20220811,000000,177000,187500,172500,174000,0.3885266627814,0
EDBL.US,D,20220812,000000,181500,181500,171000,175500,0.2720733306126,0
EDBL.US,D,20220815,000000,177000,186000,172500,177000,0.2147533311858,0
EDBL.US,D,20220816,000000,189000,189000,156000,163500,1.0580066560866002,0
EDBL.US,D,20220817,000000,168000,168000,157500,162000,0.2548533307848,0
EDBL.US,D,20220818,000000,164070,322500,160500,201000,82.43793917562002,0
EDBL.US,D,20220819,000000,186000,189000,168000,183000,4.1754666249120005,0
EDBL.US,D,20220822,000000,174000,198000,169500,177000,5.0744732825888015,0
EDBL.US,D,20220823,000000,172500,190260,160500,165000,1.814466648522,0
EDBL.US,D,20220824,000000,168000,178500,157515,160500,1.0417399895826,0
EDBL.US,D,20220825,000000,165000,169200,157500,161250,0.9312799906872,0
EDBL.US,D,20220826,000000,160515,163500,151500,153000,0.753133325802,0
EDBL.US,D,20220829,000000,150000,151485,129240,134265,2.4012933093204003,0
EDBL.US,D,20220830,000000,134265,134265,120165,126000,1.0453133228802,0
EDBL.US,D,20220831,000000,125550,128985,121500,123315,0.7783799922162,0
EDBL.US,D,20220901,000000,129000,129675,117945,120000,0.28753999712460004,0
EDBL.US,D,20220902,000000,127500,133875,114345,119730,0.6533733267996,0
EDBL.US,D,20220906,000000,125145,125145,117000,121500,0.30632666360340005,0
EDBL.US,D,20220907,000000,124020,130665,117000,124500,0.44650666220160007,0
EDBL.US,D,20220908,000000,120000,126000,120000,120450,0.1941733313916,0
EDBL.US,D,20220909,000000,126000,131700,123000,127335,0.128266665384,0
EDBL.US,D,20220912,000000,127500,146835,123015,139800,0.7881266587854001,0
EDBL.US,D,20220913,000000,148500,148500,132240,134235,0.39115332942180003,0
EDBL.US,D,20220914,000000,140940,148500,127500,142260,1.9105066475616,0
EDBL.US,D,20220915,000000,136500,146400,130500,136500,0.6998933263344,0
EDBL.US,D,20220916,000000,131325,141000,129000,136080,0.1725266649414,0
EDBL.US,D,20220919,000000,124500,135000,121785,126000,0.35785999642140004,0
EDBL.US,D,20220920,000000,127500,133875,121500,129000,0.8157599918424001,0
EDBL.US,D,20220921,000000,128768,141000,124815,124905,1.357599986424,0
EDBL.US,D,20220922,000000,124740,127965,122430,124335,0.4428599955714001,0
EDBL.US,D,20220923,000000,123525,124500,109500,109830,0.33882666327840005,0
EDBL.US,D,20220926,000000,109830,118125,109545,109590,0.40456666262100005,0
EDBL.US,D,20220927,000000,112500,115500,106500,106500,0.08631999913680001,0
EDBL.US,D,20220928,000000,109485,111375,97500,102645,0.35801999641980004,0
EDBL.US,D,20220929,000000,102000,102000,93015,98700,0.217399997826,0
EDBL.US,D,20220930,000000,93330,103485,93330,94500,0.096899999031,0
EDBL.US,D,20221003,000000,100815,100815,90165,93015,0.16875999831240002,0
EDBL.US,D,20221004,000000,99825,102735,93495,100110,0.05079333282540001,0
EDBL.US,D,20221005,000000,100500,109485,97500,103920,0.1878733314546,0
EDBL.US,D,20221006,000000,112500,120075,102000,117000,0.4319599956804001,0
EDBL.US,D,20221007,000000,113490,123000,90315,110805,0.2877533304558,0
EDBL.US,D,20221010,000000,116340,116340,93000,93000,0.3688799963112,0
EDBL.US,D,20221011,000000,93000,101970,93000,97530,0.33927999660720004,0
EDBL.US,D,20221012,000000,97530,104985,91500,98970,0.19177333141560005,0
EDBL.US,D,20221013,000000,90000,103020,90000,98265,0.2166866644998,0
EDBL.US,D,20221014,000000,110250,110250,91500,95070,0.060499999395000004,0
EDBL.US,D,20221017,000000,90330,100980,75015,89340,0.5992466606742001,0
EDBL.US,D,20221018,000000,85035,97500,78000,87150,0.21787999782120002,0
EDBL.US,D,20221019,000000,98145,98445,78105,89325,0.1469866651968,0
EDBL.US,D,20221020,000000,93780,99015,81840,82560,0.06723999932760001,0
EDBL.US,D,20221021,000000,86685,104985,75000,76650,0.3060533302728,0
EDBL.US,D,20221024,000000,82500,127500,73500,85650,9.8599665680672,0
EDBL.US,D,20221025,000000,90000,103770,86655,98895,1.0479866561868,0
EDBL.US,D,20221026,000000,90000,109545,90000,99045,0.4379133289542,0
EDBL.US,D,20221027,000000,99046.5,117000,91575,103500,0.287133330462,0
EDBL.US,D,20221028,000000,98115,111135,98115,106875,0.1520066651466,0
EDBL.US,D,20221031,000000,109500,109500,85500,85530,0.5420533279128,0
EDBL.US,D,20221101,000000,89955,89955,75000,83145,0.5574466610922001,0
EDBL.US,D,20221102,000000,78000,85470,73500,83985,0.49541999504580003,0
EDBL.US,D,20221103,000000,78000,80955,75000,77985,0.3126799968732001,0
EDBL.US,D,20221104,000000,73500,80640,65085,74100,0.5488999945110001,0
EDBL.US,D,20221107,000000,70500,110250,60300,73890,13.672219863277602,0
EDBL.US,D,20221108,000000,69675,73155,61500,71400,2.0602533127308003,0
EDBL.US,D,20221109,000000,69255,69255,60060,60060,1.0879666557870002,0
EDBL.US,D,20221110,000000,58860,71385,49680,64095,2.441499975585,0
EDBL.US,D,20221111,000000,63000,67500,56835,60000,1.0797866558688,0
EDBL.US,D,20221114,000000,58500,62865,52500,53400,1.2409933209234,0
EDBL.US,D,20221115,000000,54165,61395,51210,55530,0.4543533287898,0
EDBL.US,D,20221116,000000,58305,58305,49545,52905,1.6885066497816,0
EDBL.US,D,20221117,000000,58080,58080,48750,52350,1.6026333173070002,0
EDBL.US,D,20221118,000000,51750,52005,46500,46860,1.2434666542320003,0
EDBL.US,D,20221121,000000,45420,52635,45150,48000,0.6008666606580001,0
EDBL.US,D,20221122,000000,46500,51240,45000,48150,0.5786133275472001,0
EDBL.US,D,20221123,000000,45000,51750,40800,46065,0.8361799916382001,0
EDBL.US,D,20221125,000000,48360,51750,42150.2,45855,0.33135999668640004,0
EDBL.US,D,20221128,000000,43365,50985,42075,46350,0.7000266596664,0
EDBL.US,D,20221129,000000,48000,48000,43500,46469.7,0.7557399924426002,0
EDBL.US,D,20221130,000000,45750,67500,42645,55155,12.2742998772572,0
EDBL.US,D,20221201,000000,52545,56400,45000,50820,2.6449866402168,0
EDBL.US,D,20221202,000000,46530,55455,46530,46650,1.2701799872982003,0
EDBL.US,D,20221205,000000,49110,50955,46530,47235,0.7076266595904,0
EDBL.US,D,20221206,000000,50955,55500,45000,47100,1.2175066544916002,0
EDBL.US,D,20221207,000000,45255,47100,40635,43500,1.0894933224384,0
EDBL.US,D,20221208,000000,41475,43500,41235,43470,0.36658666300080006,0
EDBL.US,D,20221209,000000,43500,43500,37725,40380,1.075699989243,0
EDBL.US,D,20221212,000000,40200,99000,39300.2,64350,57.43285942567201,0
EDBL.US,D,20221213,000000,51000,56880,45090,56235,5.7409399425908,0
EDBL.US,D,20221214,000000,60450,60450,47745,50625,1.7689533156438,0
EDBL.US,D,20221215,000000,56250,56700,36060,39750,2.7241266394254,0
EDBL.US,D,20221216,000000,33300,39000,30180,33885,3.5967732973656,0
EDBL.US,D,20221219,000000,33900,37410,28680,33675,1.8195199818048,0
EDBL.US,D,20221220,000000,32670,33735,30750,30840,1.019266656474,0
EDBL.US,D,20221221,000000,33630,35310,30165,31815,1.3635266530314,0
EDBL.US,D,20221222,000000,33750,36000,30000,34500,1.9182599808174001,0
EDBL.US,D,20221223,000000,36315,36315,32250,34035,0.5311399946886001,0
EDBL.US,D,20221227,000000,34500,39300,34035,37485,3.0581066360856,0
EDBL.US,D,20221228,000000,37200,39884.7,33000,34155,1.0088866565778,0
EDBL.US,D,20221229,000000,34200,39000,32760,34470,1.0791599892084,0
EDBL.US,D,20221230,000000,30000,33000,29985,31500,1.6001533173318003,0
EDBL.US,D,20230103,000000,32880,37500,30750,36015,4.6552799534472,0
EDBL.US,D,20230104,000000,34935,49500,31500,36885,25.361539746384004,0
EDBL.US,D,20230105,000000,41460,41460,33750,34845,15.091006515756403,0
EDBL.US,D,20230106,000000,33450,36000,31185,34845,2.7074066395926004,0
EDBL.US,D,20230109,000000,33930,36660,33000,35265,1.036499989635,0
EDBL.US,D,20230110,000000,34500,38879.8,34200,37515.2,2.6344733069886,0
EDBL.US,D,20230111,000000,37500,39810,36000,37110,3.1243599687564005,0
EDBL.US,D,20230112,000000,40350,40500,37110,38505,2.053366646133,0
EDBL.US,D,20230113,000000,40200,42000,37500,38715,1.384299986157,0
EDBL.US,D,20230117,000000,39525,39750,36825,38145,1.5940333173930004,0
EDBL.US,D,20230118,000000,40950,40950,36975,37785,1.0922066557446002,0
EDBL.US,D,20230119,000000,39000,51750,38805,46500,13.3742265329244,0
EDBL.US,D,20230120,000000,45000,55515,41850,52425,4.953513283798401,0
EDBL.US,D,20230123,000000,55515,74700,50985,53265,23.712526429542,0
EDBL.US,D,20230124,000000,61905,64500,49541.5,54750,7.574166590925199,0
EDBL.US,D,20230125,000000,55575,58410,45015.2,52500,10.844833224885202,0
EDBL.US,D,20230126,000000,52000,84900,42900,46000,295.87800000000004,0
EDBL.US,D,20230127,000000,48000,50400,38049.5,39950,26.744200000000003,0
EDBL.US,D,20230130,000000,38650,47200,36000,40200,42.4134,0
EDBL.US,D,20230131,000000,40750,74900,40000,54000,192.20900000000003,0
EDBL.US,D,20230201,000000,65750,77750,50050,58500,157.18640000000002,0
EDBL.US,D,20230202,000000,53000,53000,40682.5,41750,69.8424,0
EDBL.US,D,20230203,000000,23500,24900,22600,23750,498.5958,0
EDBL.US,D,20230206,000000,25250,25250,23350,23900,131.399,0
EDBL.US,D,20230207,000000,25000,25000,22700,24000,103.84960000000001,0
EDBL.US,D,20230208,000000,23250,23625,21250,21400,139.335,0
EDBL.US,D,20230209,000000,21900,24350,20500,21150,292.5864000000001,0
EDBL.US,D,20230210,000000,24100,25700,21000,22350,698.489,0
EDBL.US,D,20230213,000000,20750,21799.5,20500,20600,127.30239999999999,0
EDBL.US,D,20230214,000000,20500,20750,18850,19200,74.558,0
EDBL.US,D,20230215,000000,19000,20700,19000,20300,40.845600000000005,0
EDBL.US,D,20230216,000000,19750,20150,18750,19750,36.6676,0
EDBL.US,D,20230217,000000,19200,19500,17950,18350,23.4322,0
EDBL.US,D,20230221,000000,18000,18150,15750,16300,37.3686,0
EDBL.US,D,20230222,000000,16350,16452,14497.5,14750,41.9566,0
EDBL.US,D,20230223,000000,14900,18250,14600,17550,88.27940000000001,0
EDBL.US,D,20230224,000000,17300,18900,15350,15850,76.80340000000001,0
EDBL.US,D,20230227,000000,16000,16500,15600,16000,11.394600000000002,0
EDBL.US,D,20230228,000000,15950,17130,15700,16950,24.197200000000002,0
EDBL.US,D,20230301,000000,16500,17400,13200,13750,83.51620000000001,0
EDBL.US,D,20230302,000000,13700,14250,13150,13500,54.1982,0
EDBL.US,D,20230303,000000,13500,13849.5,13000,13450,14.250800000000002,0
EDBL.US,D,20230306,000000,14250,14599.5,13750,14050,25.1048,0
EDBL.US,D,20230307,000000,14450,15400,14000,15100,29.844,0
EDBL.US,D,20230308,000000,16050,23700,16050,17500,4722.852400000001,0
EDBL.US,D,20230309,000000,15350,15999.5,14600,15400,139.9768,0
EDBL.US,D,20230310,000000,15000,17299.5,14750,16050,122.27080000000001,0
EDBL.US,D,20230313,000000,15800,16500,15100,16350,25.661400000000004,0
EDBL.US,D,20230314,000000,16550,17150,15601,16300,41.457600000000006,0
EDBL.US,D,20230315,000000,15550,17199.5,15505,16900,36.37980000000001,0
EDBL.US,D,20230316,000000,16450,17750,16400,16800,47.8696,0
EDBL.US,D,20230317,000000,16750,17700,16150,16150,55.503800000000005,0
EDBL.US,D,20230320,000000,16250,18750,16250,18450,159.94979999999998,0
EDBL.US,D,20230321,000000,20600,21300,18100,20450,259.0774,0
EDBL.US,D,20230322,000000,14900,15650,12800.5,13950,264.6772,0
EDBL.US,D,20230323,000000,13750,13800,11300,11550,104.08520000000001,0
EDBL.US,D,20230324,000000,11500,11799.5,10650,11050,61.796400000000006,0
EDBL.US,D,20230327,000000,11100,12100,10750,11600,34.522800000000004,0
EDBL.US,D,20230328,000000,11400,11900,10850,11300,46.4014,0
EDBL.US,D,20230329,000000,11150,11950,9800,11000,49.4422,0
EDBL.US,D,20230330,000000,10950,11150,10650.5,11100,24.511000000000003,0
EDBL.US,D,20230331,000000,10900,11500,10750,11500,13.053,0
EDBL.US,D,20230403,000000,11500,11800,11050,11350,11.2014,0
EDBL.US,D,20230404,000000,11250,11250,10600,10750,22.604400000000002,0
EDBL.US,D,20230405,000000,10550,10800,9600,9900,34.7342,0
EDBL.US,D,20230406,000000,9900,10200,9750,10050,10.407000000000002,0
EDBL.US,D,20230410,000000,9400,10450,8750,9550,101.2942,0
EDBL.US,D,20230411,000000,9050,9350,8750,9050,34.630199999999995,0
EDBL.US,D,20230412,000000,9150,9400,8900,9350,13.6688,0
EDBL.US,D,20230413,000000,9350,9350,8550,8550,23.702,0
EDBL.US,D,20230414,000000,8550,8599,7700,8050,38.087,0
EDBL.US,D,20230417,000000,8000,9600,7850,8650,65.90500000000002,0
EDBL.US,D,20230418,000000,8700,9950,8650,9300,96.44900000000001,0
EDBL.US,D,20230419,000000,9300,12250,8750,10500,457.75860000000006,0
EDBL.US,D,20230420,000000,10500,10650,9000,9600,99.41380000000001,0
EDBL.US,D,20230421,000000,9100,9600,8850,9300,27.070999999999998,0
EDBL.US,D,20230424,000000,9300,9500,8950,9450,9.104600000000001,0
EDBL.US,D,20230425,000000,9450,9500,9050,9200,9.1374,0
EDBL.US,D,20230426,000000,9000,9400,8850,8900,14.030200000000002,0
EDBL.US,D,20230427,000000,8900,8975,8450,8550,8.303600000000001,0
EDBL.US,D,20230428,000000,8200,9450,8200,8900,11.133600000000001,0
EDBL.US,D,20230501,000000,8950,9149.5,8400.5,8700,12.672200000000002,0
EDBL.US,D,20230502,000000,9050,9600,8550,9000,25.165000000000003,0
EDBL.US,D,20230503,000000,8700,9000,7500,8250,49.803200000000004,0
EDBL.US,D,20230504,000000,8550,9048,8350,8950.5,116.1316,0
EDBL.US,D,20230505,000000,8950,9200,8000,8850,171.4336,0
EDBL.US,D,20230508,000000,8250,10000,8250,9000,68.336,0
EDBL.US,D,20230509,000000,8551,9350.5,8350,9300,44.537400000000005,0
EDBL.US,D,20230510,000000,9225,9225,8250,8400,13.699600000000002,0
EDBL.US,D,20230511,000000,8650,10400,8400,9100,82.34100000000001,0
EDBL.US,D,20230512,000000,9000,9000,8350,8450,23.759400000000003,0
EDBL.US,D,20230515,000000,8550,8550,7800,8350,14.388200000000001,0
EDBL.US,D,20230516,000000,8150,8250,7800,8200,8.5144,0
EDBL.US,D,20230517,000000,8400,9050,8107,8500,19.878200000000003,0
EDBL.US,D,20230518,000000,8600,8600,8150.5,8250,6.6739999999999995,0
EDBL.US,D,20230519,000000,8500,8500,8000,8200,5.166,0
EDBL.US,D,20230522,000000,8150,8399.5,7960,8300,7.8768,0
EDBL.US,D,20230523,000000,8100,8349.5,8050,8050,5.780000000000001,0
EDBL.US,D,20230524,000000,8100,8299.5,7800,7850,6.491,0
EDBL.US,D,20230525,000000,8050,8050,7350,7350,11.9868,0
EDBL.US,D,20230526,000000,7425,7750,7300,7350,3.6056,0
EDBL.US,D,20230530,000000,7350,7950,7350,7600,3.0262000000000002,0
EDBL.US,D,20230531,000000,7700,7750,7450,7604,1.7626000000000002,0
EDBL.US,D,20230601,000000,7500,7900,7350,7750,7.272600000000001,0
EDBL.US,D,20230602,000000,7600,7650.5,7350,7650,3.7350000000000003,0
EDBL.US,D,20230605,000000,7899.5,7899.5,7600,7800,1.7702000000000002,0
EDBL.US,D,20230606,000000,7800,7800,7650,7750,2.156,0
EDBL.US,D,20230607,000000,7600,7800,7500,7700,3.9558,0
EDBL.US,D,20230608,000000,7718,7850,7500,7700,2.886,0
EDBL.US,D,20230609,000000,7625,7800,7450,7450,3.1576000000000004,0
EDBL.US,D,20230612,000000,7550,7800,7500,7550,2.3232,0
EDBL.US,D,20230613,000000,7500,7750,7349,7500,8.7598,0
EDBL.US,D,20230614,000000,7500,8000,7300,7450,15.2352,0
EDBL.US,D,20230615,000000,7550,7750,7050,7250,6.797000000000001,0
EDBL.US,D,20230616,000000,7150,7387.5,6900,6900,6.6692,0
EDBL.US,D,20230620,000000,6800,7050,5750,6600,16.3678,0
EDBL.US,D,20230621,000000,6350,6700,5900,6400,9.873200000000002,0
EDBL.US,D,20230622,000000,6250,6950,6250,6700,5.8558,0
EDBL.US,D,20230623,000000,6450,7250,6450,6750,4.937000000000001,0
EDBL.US,D,20230626,000000,6900,7050,6300,6750,6.0520000000000005,0
EDBL.US,D,20230627,000000,6450,6800,6450,6450,2.7986000000000004,0
EDBL.US,D,20230628,000000,6400,6750,6005,6400,6.1724,0
EDBL.US,D,20230629,000000,6449.5,6450,6050,6250,6.952200000000001,0
EDBL.US,D,20230630,000000,6450,6450,6000,6350,8.494600000000002,0
EDBL.US,D,20230703,000000,6323,6500,6100,6200,3.6734000000000004,0
EDBL.US,D,20230705,000000,6250,6475,6250,6250,4.388800000000001,0
EDBL.US,D,20230706,000000,6157.5,6300,5800,6050,4.2388,0
EDBL.US,D,20230707,000000,6111,6350,6100,6300,2.7378000000000005,0
EDBL.US,D,20230710,000000,6150,6350.5,6000,6150,6.2330000000000005,0
EDBL.US,D,20230711,000000,6350,6350,6000,6250,6.093800000000001,0
EDBL.US,D,20230712,000000,6000,6350,5950,6350,7.3751999999999995,0
EDBL.US,D,20230713,000000,6333.5,7150,6194,6450,22.547400000000003,0
EDBL.US,D,20230714,000000,6450,6550,6340,6340,7.654800000000001,0
EDBL.US,D,20230717,000000,6200,6350,6100.5,6154,2.2382,0
EDBL.US,D,20230718,000000,6050,6210,6050,6150,1.9738,0
EDBL.US,D,20230719,000000,6250,6835,6200,6453.5,151.168,0
EDBL.US,D,20230720,000000,7150,7850,5850,6150,352.36120000000005,0
EDBL.US,D,20230721,000000,6150,6500,5750,6350,33.199000000000005,0
EDBL.US,D,20230724,000000,6325,7000,6050,6650,19.766000000000002,0
EDBL.US,D,20230725,000000,6700,6700,6300,6435,3.5316000000000005,0
EDBL.US,D,20230726,000000,6350,6850,5900,6517,75.8772,0
EDBL.US,D,20230727,000000,6500,6600,6059,6150,14.159799999999999,0
EDBL.US,D,20230728,000000,6150,6250,6050,6225,5.922000000000001,0
EDBL.US,D,20230731,000000,6050,6450,6050,6440,2.9490000000000003,0
EDBL.US,D,20230801,000000,6550,6550,5900,6250,8.5206,0
EDBL.US,D,20230802,000000,6250,6350,6000,6100,2.6496,0
EDBL.US,D,20230803,000000,6050,6350,6000,6350,1.9642,0
EDBL.US,D,20230804,000000,6170,6250,6000,6000,2.6226000000000003,0
EDBL.US,D,20230807,000000,5900,6750,5850,5950,42.78640000000001,0
EDBL.US,D,20230808,000000,5978.5,6150,5900,5950,3.5748000000000006,0
EDBL.US,D,20230809,000000,6100,6100,5900,6025,3.1336,0
EDBL.US,D,20230810,000000,8850,11850,7250,7700,14712.500800000002,0
EDBL.US,D,20230811,000000,7500,7575,6750,7100,372.34340000000003,0
EDBL.US,D,20230814,000000,6700,6850,6300,6450,132.0568,0
EDBL.US,D,20230815,000000,6750,7950,6200,7400,332.509,0
EDBL.US,D,20230816,000000,7000,7350,6550,6700.5,80.1286,0
EDBL.US,D,20230817,000000,6800,6800,6300,6425,31.420800000000003,0
EDBL.US,D,20230818,000000,6350,6450,6100,6300,34.843,0
EDBL.US,D,20230821,000000,6200,6500,6100,6300,52.2976,0
EDBL.US,D,20230822,000000,6400,7700,6300,7600,73.91380000000001,0
EDBL.US,D,20230823,000000,7600,7600,6750.5,6850,21.721000000000004,0
EDBL.US,D,20230824,000000,6950,6950,6450,6450,18.803400000000003,0
EDBL.US,D,20230825,000000,6750,6750,5825,5900,41.72200000000001,0
EDBL.US,D,20230828,000000,5900,6350,5900,6150,24.7798,0
EDBL.US,D,20230829,000000,6300,6797.5,6150,6550,56.08780000000001,0
EDBL.US,D,20230830,000000,7150,7300,6800,6950,114.0274,0
EDBL.US,D,20230831,000000,7300,7500,6300.5,6450,81.9402,0
EDBL.US,D,20230901,000000,8100,22399.5,7400,9950,14658.476999999999,0
EDBL.US,D,20230905,000000,9550,9550,7900,8100,470.84440000000006,0
EDBL.US,D,20230906,000000,7950,8000,6500,6500,276.1148,0
EDBL.US,D,20230907,000000,6150,6150,3838,4450,912.3454,0
EDBL.US,D,20230908,000000,4650,4692.5,3950,4350,171.847,0
EDBL.US,D,20230911,000000,4599.5,4625,4166.5,4200.5,57.40560000000001,0
EDBL.US,D,20230912,000000,4400,4400,4000,4099,61.611000000000004,0
EDBL.US,D,20230913,000000,4106.5,4165,4025,4025,46.1576,0
EDBL.US,D,20230914,000000,4219.5,4300,3817.5,3870.5,212.2008,0
EDBL.US,D,20230915,000000,4000,4139.5,3925,4119,105.50560000000002,0
EDBL.US,D,20230918,000000,4163.5,4525,4000,4175,99.27180000000001,0
EDBL.US,D,20230919,000000,4168.5,4200,3940,4035,51.62080000000001,0
EDBL.US,D,20230920,000000,4050,4294.5,4035,4150,44.501200000000004,0
EDBL.US,D,20230921,000000,4085,4116,3810,3886.5,68.9706,0
EDBL.US,D,20230922,000000,3900,4010,3771,3836,21.578400000000002,0
EDBL.US,D,20230925,000000,3960,4000,3501,3960,70.60060000000001,0
EDBL.US,D,20230926,000000,4000,4095,3802.5,4000,30.372200000000007,0
EDBL.US,D,20230927,000000,4150,4499,4003,4400,157.4968,0
EDBL.US,D,20230928,000000,4139.5,4319,3900,4004,103.428,0
EDBL.US,D,20230929,000000,4050,4050,3634,3719,43.021800000000006,0
EDBL.US,D,20231002,000000,3799.5,3799.5,3515,3542.5,43.248400000000004,0
EDBL.US,D,20231003,000000,3535,3624.5,3280.5,3300,70.1306,0
EDBL.US,D,20231004,000000,3300,3382,3147,3195,27.360200000000006,0
EDBL.US,D,20231005,000000,3150,3199.5,3067.5,3150,22.7616,0
EDBL.US,D,20231006,000000,3075,3172,3050,3133,19.266800000000003,0
EDBL.US,D,20231009,000000,3050,3075.1,2830,2830,35.4116,0
EDBL.US,D,20231010,000000,2912,2949.5,2834,2877,22.833200000000005,0
EDBL.US,D,20231011,000000,2924.5,2974.5,2838,2854.5,13.479400000000002,0
EDBL.US,D,20231012,000000,2850,2874.5,2750.5,2800.5,18.2308,0
EDBL.US,D,20231013,000000,2750,3047,2747,2960.5,33.0334,0
EDBL.US,D,20231016,000000,2930,3253,2930,3197.5,30.685400000000005,0
EDBL.US,D,20231017,000000,3197.5,3249.5,3069,3138,24.2808,0
EDBL.US,D,20231018,000000,3162,3177,2885,2975.5,15.061000000000002,0
EDBL.US,D,20231019,000000,2999,3045,2863.5,2895,20.923000000000002,0
EDBL.US,D,20231020,000000,2948,2992.5,2751,2755,31.785600000000002,0
EDBL.US,D,20231023,000000,2850,2890,2738,2787,12.8748,0
EDBL.US,D,20231024,000000,2725,2812,2673,2724.5,12.418000000000001,0
EDBL.US,D,20231025,000000,2737,2739.5,2600,2634,16.535800000000002,0
EDBL.US,D,20231026,000000,2580,2650,2580,2612.5,6.528600000000001,0
EDBL.US,D,20231027,000000,2550,2699.5,2527.5,2536.5,15.172600000000001,0
EDBL.US,D,20231030,000000,2500,2586.95,2450,2518,13.957400000000002,0
EDBL.US,D,20231031,000000,2486,2950,2450.5,2799.5,57.00680000000001,0
EDBL.US,D,20231101,000000,2715.5,2806.5,2575,2799.5,22.923000000000002,0
EDBL.US,D,20231102,000000,2799.5,2897,2763.5,2833.5,14.396799999999999,0
EDBL.US,D,20231103,000000,2833.5,3099.5,2750.5,3064.75,36.1916,0
EDBL.US,D,20231106,000000,3195,3195,2950.5,3095,10.7354,0
EDBL.US,D,20231107,000000,2900,3092.5,2900,3034.5,10.350200000000001,0
EDBL.US,D,20231108,000000,2999.5,3300,2900.5,3300,21.3416,0
EDBL.US,D,20231109,000000,3300,3300,3009,3265,11.1324,0
EDBL.US,D,20231110,000000,3150,3350,3150,3155,8.301,0
EDBL.US,D,20231113,000000,2875,2959.5,2515,2645,57.81940000000001,0
EDBL.US,D,20231114,000000,2605,2675,2500,2533,21.721200000000003,0
EDBL.US,D,20231115,000000,2550,2593.5,2325,2380,28.847200000000004,0
EDBL.US,D,20231116,000000,2371.5,2474.99,1908,2035.5,44.14660000000001,0
EDBL.US,D,20231117,000000,2250,2345,2093,2235,76.09660000000001,0
EDBL.US,D,20231120,000000,2400,2465,2269,2269.5,20.4978,0
EDBL.US,D,20231121,000000,2300,2300,2087.75,2162,16.143200000000004,0
EDBL.US,D,20231122,000000,2191,2350,2167,2225.5,14.848400000000002,0
EDBL.US,D,20231124,000000,2252.5,2300,2159,2245,7.3718,0
EDBL.US,D,20231127,000000,2245,2289.5,2150,2155,8.2354,0
EDBL.US,D,20231128,000000,2400,2660,2400,2550,101.031,0
EDBL.US,D,20231129,000000,2550,2580.5,2445.5,2548,12.811600000000002,0
EDBL.US,D,20231130,000000,2450.5,2500,2327.5,2484.5,20.5786,0
EDBL.US,D,20231201,000000,2417.5,2700,2401.5,2600,12.1558,0
EDBL.US,D,20231204,000000,2586,2800,2510.5,2631.5,10.0418,0
EDBL.US,D,20231205,000000,2572.5,2700,2572.5,2650.5,5.2972,0
EDBL.US,D,20231206,000000,2700,2706.5,2450.5,2645,10.708400000000001,0
EDBL.US,D,20231207,000000,2584.5,2648,2550,2550,7.584600000000001,0
EDBL.US,D,20231208,000000,2550,2599,2475,2475.5,4.093,0
EDBL.US,D,20231211,000000,2476,2550,2475,2500,5.74,0
EDBL.US,D,20231212,000000,2500,2511,2475,2500,8.364,0
EDBL.US,D,20231213,000000,2756.5,2756.5,2487.5,2705,21.288400000000003,0
EDBL.US,D,20231214,000000,2705,3100,2605,3050,23.661400000000004,0
EDBL.US,D,20231215,000000,3100,3250,2950,2969,15.0884,0
EDBL.US,D,20231218,000000,3199.5,3199.5,2850,2855,9.3412,0
EDBL.US,D,20231219,000000,3000,3000,2800,2800,6.933,0
EDBL.US,D,20231220,000000,2913.5,2957,2700,2795,11.385200000000001,0
EDBL.US,D,20231221,000000,2750,2810,2655,2755.5,9.6984,0
EDBL.US,D,20231222,000000,2753.5,2781.75,2525,2555,9.609200000000001,0
EDBL.US,D,20231226,000000,2605,2691,2402,2501.5,10.999400000000001,0
EDBL.US,D,20231227,000000,2478,2612.5,2350,2551.5,22.106,0
EDBL.US,D,20231228,000000,2700,2700,2475.5,2625,6.364800000000001,0
EDBL.US,D,20231229,000000,2550,2600,2355.5,2517,21.664200000000005,0
EDBL.US,D,20240102,000000,2515,2515,2441,2441.5,6.154600000000001,0
EDBL.US,D,20240103,000000,2450,2500,2400,2475,9.887,0
EDBL.US,D,20240104,000000,2405,2500,2375.5,2485,3.3684000000000007,0
EDBL.US,D,20240105,000000,2462.51,2671,2425.5,2425.5,8.242,0
EDBL.US,D,20240108,000000,2430,2496.5,2352.5,2383,5.36,0
EDBL.US,D,20240109,000000,2437,2474.5,2400,2473.5,1.9014000000000004,0
EDBL.US,D,20240110,000000,2550,2600,2425,2425,16.0026,0
EDBL.US,D,20240111,000000,2600,2699,2355,2575,336.36,0
EDBL.US,D,20240112,000000,2588,2763.5,2425.5,2645,20.6066,0
EDBL.US,D,20240116,000000,2464,2650,2463.5,2514,19.996000000000002,0
EDBL.US,D,20240117,000000,2600,2600,2450,2595,6.829600000000001,0
EDBL.US,D,20240118,000000,2450,2509.5,2370,2450,13.472800000000001,0
EDBL.US,D,20240119,000000,2500,2500,2356.5,2430,4.824000000000001,0
EDBL.US,D,20240122,000000,2500,2520.5,2380,2455,4.831800000000001,0
EDBL.US,D,20240123,000000,2500,2600,2437.5,2437.5,10.0128,0
EDBL.US,D,20240124,000000,2450,2599.5,2437.5,2499.5,6.3354,0
EDBL.US,D,20240125,000000,2437.5,2545,2437.5,2437.5,3.7434000000000007,0
EDBL.US,D,20240126,000000,2500,2548.5,2400,2454,6.9268,0
EDBL.US,D,20240129,000000,2455,2456.05,2401,2431,7.579000000000001,0
EDBL.US,D,20240130,000000,2439,2450.5,2415,2442,2.1586,0
EDBL.US,D,20240131,000000,2445,2700,2325,2425,51.7934,0
EDBL.US,D,20240201,000000,2440,2450,2377.5,2419,2.5648000000000004,0
EDBL.US,D,20240202,000000,2400,2400,2300,2310,12.883400000000002,0
EDBL.US,D,20240205,000000,2420,2420,2250,2250.5,3.0066,0
EDBL.US,D,20240206,000000,2400,2400,2250,2250,5.280600000000001,0
EDBL.US,D,20240207,000000,2250,2350,2200,2250.5,6.1066,0
EDBL.US,D,20240208,000000,2250,2395,2250,2300,6.516800000000001,0
EDBL.US,D,20240209,000000,2325,2400,2255,2400,7.4214,0
EDBL.US,D,20240212,000000,2400,2740,2350,2355,187.4096,0
EDBL.US,D,20240213,000000,2400,2400,2261.5,2300,14.503200000000001,0
EDBL.US,D,20240214,000000,2315,2400,2147.5,2207.5,16.783200000000004,0
EDBL.US,D,20240215,000000,2210,2275,2200,2262.5,7.6861999999999995,0
EDBL.US,D,20240216,000000,2340,2340,2200,2237,7.135600000000001,0
EDBL.US,D,20240220,000000,2200,2212,2100,2100,6.41,0
EDBL.US,D,20240221,000000,2300,2300,2110,2153,7.180600000000002,0
EDBL.US,D,20240222,000000,2155,2398,2050,2128,70.3462,0
EDBL.US,D,20240223,000000,2120,2244,2005,2100,13.232800000000001,0
EDBL.US,D,20240226,000000,2173,2295,2049.5,2140,16.391000000000002,0
EDBL.US,D,20240227,000000,2142.5,2202,2066,2169,14.439600000000002,0
EDBL.US,D,20240228,000000,2085.5,2250,2050,2115.5,9.1376,0
EDBL.US,D,20240229,000000,2100,2229.2,2100,2135,5.289000000000001,0
EDBL.US,D,20240301,000000,2200,2200,2100,2140,4.808,0
EDBL.US,D,20240304,000000,2150,2170,2000,2000,17.514599999999998,0
EDBL.US,D,20240305,000000,2050,2050,1965.5,1983.5,14.188200000000002,0
EDBL.US,D,20240306,000000,2017.5,2064,1983.5,2000,12.891200000000001,0
EDBL.US,D,20240307,000000,2050,2100,1900,1950,21.2968,0
EDBL.US,D,20240308,000000,2099,2200,1805,1875,36.9924,0
EDBL.US,D,20240311,000000,1995,1995,1810,1925,16.4868,0
EDBL.US,D,20240312,000000,1965,1965,1700,1700,14.417200000000001,0
EDBL.US,D,20240313,000000,1730.5,1955.5,1716,1750.5,24.5792,0
EDBL.US,D,20240314,000000,1795,2009.5,1755.5,1840.5,11.165600000000001,0
EDBL.US,D,20240315,000000,1755,1823.5,1650,1685,26.4462,0
EDBL.US,D,20240318,000000,1700,1750,1600,1600,19.1062,0
EDBL.US,D,20240319,000000,1532,1699.5,1415,1510,45.677,0
EDBL.US,D,20240320,000000,1504,1659,1450,1577.5,26.613400000000002,0
EDBL.US,D,20240321,000000,1576.5,1724.5,1456.5,1480,38.7732,0
EDBL.US,D,20240322,000000,1450,1610,1350,1435,60.3742,0
EDBL.US,D,20240325,000000,1485,1552,1435.5,1494.5,31.0366,0
EDBL.US,D,20240326,000000,1550,1550,1450.5,1501.5,9.4728,0
EDBL.US,D,20240327,000000,1574.5,1600,1500.5,1595,17.154,0
EDBL.US,D,20240328,000000,1580,1699.95,1550.5,1600,31.964,0
EDBL.US,D,20240401,000000,1700,1900,1682,1746.5,92.9454,0
EDBL.US,D,20240402,000000,1750,1750,1601.5,1610,54.18380000000001,0
EDBL.US,D,20240403,000000,1600,2400,1600,1859.5,916.2962,0
EDBL.US,D,20240404,000000,1930,2399.5,1750,2100,541.0624000000001,0
EDBL.US,D,20240405,000000,2050,2997.5,1825,1925,1905.1560000000002,0
EDBL.US,D,20240408,000000,1795,1972.5,1567.5,1670,687.3040000000001,0
EDBL.US,D,20240409,000000,1700,1903.75,1577.52,1600,921.076,0
EDBL.US,D,20240410,000000,1600,1742.5,1580,1591.25,451.74800000000005,0
EDBL.US,D,20240411,000000,1502.5,1575,1400,1525,718.908,0
EDBL.US,D,20240412,000000,1552.5,1575,1395,1427.5,220.04000000000002,0
EDBL.US,D,20240415,000000,1420,1597.5,1080,1312.5,3467.804,0
EDBL.US,D,20240416,000000,1240,1470,1102.5,1137.5,1102.076,0
EDBL.US,D,20240417,000000,1505,3117.5,1347.5,1665,51604.736000000004,0
EDBL.US,D,20240418,000000,1555,1590.08,1090,1145,2792.6760000000004,0
EDBL.US,D,20240419,000000,1122.5,1122.5,925,942.5,1440.536,0
EDBL.US,D,20240422,000000,1005,1942.5,905,1565,64165.25600000001,0
EDBL.US,D,20240423,000000,1617.5,1875,1537.75,1647.5,7912.700000000001,0
EDBL.US,D,20240424,000000,1575,1670,1362.5,1575,1152.4440000000002,0
EDBL.US,D,20240425,000000,1530,1585,1392.5,1555,660.928,0
EDBL.US,D,20240426,000000,1485,1595,1260,1372.5,951.5960000000001,0
EDBL.US,D,20240429,000000,1265,1335,1202.8,1305,507.04800000000006,0
EDBL.US,D,20240430,000000,1252.5,1452.5,1225,1367.5,609.316,0
EDBL.US,D,20240501,000000,1362.5,1405,1225,1225,487.20000000000005,0
EDBL.US,D,20240502,000000,1210,1325,1210,1227.5,314.78000000000003,0
EDBL.US,D,20240503,000000,1225,1322.48,1182.5,1210,375.9680000000001,0
EDBL.US,D,20240506,000000,1205,1270,1122.5,1202.5,474.84800000000007,0
EDBL.US,D,20240507,000000,1250,1307.5,1200,1227.5,558.924,0
EDBL.US,D,20240508,000000,1227.5,1257.5,1127.75,1175,272.932,0
EDBL.US,D,20240509,000000,1120,1177.48,1077.5,1080,387.624,0
EDBL.US,D,20240510,000000,1097.5,1097.5,937.5,987.5,510.6600000000001,0
EDBL.US,D,20240513,000000,987.5,987.5,925,945,269.18,0
EDBL.US,D,20240514,000000,937.5,1122.5,902.5,1067.5,544.124,0
EDBL.US,D,20240515,000000,1982.5,2300,1202.5,1235,74407.084,0
EDBL.US,D,20240516,000000,1200,1390,1130,1187.5,2851.0200000000004,0
EDBL.US,D,20240517,000000,1037.5,1082.5,870,870,2347.896,0
EDBL.US,D,20240520,000000,915,1080,842.5,950,5320.224,0
EDBL.US,D,20240521,000000,1425,1465,1025,1082.5,23733.188000000002,0
EDBL.US,D,20240522,000000,467.5,597.5,455,575,22540.84,0
EDBL.US,D,20240523,000000,550,625,500,570,4342.304,0
EDBL.US,D,20240524,000000,545,560,530,545,1039.236,0
EDBL.US,D,20240528,000000,535,545,435,442.5,3389.092,0
EDBL.US,D,20240529,000000,437.5,452.325,420,442.5,735.904,0
EDBL.US,D,20240530,000000,440,442.5,415,425,999.6040000000002,0
EDBL.US,D,20240531,000000,430,436.775,407.5,415,769.504,0
EDBL.US,D,20240603,000000,425,437.5,407.5,415,549.72,0
EDBL.US,D,20240604,000000,407.5,425,400,417.5,788.8760000000001,0
EDBL.US,D,20240605,000000,422.5,487.5,420,435,1836.2560000000003,0
EDBL.US,D,20240606,000000,462.5,551.4,440,512.5,5848.5,0
EDBL.US,D,20240607,000000,505,505,407.5,440,2205.492,0
EDBL.US,D,20240610,000000,442.5,448.75,412.5,427.5,696.308,0
EDBL.US,D,20240611,000000,400,440,400,427.5,389.548,0
EDBL.US,D,20240612,000000,427.5,442.5,392.5,412.5,1041.008,0
EDBL.US,D,20240613,000000,412.5,435,380,397.5,494.42,0
EDBL.US,D,20240614,000000,415,450,375,395,3228.9680000000003,0
EDBL.US,D,20240617,000000,380,387.475,355,362.5,1454.256,0
EDBL.US,D,20240618,000000,372.5,372.5,340,350,715.1080000000001,0
EDBL.US,D,20240620,000000,352.5,403.5,342.5,377.5,1165,0
EDBL.US,D,20240621,000000,352.5,387.5,352.5,355,337.78400000000005,0
EDBL.US,D,20240624,000000,357.5,367.175,340.325,347.5,243.06799999999998,0
EDBL.US,D,20240625,000000,345,355,317.5,335,646.924,0
EDBL.US,D,20240626,000000,325,330,303,320,770.912,0
EDBL.US,D,20240627,000000,315,327.5,312.5,325,282.52400000000006,0
EDBL.US,D,20240628,000000,325,327.5,305,322.5,258.96,0
EDBL.US,D,20240701,000000,325,325,312.5,317.5,108.16400000000002,0
EDBL.US,D,20240702,000000,322.5,322.5,280,307.5,768.94,0
EDBL.US,D,20240703,000000,302.5,314.45,297.5,312.5,297.08000000000004,0
EDBL.US,D,20240705,000000,312.5,312.5,300,302.5,227.952,0
EDBL.US,D,20240708,000000,315,315,301.25,307.5,220.63200000000003,0
EDBL.US,D,20240709,000000,300,310,292.5,310,234.44400000000002,0
EDBL.US,D,20240710,000000,310,317.475,298.75,300,376.47200000000004,0
EDBL.US,D,20240711,000000,310.95,369.675,305,330,1351.7200000000003,0
EDBL.US,D,20240712,000000,330,352.65,327.5,335,321.68000000000006,0
EDBL.US,D,20240715,000000,327.5,332.3,315,325,235.92400000000004,0
EDBL.US,D,20240716,000000,330,362.5,330,345,531.292,0
EDBL.US,D,20240717,000000,345,355,337.5,342.5,150.46,0
EDBL.US,D,20240718,000000,340,375,340,345,553.572,0
EDBL.US,D,20240719,000000,340,360,330,345,282.7,0
EDBL.US,D,20240722,000000,343.75,350,335,337.5,210,0
EDBL.US,D,20240723,000000,330,352.5,327.5,330,145.024,0
EDBL.US,D,20240724,000000,325,350,315,340,810.1,0
EDBL.US,D,20240725,000000,350,350,330.25,335,241.268,0
EDBL.US,D,20240726,000000,340,342.5,325,332.5,154.31600000000003,0
EDBL.US,D,20240729,000000,345,345,312.525,330,162.82000000000002,0
EDBL.US,D,20240730,000000,330.025,330.5,317.5,325,98.736,0
EDBL.US,D,20240731,000000,323.75,357.5,317.5,335,748.748,0
EDBL.US,D,20240801,000000,327.5,337.5,325,330,214.26,0
EDBL.US,D,20240802,000000,317.475,317.475,290,300,2014.232,0
EDBL.US,D,20240805,000000,272.5,272.5,250,257.5,454.44000000000005,0
EDBL.US,D,20240806,000000,265,267.5,250,262.5,69.5,0
EDBL.US,D,20240807,000000,252.5,300,252.5,285,461.6,0
EDBL.US,D,20240808,000000,285,287.5,280,282.5,59.828,0
EDBL.US,D,20240809,000000,287.5,302.5,280,290,183.3,0
EDBL.US,D,20240812,000000,283.65,299.975,282.5,290,80.97200000000001,0
EDBL.US,D,20240813,000000,294.975,300,285,293.75,120.852,0
EDBL.US,D,20240814,000000,352.5,395,307.5,325,96384.19200000001,0
EDBL.US,D,20240815,000000,345,345,280,322.5,3511.888,0
EDBL.US,D,20240816,000000,310,312.5,285,285,817.2760000000001,0
EDBL.US,D,20240819,000000,282.5,310,282.5,302.5,793.5360000000001,0
EDBL.US,D,20240820,000000,295,302.5,290,290,350.612,0
EDBL.US,D,20240821,000000,280,297.5,277.5,287.5,438.032,0
EDBL.US,D,20240822,000000,290,297.5,280,285,372.15200000000004,0
EDBL.US,D,20240823,000000,277.5,322.475,277.5,297.5,794.328,0
EDBL.US,D,20240826,000000,297.5,305,292.5,295,116.256,0
EDBL.US,D,20240827,000000,295,307.475,285,287.5,224.156,0
EDBL.US,D,20240828,000000,287.5,296.75,285,287.525,207.74,0
EDBL.US,D,20240829,000000,282.5,292.5,280,285,89.10000000000001,0
EDBL.US,D,20240830,000000,285,296.65,275,285,287.288,0
EDBL.US,D,20240903,000000,285,285,265,267.75,186.12,0
EDBL.US,D,20240904,000000,270,272.475,252.5,255,249,0
EDBL.US,D,20240905,000000,260,265,255,260,146.22400000000002,0
EDBL.US,D,20240906,000000,260,260,217.287,225,754.032,0
EDBL.US,D,20240909,000000,220,223,200,222.875,208.24400000000003,0
EDBL.US,D,20240910,000000,225,230,213.9,226.975,88.548,0
EDBL.US,D,20240911,000000,225,245,215,240.125,106.22000000000001,0
EDBL.US,D,20240912,000000,237.5,245,232.525,237.5,69.352,0
EDBL.US,D,20240913,000000,238.65,252.5,230.5,252.5,60.903999999999996,0
EDBL.US,D,20240916,000000,252.5,257.5,238.65,247.5,69.24,0
EDBL.US,D,20240917,000000,247.5,250,236.15,250,62.572,0
EDBL.US,D,20240918,000000,232.5,237.5,227.5,232.5,169.404,0
EDBL.US,D,20240919,000000,232.5,248.7,227.5,236.975,161.22400000000002,0
EDBL.US,D,20240920,000000,245,247.5,213.05,213.05,288.028,0
EDBL.US,D,20240923,000000,215,221.049,200,203,217.62800000000004,0
EDBL.US,D,20240924,000000,207.05,207.5,167.512,169.275,1826.5040000000001,0
EDBL.US,D,20240925,000000,166.8,175,125,127.525,4118.636,0
EDBL.US,D,20240926,000000,135,136.044,115,116.3,1456.4440000000002,0
EDBL.US,D,20240927,000000,110.075,110.75,62.5,72.5,23150.028000000002,0
EDBL.US,D,20240930,000000,72.5,72.5,62.5,66.5,6052.296,0
EDBL.US,D,20241001,000000,66.5,66.5,57.5,59.05,4503.420000000001,0
EDBL.US,D,20241002,000000,57.75,59.0248,51.225,53.4,6120.56,0
EDBL.US,D,20241003,000000,54.325,56.05,50,50.6,4472.612,0
EDBL.US,D,20241004,000000,51.75,57.75,50.25,53.625,13164.264000000003,0
EDBL.US,D,20241007,000000,54.55,54.55,50,52.475,4621.9800000000005,0
EDBL.US,D,20241008,000000,53.2,53.2,48.15,51,4495.144,0
EDBL.US,D,20241009,000000,51,52.35,47.5,49.975,3253.648,0
EDBL.US,D,20241010,000000,53.75,53.75,49.375,51.4,3285.464,0
EDBL.US,D,20241011,000000,51.4,55,50.625,53.7,3400.2160000000003,0
EDBL.US,D,20241014,000000,53.7,57.1,51.25,52.75,6598.584,0
EDBL.US,D,20241015,000000,52.75,55,51.25,52.5,3439.132,0
EDBL.US,D,20241016,000000,52.5,56.1,51.5,53.25,7149.096000000001,0
EDBL.US,D,20241017,000000,52.625,54.725,51.325,53.25,2238.612,0
EDBL.US,D,20241018,000000,53.075,54.975,51.25,52,2402.94,0
EDBL.US,D,20241021,000000,52.5,60,50.825,54.25,15796.288,0
EDBL.US,D,20241022,000000,54.25,72,50.75,55.75,100458.48800000001,0
EDBL.US,D,20241023,000000,56.25,62.475,52.775,54.275,29201.268,0
EDBL.US,D,20241024,000000,52.525,56.3498,48.625,53.475,13567.724,0
EDBL.US,D,20241025,000000,68.625,79.7,53.75,53.75,557248.8960000001,0
EDBL.US,D,20241028,000000,53.6,53.75,41.95,47.75,47855.984000000004,0
EDBL.US,D,20241029,000000,40.175,41.875,35.25,36.925,39722.340000000004,0
EDBL.US,D,20241030,000000,35.825,40,35,35.775,15518.392000000002,0
EDBL.US,D,20241031,000000,34.725,36.15,32.575,35.925,7391.392,0
EDBL.US,D,20241101,000000,37.125,37.125,32.8,33.125,5701.420000000001,0
EDBL.US,D,20241104,000000,32.5,33.675,30.5,33.45,4570.556,0
EDBL.US,D,20241105,000000,32.5,38.75,32,37.05,10465.776000000002,0
EDBL.US,D,20241106,000000,35.95,41.05,34.625,37.125,18716.7,0
EDBL.US,D,20241107,000000,37.45,39.75,37.2625,39.325,8442.2,0
EDBL.US,D,20241108,000000,38.15,44.225,36.375,43.2,13105.908000000001,0
EDBL.US,D,20241111,000000,42.3,46.1,40.425,45.375,8023.68,0
EDBL.US,D,20241112,000000,45,47,42.75,43.35,6951.192,0
EDBL.US,D,20241113,000000,40.7,44.525,35.75,38.15,52350.468,0
EDBL.US,D,20241114,000000,39.5,39.5,35.725,37.975,8139.0560000000005,0
EDBL.US,D,20241115,000000,37.5,37.5,33.625,36.95,3699.76,0
EDBL.US,D,20241118,000000,37.65,37.65,33.65,34.875,2552.4840000000004,0
EDBL.US,D,20241119,000000,35.75,41.175,34.125,39.25,12679.312000000002,0
EDBL.US,D,20241120,000000,38.75,39.85,38,38.9,7434.3,0
EDBL.US,D,20241121,000000,38.5,41.0647,35.75,39.725,5749.16,0
EDBL.US,D,20241122,000000,38.525,41.375,38.275,40.1,3360.8680000000004,0
EDBL.US,D,20241125,000000,39.35,41.875,37.625,38.25,6357.0560000000005,0
EDBL.US,D,20241126,000000,37.5,41.225,37.5,39.3,4177.4400000000005,0
EDBL.US,D,20241127,000000,40.15,43.5,38.875,42.45,5841.392,0
EDBL.US,D,20241129,000000,45,45,40.875,41.65,1948.728,0
EDBL.US,D,20241202,000000,41.8,41.8,38.075,40.175,4057.1800000000003,0
EDBL.US,D,20241203,000000,38.975,43.6,38.275,41.725,4942.376,0
EDBL.US,D,20241204,000000,44.525,46.725,41.475,43.25,18232.664,0
EDBL.US,D,20241205,000000,43.8,44.05,40.275,41.325,4219.164,0
EDBL.US,D,20241206,000000,41.25,43.1,38.05,42.275,3019.3720000000003,0
EDBL.US,D,20241209,000000,41.4,44.125,41.4,41.675,2592.436,0
EDBL.US,D,20241210,000000,44.25,44.4,40.025,42.55,7927.416000000001,0
EDBL.US,D,20241211,000000,44,44,40.25,42.475,2237.368,0
EDBL.US,D,20241212,000000,41.2,42.375,39.375,39.85,2526.9120000000003,0
EDBL.US,D,20241213,000000,39.25,40.25,35.625,39.35,4076.9160000000006,0
EDBL.US,D,20241216,000000,38.975,38.975,36.7,37,2417.856,0
EDBL.US,D,20241217,000000,37.475,37.475,35.4,36.65,2072.8360000000002,0
EDBL.US,D,20241218,000000,36.65,39.35,35.725,36.025,4774.22,0
EDBL.US,D,20241219,000000,37.975,38.45,35.725,36.35,9175.640000000001,0
EDBL.US,D,20241220,000000,37.5,116.65,35.5,59.425,1417308.08,0
EDBL.US,D,20241223,000000,109.525,135,78.125,90.525,1640054.08,0
EDBL.US,D,20241224,000000,83.9,93.775,70.475,89.25,57976.64000000001,0
EDBL.US,D,20241226,000000,83.725,83.725,71.25,77.875,32910.012,0
EDBL.US,D,20241227,000000,76.65,91.975,70.9,86.35,42695.44,0
EDBL.US,D,20241230,000000,85,92.5,77.5,81.75,27600.068,0
EDBL.US,D,20241231,000000,82.5,84.6,77.5,80.375,8997.348,0
EDBL.US,D,20250102,000000,77.925,82.5,73.25,77.75,7795.292,0
EDBL.US,D,20250103,000000,80,87.5,74.125,83.9,13317.216,0
EDBL.US,D,20250106,000000,90,106,81.25,83.1,38132.32,0
EDBL.US,D,20250107,000000,77.725,87.05,77.5,79.575,11757.484,0
EDBL.US,D,20250108,000000,79.875,84.55,73.75,73.8,85133.316,0
EDBL.US,D,20250110,000000,72.5,77.25,62.5,75.8,18266.444,0
EDBL.US,D,20250113,000000,75.025,75.05,59.25,60.775,78525.94,0
EDBL.US,D,20250114,000000,67,67.25,55.4,58.5,19462.032000000003,0
EDBL.US,D,20250115,000000,61.675,61.9,52.525,55,15108.080000000002,0
EDBL.US,D,20250116,000000,57.875,67.5,55,62.5,28235.792,0
EDBL.US,D,20250117,000000,63.6,72.275,63.6,70,19104.596,0
EDBL.US,D,20250121,000000,68.75,69.375,63.025,65.1,8892.22,0
EDBL.US,D,20250122,000000,66,71.375,62.525,70,11973.572,0
EDBL.US,D,20250123,000000,66.85,69.675,65.1,68.6,6384.444,0
EDBL.US,D,20250124,000000,69.35,80,67.525,74.75,20466.428,0
EDBL.US,D,20250127,000000,72.5,76.975,62.425,67.675,9749.436,0
EDBL.US,D,20250128,000000,65,67.275,59.25,65.025,9367.380000000001,0
EDBL.US,D,20250129,000000,65.2,70,62.525,64.175,5342.108,0
EDBL.US,D,20250130,000000,63.5,65,58.15,61.3,5863.232,0
EDBL.US,D,20250131,000000,62.5,65,55.025,56.25,13177.036000000002,0
EDBL.US,D,20250203,000000,55,55.075,50.625,54.875,8837.112,0
EDBL.US,D,20250204,000000,55,55,52,52.475,5320.8640000000005,0
EDBL.US,D,20250205,000000,68,70.5725,45.5,52,267313.832,0
EDBL.US,D,20250206,000000,48.225,52.4975,47.5,49.95,20803.236000000004,0
EDBL.US,D,20250207,000000,48.475,50,46.2,48.1,11099.612000000001,0
EDBL.US,D,20250210,000000,47,49.15,45,46.25,10591.572,0
EDBL.US,D,20250211,000000,45,45.5,43.375,44.5,10009.308,0
EDBL.US,D,20250212,000000,45,46.575,40.575,44.75,10555.056,0
EDBL.US,D,20250213,000000,43.75,44.975,42.5,44.25,6998.152000000001,0
EDBL.US,D,20250214,000000,44.65,52.225,44.15,50.375,62454.376000000004,0
EDBL.US,D,20250218,000000,56.875,77.5,51.2,55.75,200750.22400000002,0
EDBL.US,D,20250219,000000,56.5,62.35,52.525,58.25,33616.42800000001,0
EDBL.US,D,20250220,000000,55.25,60.975,53.75,58.325,12750.408000000001,0
EDBL.US,D,20250221,000000,58.775,58.775,53.775,54.5,8071.6680000000015,0
EDBL.US,D,20250224,000000,55.65,59.15,48.75,53.425,10373.764000000001,0
EDBL.US,D,20250225,000000,50.6,53.425,47.975,49.6,5439.264,0
EDBL.US,D,20250226,000000,48.25,54.325,48.25,51,3818.1360000000004,0
EDBL.US,D,20250227,000000,46.925,47.1,42.5,42.5,13667.724,0
EDBL.US,D,20250228,000000,40,41.425,36.4,39.75,9113.672,0
EDBL.US,D,20250303,000000,37.7,37.7,26.2,27.9,38122,0
EDBL.US,D,20250304,000000,25.3,28.585,22.5,23,29762.5,0
EDBL.US,D,20250305,000000,22.1,24.9,19.3,24.1,18835.2,0
EDBL.US,D,20250306,000000,22.1,23.9,22.1,22.3,7491.700000000001,0
EDBL.US,D,20250307,000000,22,22.2,20.85,21.3,4432.900000000001,0
EDBL.US,D,20250310,000000,21,21.099,18.8,19.2,6921.1,0
EDBL.US,D,20250311,000000,19.1,19.5,18.148,19.4,7115.6,0
EDBL.US,D,20250312,000000,18.7,21.25,18.7,20.9,5597.5,0
EDBL.US,D,20250313,000000,20.5,24.9,20.5,24,10433.900000000001,0
EDBL.US,D,20250314,000000,24,28.6,24,28.2,11141.300000000001,0
EDBL.US,D,20250317,000000,28.2,28.2,25,26.1,7778.5,0
EDBL.US,D,20250318,000000,26.5,27.586,25.7,26.513,2145.1,0
EDBL.US,D,20250319,000000,26.5,28.167,25.9,27.5,2308,0
EDBL.US,D,20250320,000000,27.2,28.5,26.3,26.6,1867.9,0
EDBL.US,D,20250321,000000,27.2,27.2,25.1,25.7,2912.4,0
EDBL.US,D,20250324,000000,25.7,27.028,25.006,25.5,1914.9,0
EDBL.US,D,20250325,000000,26,29,26,28.9,4094.5,0
EDBL.US,D,20250326,000000,29.9,39.654,29.6,38.35,53103.4,0
EDBL.US,D,20250327,000000,38.3,41.481,35.3,36.2,12148.800000000001,0
EDBL.US,D,20250328,000000,35.5,37.2,31.9,34.7,4517.5,0
EDBL.US,D,20250331,000000,31.1,31.2,22.7,24.3,15371.2,0
EDBL.US,D,20250401,000000,23.7,29.5,23.49,26.5,4870.6,0
EDBL.US,D,20250402,000000,26.1,29.5,26.004,28.1,6527.700000000001,0
EDBL.US,D,20250403,000000,27.3,27.3,24,25,3537.1000000000004,0
EDBL.US,D,20250404,000000,23.5,23.6,21.601,22.6,5751.900000000001,0
EDBL.US,D,20250407,000000,21.1,22.3,19.2,21.3,3264.8,0
EDBL.US,D,20250408,000000,21.4,23.469,21,21,2704.4,0
EDBL.US,D,20250409,000000,21,22.55,20.3,21.25,8338.300000000001,0
EDBL.US,D,20250410,000000,22.5,22.5,19.2,19.8,9369.6,0
EDBL.US,D,20250411,000000,19.8,20.5,18.3,19.9,12952.6,0
EDBL.US,D,20250414,000000,20.8,21.2,19.4,19.9,13883.6,0
EDBL.US,D,20250415,000000,19.9,20.282,18.5,19.401,5663.6,0
EDBL.US,D,20250416,000000,19.7,20.142,18.3,18.6,5416.400000000001,0
EDBL.US,D,20250417,000000,18.6,19.27,18.5,19,2647.3,0
EDBL.US,D,20250421,000000,19,19.4,18.2,18.6,2142.2000000000003,0
EDBL.US,D,20250422,000000,18.6,19.426,18.301,19,9371,0
EDBL.US,D,20250423,000000,19.2,19.499,18.9,18.9,4294.7,0
EDBL.US,D,20250424,000000,19.155,20.5,19.1,19.3,12078.5,0
EDBL.US,D,20250425,000000,19.2,20.5,18.7,19.3,7709.5,0
EDBL.US,D,20250428,000000,19.3,19.7,18.5,19,4865.5,0
EDBL.US,D,20250429,000000,19,19.35,18.5,19,2862.6000000000004,0
EDBL.US,D,20250430,000000,18.7,19.9,18.306,19,12108.1,0
EDBL.US,D,20250501,000000,19.1,19.3,18.8,19,2537.1000000000004,0
EDBL.US,D,20250502,000000,18.745,19.4,18.745,18.9,5758.900000000001,0
EDBL.US,D,20250505,000000,19.1,19.9,18.7,19.2,2315.5,0
EDBL.US,D,20250506,000000,19.2,21.7,19,21.1,9080.2,0
EDBL.US,D,20250507,000000,21.1,23.985,20.1,23.1,18681.7,0
EDBL.US,D,20250508,000000,22.6,23.091,21.1,22.644,3389.3,0
EDBL.US,D,20250509,000000,22,22.8,21.8,22.539,2989.7000000000003,0
EDBL.US,D,20250512,000000,23.4,24.783,22.5,23.7,4718.8,0
EDBL.US,D,20250513,000000,24,24.177,23,23.3,2953.9,0
EDBL.US,D,20250514,000000,23,23.682,22.8,23,11926.800000000001,0
EDBL.US,D,20250515,000000,24,24,18.9,19.8,7940.700000000001,0
EDBL.US,D,20250516,000000,20.5,21,19.6,19.7,4979.3,0
EDBL.US,D,20250519,000000,19.5,20,18,20,4128.5,0
EDBL.US,D,20250520,000000,24.691,38.8,24.5,36,9090589.1,0
EDBL.US,D,20250521,000000,45.7,62.9,45.5,49.9,10940411.5,0
EDBL.US,D,20250522,000000,42.9,46.8,37.8,39.1,256585.30000000002,0
EDBL.US,D,20250523,000000,41,50,38,38.2,346324,0
EDBL.US,D,20250527,000000,40,40.5,32,33.2,96443.6,0
EDBL.US,D,20250528,000000,35,41.5,33.65,36.9,172041.30000000002,0
EDBL.US,D,20250529,000000,36.7,38.9,34.3,36.5,41711.100000000006,0
EDBL.US,D,20250530,000000,35.7,37,33.55,34.7,28312,0
EDBL.US,D,20250602,000000,33.7,35.381,33.202,33.9,14104.900000000001,0
EDBL.US,D,20250603,000000,33.4,33.832,30.501,31.9,22573.600000000002,0
EDBL.US,D,20250604,000000,30.8,31.858,29,29.5,30630.100000000002,0
EDBL.US,D,20250605,000000,29.1,29.477,26.1,26.9,27170.100000000002,0
EDBL.US,D,20250606,000000,26.8,27.5,25.4,26.3,15941.6,0
EDBL.US,D,20250609,000000,25.9,31.2,25.9,30.4,32180,0
EDBL.US,D,20250610,000000,31,32.1,30.101,31,7133.700000000001,0
EDBL.US,D,20250611,000000,30.4,31.3,29.544,30,6155.400000000001,0
EDBL.US,D,20250612,000000,29.9,30.995,29.8,30.7,5353.400000000001,0
EDBL.US,D,20250613,000000,30.1,30.5,28.2,28.9,5608.200000000001,0
EDBL.US,D,20250616,000000,27.7,28.6,26.312,27.1,19460.2,0
EDBL.US,D,20250617,000000,26.3,27.742,26.3,27.5,4920.6,0
EDBL.US,D,20250618,000000,27,27.95,26.001,26.7,9087.9,0
EDBL.US,D,20250620,000000,26,28.15,25.3,27.3,7523,0
EDBL.US,D,20250623,000000,26.8,28,26,27.1,9166.7,0
EDBL.US,D,20250624,000000,26.6,28.2,26.6,27.9,7091.400000000001,0
EDBL.US,D,20250625,000000,27.9,28.5,27.1,27.25,5873.700000000001,0
EDBL.US,D,20250626,000000,26.8,27.295,26.05,26.4,6644,0
EDBL.US,D,20250627,000000,26,26.5,26,26.4,4360.3,0
EDBL.US,D,20250630,000000,25.9,27,25.9,26.3,5322.1,0
EDBL.US,D,20250701,000000,26.4,27.48,26.4,26.4,4389.7,0
EDBL.US,D,20250702,000000,26.4,27.999,25.5,27.1,10825.400000000001,0
EDBL.US,D,20250703,000000,26.7,27,26,26,5702.700000000001,0
EDBL.US,D,20250707,000000,26,26.4,25.7,25.9,5626,0
EDBL.US,D,20250708,000000,25.9,27.6,25.9,26.7,11392.6,0
EDBL.US,D,20250709,000000,26.7,27.403,26.1,26.4,4122.6,0
EDBL.US,D,20250710,000000,26,26.9,26,26.4,5249.900000000001,0
EDBL.US,D,20250711,000000,26.4,27.2,26,26.1,3641.2000000000003,0
EDBL.US,D,20250714,000000,26.2,26.9,26,26.4,5604.900000000001,0
EDBL.US,D,20250715,000000,26.2,27.8,24.1,26,127114.8,0
EDBL.US,D,20250716,000000,26,26.3,25.1,26.3,8011.200000000001,0
EDBL.US,D,20250717,000000,26.8,27.103,26.201,26.3,6668.200000000001,0
EDBL.US,D,20250718,000000,26,26.354,25.387,25.9,8796.1,0
EDBL.US,D,20250721,000000,26,26,25.5,25.9,4096.6,0
EDBL.US,D,20250722,000000,25.9,27.3,25.865,27,5171,0
EDBL.US,D,20250723,000000,27,27.6,26.1,26.4,9736.6,0
EDBL.US,D,20250724,000000,26.8,27.075,26.004,26.4,11066.6,0
EDBL.US,D,20250725,000000,26.2,26.9,25.5,26.1,7395.1,0
EDBL.US,D,20250728,000000,25.8,25.84,24.2,24.6,5689.3,0
EDBL.US,D,20250729,000000,24.4,24.8,23.5,24.7,4365.8,0
EDBL.US,D,20250730,000000,24.501,24.699,23.8,23.8,2778.9,0
EDBL.US,D,20250731,000000,24.2,25.3,23.9,24.5,7183.3,0
EDBL.US,D,20250801,000000,24.279,24.5,23.6,24,4251.6,0
EDBL.US,D,20250804,000000,24,24.833,23.31,23.8,2788.5,0
EDBL.US,D,20250805,000000,23.8,24.2,23.8,24,736.3000000000001,0
EDBL.US,D,20250806,000000,24,24.8,23.9,24,2157.7000000000003,0
EDBL.US,D,20250807,000000,24.3,24.961,22.35,23,8360.6,0
EDBL.US,D,20250808,000000,23,23.7,22.8,23.7,1069,0
EDBL.US,D,20250811,000000,23.4,23.9,23,23.6,3460.2000000000003,0
EDBL.US,D,20250812,000000,23.285,23.6,23.1,23.3,1893.9,0
EDBL.US,D,20250813,000000,23.4,23.6,23,23.25,8268.9,0
EDBL.US,D,20250814,000000,23.7,23.7,20.2,21.9,59477.100000000006,0
EDBL.US,D,20250815,000000,20.9,20.928,19.5,20.7,10099.6,0
EDBL.US,D,20250818,000000,20.4,20.4,19.2,20.2,7847,0
EDBL.US,D,20250819,000000,19.8,20.4,19.385,20.2,4441.900000000001,0
EDBL.US,D,20250820,000000,20.7,22,18.1,18.8,29424.4,0
EDBL.US,D,20250821,000000,18.3,18.45,17.701,18.4,2941.9,0
EDBL.US,D,20250822,000000,18.4,19.15,18.1,19,2941,0
EDBL.US,D,20250825,000000,19.2,19.45,18.8,18.9,2677.2000000000003,0
EDBL.US,D,20250826,000000,18.7,19.5,18.7,18.976,1671.2,0
EDBL.US,D,20250827,000000,18.501,18.8,18.1,18.3,3211.6000000000004,0
EDBL.US,D,20250828,000000,18.99,18.99,17.8,18.2,3099,0
EDBL.US,D,20250829,000000,18.5,18.5,17.786,18.35,2042.9,0
EDBL.US,D,20250902,000000,17.7,18.7,17.7,18,2191,0
EDBL.US,D,20250903,000000,18.1,26.2,17.71,17.8,432811.5,0
EDBL.US,D,20250904,000000,17.6,19.099,16.8,18.5,20813.100000000002,0
EDBL.US,D,20250905,000000,18.2,18.72,18.1,18.1,7893.5,0
EDBL.US,D,20250908,000000,18.8,18.8,17.9,18.2,19327.5,0
EDBL.US,D,20250909,000000,17.9,18.4,17.9,17.9,8876.5,0
EDBL.US,D,20250910,000000,17.9,18.3,17.5,17.8,14939.800000000001,0
EDBL.US,D,20250911,000000,17.7,18.2,17.5,17.9,3974.4,0
EDBL.US,D,20250912,000000,17.8,18.198,17.542,18,4364.3,0
EDBL.US,D,20250915,000000,17.5,17.975,17.5,17.9,2650.9,0
EDBL.US,D,20250916,000000,17.7,18,17.5,17.9,2437.8,0
EDBL.US,D,20250917,000000,18,18,17.35,17.7,4631.7,0
EDBL.US,D,20250918,000000,17.7,18.7,17.5,17.7,12438,0
EDBL.US,D,20250919,000000,17.7,18.4,17.7,18.4,7156.700000000001,0
EDBL.US,D,20250922,000000,18.2,18.4,17.7,18.1,4283.8,0
EDBL.US,D,20250923,000000,18.1,18.295,17.6,17.7,8643.2,0
EDBL.US,D,20250924,000000,17.8,19.7,16.9,19.6,26327.300000000003,0
EDBL.US,D,20250925,000000,18.5,19.3,18.2,18.5,4536.1,0
EDBL.US,D,20250926,000000,18.23,18.5,18.23,18.5,3864.1000000000004,0
EDBL.US,D,20250929,000000,18.3,18.995,18.3,18.4,4749.1,0
EDBL.US,D,20250930,000000,18.4,18.4,17.9,18.1,4424.400000000001,0
EDBL.US,D,20251001,000000,17.8,18.5,17.8,18.5,5560.400000000001,0
EDBL.US,D,20251002,000000,18.3,18.5,18.205,18.455,2093.5,0
EDBL.US,D,20251003,000000,18.6,18.9,18.5,18.9,3501.1000000000004,0
EDBL.US,D,20251006,000000,18.9,18.9,18.4,18.8,1263.3000000000002,0
EDBL.US,D,20251007,000000,18.7,20.5,18.6,19.8,13614.6,0
EDBL.US,D,20251008,000000,19.8,21.3,19.3,21,8859.9,0
EDBL.US,D,20251009,000000,21.4,23.011,20.8,22.2,8217.1,0
EDBL.US,D,20251010,000000,22.7,22.7,19.601,19.7,9763,0
EDBL.US,D,20251013,000000,20,21.4,19.4,20.068,3377.5,0
EDBL.US,D,20251014,000000,20.5,23.7,20,23.2,142796.80000000002,0
EDBL.US,D,20251015,000000,26.4,27.799,20.3,20.6,637143.1000000001,0
EDBL.US,D,20251016,000000,19.1,19.798,17.8,18,45675.9,0
EDBL.US,D,20251017,000000,18.7,19.4,18,19,36679.3,0
EDBL.US,D,20251020,000000,18.9,18.9,17.8,17.8,16622.5,0
EDBL.US,D,20251021,000000,17.8,17.9,15.2,16.9,31838.800000000003,0
EDBL.US,D,20251022,000000,16.3,16.9,16,16.4,11165.300000000001,0
EDBL.US,D,20251023,000000,16.5,16.8,15.9,16.5,9278.7,0
EDBL.US,D,20251024,000000,16.2,17.2,16.2,16.6,8664.6,0
EDBL.US,D,20251027,000000,16.4,17.3,16.4,16.6,9107.5,0
EDBL.US,D,20251028,000000,16.6,17.3,16.1,16.2,7277.6,0
EDBL.US,D,20251029,000000,16.2,17.3,15.8,16.4,14580,0
EDBL.US,D,20251030,000000,16.4,17,15.9,16.1,11439.5,0
EDBL.US,D,20251031,000000,15.8,16.4,15.8,15.9,6876.1,0
EDBL.US,D,20251103,000000,15.9,17,15.7,16.5,13959.1,0
EDBL.US,D,20251104,000000,15.8,16.4,15.7,16,4775.8,0
EDBL.US,D,20251105,000000,16.4,16.698,16,16.4,5218,0
EDBL.US,D,20251106,000000,16.4,16.5,14.8,15,6322.200000000001,0
EDBL.US,D,20251107,000000,15,15.432,14,14.2,7760.400000000001,0
EDBL.US,D,20251110,000000,14.3,14.7,13.9,14.4,4213.5,0
EDBL.US,D,20251111,000000,14.5,14.5,13.7,13.9,4123.6,0
EDBL.US,D,20251112,000000,13.8,14.1,13.25,13.6,7472.3,0
EDBL.US,D,20251113,000000,14.3,14.3,13,13.4,5405.1,0
EDBL.US,D,20251114,000000,13.4,13.853,12.989,13.1,5497.8,0
EDBL.US,D,20251117,000000,12.8,13.8,12.1,12.1,6094.5,0
EDBL.US,D,20251118,000000,12,12.648,11.7,12.6,4265.5,0
EDBL.US,D,20251119,000000,13,13.3,10.55,11.2,22315.600000000002,0
EDBL.US,D,20251120,000000,11.2,11.2,10.7,10.701,7406.700000000001,0
EDBL.US,D,20251121,000000,10.8,12.45,10.45,11.5,10889.2,0
EDBL.US,D,20251124,000000,12,12,11,11.5,3375.6000000000004,0
EDBL.US,D,20251125,000000,11.1,12,11.1,11.9,1640.6000000000001,0
EDBL.US,D,20251126,000000,11.9,12.3,11.501,12,4622.2,0
EDBL.US,D,20251128,000000,12.1,13,12.1,12.583,1204.4,0
EDBL.US,D,20251201,000000,12.6,12.6,11.8,12.4,998.5,0
EDBL.US,D,20251202,000000,12.4,12.5,11,11.8,4031,0
EDBL.US,D,20251203,000000,12.3,12.4,11.86,12.15,2792,0
EDBL.US,D,20251204,000000,13.1,13.1,12.47,12.9,14893.7,0
EDBL.US,D,20251205,000000,14,14.819,12.9,13.4,13297.7,0
EDBL.US,D,20251208,000000,13.9,13.9,12.3,12.4,4069.4,0
EDBL.US,D,20251209,000000,13,14.5,12.5,14.1,24307.4,0
EDBL.US,D,20251210,000000,14.9,14.9,13.169,13.5,9977.6,0
EDBL.US,D,20251211,000000,13.3,13.5,12.5,12.5,7873.700000000001,0
EDBL.US,D,20251212,000000,12.8,14.245,12.5,13,13344.2,0
EDBL.US,D,20251215,000000,13,13.2,11.3,11.7,8603.6,0
EDBL.US,D,20251216,000000,12.05,12.09,11.4,11.9,4853,0
EDBL.US,D,20251217,000000,12.8,14.7,12.449,12.7,40274,0
EDBL.US,D,20251218,000000,12.6,12.9,11.2,11.5,14474.800000000001,0
EDBL.US,D,20251219,000000,11.3,11.8,10.2,10.5,13831.2,0
EDBL.US,D,20251222,000000,10.2,10.536,10,10,9547.7,0
EDBL.US,D,20251223,000000,9.995,10,8.271,8.679,29965.2,0
EDBL.US,D,20251224,000000,8.63,9.099,8.02,8.449,9143.800000000001,0
EDBL.US,D,20251226,000000,8.599,8.6,7.001,7.2,17408.8,0
EDBL.US,D,20251229,000000,6.81,7.101,5.6445,5.69,22243,0
EDBL.US,D,20251230,000000,5.5,5.7005,4.81,5.449,28441.100000000002,0
EDBL.US,D,20251231,000000,5.249,6.146,5.23,6.081,14324.900000000001,0
EDBL.US,D,20260102,000000,6.169,7.1464,6.016,6.815,9082.5,0
EDBL.US,D,20260105,000000,7.2,7.989,7.00101,7.249,12474.900000000001,0
EDBL.US,D,20260106,000000,7.3,10.4,7.109,8.749,91726.1,0
EDBL.US,D,20260107,000000,8.5,8.599,7.75,7.849,20502.800000000003,0
EDBL.US,D,20260108,000000,7.77,7.8,7,7.033,11315.900000000001,0
EDBL.US,D,20260109,000000,6.993,7.255,6.5,6.7845,11026.300000000001,0
EDBL.US,D,20260112,000000,7,7.05,6,6.29,243662.6,0
EDBL.US,D,20260113,000000,7.166,12.4,7,8.405,4994228.3,0
EDBL.US,D,20260114,000000,8,8.1,6.138,7.465,183477.5,0
EDBL.US,D,20260115,000000,7.2,7.35399,6.3,6.954,60330.700000000004,0
EDBL.US,D,20260116,000000,6.745,6.8,6.3,6.599,39108.1,0
EDBL.US,D,20260120,000000,6.332,6.72027,6.06,6.288,26431.600000000002,0
EDBL.US,D,20260121,000000,6.3,6.399,5.601,5.724,31155.9,0
EDBL.US,D,20260122,000000,5.9,6.3,5.8241,5.957,42538.100000000006,0
EDBL.US,D,20260123,000000,6.042,6.15799,5.6,5.84,34324.4,0
EDBL.US,D,20260126,000000,5.686,5.8,5.12,5.233,43337.100000000006,0
EDBL.US,D,20260127,000000,5.4,5.58999,5.1,5.127,11679.2,0
EDBL.US,D,20260128,000000,5.3,5.329,5.05,5.15,14065.7,0
EDBL.US,D,20260129,000000,5.2,5.299,5.006,5.102,7988.1,0
EDBL.US,D,20260130,000000,5,5.425,4.552,4.849,73992.1,0
EDBL.US,D,20260202,000000,4.84,4.84,4.4,4.465,59600.700000000004,0
EDBL.US,D,20260203,000000,4.86,7.5398,3.2,3.86,1277192,0
EDBL.US,D,20260204,000000,3.6,3.8399,3.34,3.52,155716,0
EDBL.US,D,20260205,000000,3.31,3.3642,2.93,3.22,68020,0
EDBL.US,D,20260206,000000,3.17,3.6,3.17,3.6,46347,0
EDBL.US,D,20260209,000000,3.64,4.4,3.5601,3.76,547315,0
EDBL.US,D,20260210,000000,3.86,3.861,3.54,3.8,64501,0
EDBL.US,D,20260211,000000,3.8,3.98,3.56,3.8,69423,0
EDBL.US,D,20260212,000000,3.74,3.8,3.38,3.39,60904,0
EDBL.US,D,20260213,000000,3.32,3.6099,3.135,3.35,72523,0
EDBL.US,D,20260217,000000,3.31,3.34,3.19,3.32,39551,0
EDBL.US,D,20260218,000000,3.3,3.48,3.2753,3.38,18059,0
EDBL.US,D,20260219,000000,3.31,3.59,3.25,3.59,22835,0
EDBL.US,D,20260220,000000,3.57,3.62,3.25,3.37,35300,0
EDBL.US,D,20260223,000000,3.35,3.35,3.0658,3.2,31122,0
EDBL.US,D,20260224,000000,3.17,3.3,2.92,3.065,43100,0
EDBL.US,D,20260225,000000,3.04,3.09,3.0001,3.0456,23200,0
EDBL.US,D,20260226,000000,3.05,3.15,2.968,3.12,106321,0
EDBL.US,D,20260227,000000,3.1367,3.1579,2.96,2.99,106321,0
EDBL.US,D,20260302,000000,2.69,2.8246,2.6001,2.6999,54715,0
EDBL.US,D,20260303,000000,2.7,2.7,2.5,2.54,22504,0
EDBL.US,D,20260304,000000,3.03,3.19,2.7,2.865,437892,0
EDBL.US,D,20260305,000000,2.8,2.8899,2.65,2.68,55457,0
EDBL.US,D,20260306,000000,2.71,2.75,2.49,2.55,67696,0
EDBL.US,D,20260309,000000,2.56,3,2.4901,2.84,497736,0
EDBL.US,D,20260310,000000,2.5,2.7999,2.2,2.27,163820,0
EDBL.US,D,20260311,000000,2.28,2.4,2.27,2.38,58526,0
EDBL.US,D,20260312,000000,2.39,3.25,2.1901,2.33,947663,0
EDBL.US,D,20260313,000000,2.28,2.53,2.23,2.42,66501,0
EDBL.US,D,20260316,000000,2.43,2.68,2.06,2.31,102988,0
EDBL.US,D,20260317,000000,2.3298,2.35,2.21,2.26,23522,0
EDBL.US,D,20260318,000000,2.21,2.29,2.1501,2.28,39056,0
EDBL.US,D,20260319,000000,2.19,2.23,2.11,2.155,9108,0
EDBL.US,D,20260320,000000,2.12,2.1551,1.681,1.815,64766,0
EDBL.US,D,20260323,000000,1.81,1.8627,1.68,1.82,645852,0
EDBL.US,D,20260324,000000,1.73,1.74,1.28,1.37,9386756,0
EDBL.US,D,20260325,000000,1.15,1.25,1.09,1.12,504224,0
EDBL.US,D,20260326,000000,1.16,1.35,1.1,1.15,352619,0
EDBL.US,D,20260327,000000,1.09,1.1122,0.98,1.02,214188,0
EDBL.US,D,20260330,000000,1,1.0004,0.8828,0.9569,130797,0
EDBL.US,D,20260331,000000,0.995,1.155,0.955,1.15,310683,0
EDBL.US,D,20260401,000000,1.08,1.0899,0.9901,1.07,103711,0
EDBL.US,D,20260402,000000,0.9749,1.06,0.96,1.01,62395,0
EDBL.US,D,20260406,000000,1.03,1.1,1.02,1.07,47147,0
EDBL.US,D,20260407,000000,1.07,1.09,1.0201,1.07,46837,0
EDBL.US,D,20260408,000000,1.09,1.11,1.02,1.06,72537,0
EDBL.US,D,20260409,000000,1.08,1.2,1.08,1.11,220035,0
EDBL.US,D,20260410,000000,1.09,1.09,0.9919,1,59122,0
EDBL.US,D,20260413,000000,1,1.0276,0.99,0.9904,40164,0
EDBL.US,D,20260414,000000,0.99,1,0.9557,0.9811,64681,0
EDBL.US,D,20260415,000000,0.975,1.18,0.950101,0.9897,376586,0
EDBL.US,D,20260416,000000,0.9897,0.9897,0.9503,0.9503,77463,0
EDBL.US,D,20260417,000000,0.9896,1.02,0.93,0.9377,387040,0
EDBL.US,D,20260420,000000,0.94,0.9604,0.894,0.92,127671,0
EDBL.US,D,20260421,000000,1.31,1.65,0.68,0.6896,69538538,0
EDBL.US,D,20260422,000000,0.5684,0.62,0.5125,0.575,2653791,0
EDBL.US,D,20260423,000000,0.5887,0.5887,0.5021,0.5476,807834,0
EDBL.US,D,20260424,000000,0.53,0.5348,0.4703,0.4942,709183,0
EDBL.US,D,20260427,000000,0.4837,0.547,0.4834,0.5186,541793,0
EDBL.US,D,20260428,000000,0.5039,0.5189,0.474,0.4962,413988,0
EDBL.US,D,20260429,000000,0.5,0.5,0.4649,0.482,313152,0
EDBL.US,D,20260430,000000,0.4793,0.52,0.4602,0.52,328263,0
EDBL.US,D,20260501,000000,0.5096,0.5096,0.48,0.489,283452,0
EDBL.US,D,20260504,000000,0.4792,0.4792,0.4391,0.451,1620702,0
EDBL.US,D,20260505,000000,0.439,0.440714,0.4,0.4091,464163,0
EDBL.US,D,20260506,000000,0.4021,0.413,0.3817,0.3923,439527,0
EDBL.US,D,20260507,000000,0.3885,0.39725,0.3703,0.3853,341953,0
EDBL.US,D,20260508,000000,0.3799,0.396,0.365,0.396,245390,0
EDBL.US,D,20260511,000000,0.3739,0.3739,0.2962,0.3433,675422,0
EDBL.US,D,20260512,000000,0.35,0.3604,0.32,0.3518,456064,0
EDBL.US,D,20260513,000000,0.3499,0.3801,0.3332,0.3749,13712694,0
EDBL.US,D,20260514,000000,0.49065,0.4907,0.38,0.412,47241923,0
EDBL.US,D,20260515,000000,0.5598,0.5601,0.303,0.3894,69445953,0
EDBL.US,D,20260518,000000,0.2548,0.288,0.2459,0.287,8602669,0
EDBL.US,D,20260519,000000,0.233,0.29,0.233,0.2687,3439340,0
EDBL.US,D,20260520,000000,0.2621,0.2769,0.252,0.2769,1187733,0
EDBL.US,D,20260521,000000,0.282,0.282,0.256,0.2671,5706807,0
EDBL.US,D,20260522,000000,0.2483,0.2483,0.2301,0.2434,2672569,0
EDBL.US,D,20260526,000000,0.2407,0.2787,0.2331,0.2787,3300422,0
EDBL.US,D,20260527,000000,0.2688,0.2911,0.2601,0.2911,1443407,0
EDBL.US,D,20260528,000000,0.2725,0.30285,0.27,0.2891,800097,0
EDBL.US,D,20260529,000000,0.2804,0.2804,0.24,0.262,1247214,0
EDBL.US,D,20260601,000000,0.2464,0.2512,0.22,0.2332,3037871,0
EDBL.US,D,20260602,000000,0.2333,0.2493,0.2215,0.237,1075526,0
EDBL.US,D,20260603,000000,0.23,0.2316,0.1966,0.2018,3124368,0
EDBL.US,D,20260604,000000,0.1948,0.2198,0.1825,0.2148,2167145,0
EDBL.US,D,20260605,000000,0.1959,0.2184,0.1869,0.2088,28668024,0
EDBL.US,D,20260608,000000,0.203,0.2755,0.2003,0.2272,11531680,0
EDBL.US,D,20260609,000000,0.2289,0.237,0.2044,0.222,2097708,0
EDBL.US,D,20260610,000000,0.2141,0.2404,0.2101,0.24,1561074,0
EDBL.US,D,20260611,000000,0.2351,0.2697,0.2272,0.268,2081129,0
EDBL.US,D,20260612,000000,0.26,0.2688,0.243301,0.2574,689817,0
EDBL.US,D,20260615,000000,0.25,0.2697,0.2008,0.211,2058565,0
EDBL.US,D,20260616,000000,0.2103,0.228999,0.2015,0.22,1973920,0
EDBL.US,D,20260617,000000,0.2156,0.2232,0.2059,0.2061,395949,0
EDBL.US,D,20260618,000000,0.2095,0.2232,0.2015,0.2178,646056,0
EDBL.US,D,20260622,000000,0.2157,0.22,0.2051,0.2087,408747,0
EDBL.US,D,20260623,000000,0.197,0.1997,0.19,0.1997,3142929,0
EDBL.US,D,20260624,000000,0.1997,0.1997,0.176,0.19,837612,0
