<TICKER>,<PER>,<DATE>,<TIME>,<OPEN>,<HIGH>,<LOW>,<CLOSE>,<VOL>,<OPENINT>
ELPW.US,D,20241125,000000,2816,2995.2,2304,2368,1740.98,0
ELPW.US,D,20241126,000000,2214.4,2214.4,1881.6,2060.8,492.043,0
ELPW.US,D,20241127,000000,1945.6,2048,1715.2,1792,267.357,0
ELPW.US,D,20241129,000000,1779.2,1836.8,1674.37,1676.8,133.353,0
ELPW.US,D,20241202,000000,1664,1868.8,1587.2,1804.8,154.57,0
ELPW.US,D,20241203,000000,1804.8,1804.8,1587.2,1638.4,115.347,0
ELPW.US,D,20241204,000000,1600,1635.97,1459.2,1536,82.9406,0
ELPW.US,D,20241205,000000,1523.2,1574.4,1344,1376,208.95,0
ELPW.US,D,20241206,000000,1433.6,1433.6,1292.8,1382.4,214.128,0
ELPW.US,D,20241209,000000,1433.6,1638.4,1292.8,1600,268.387,0
ELPW.US,D,20241210,000000,1549.44,1671.94,1305.6,1382.4,174.37,0
ELPW.US,D,20241211,000000,1408,1459.46,1318.4,1395.2,63.9733,0
ELPW.US,D,20241212,000000,1472,1523.2,1331.2,1369.6,102.214,0
ELPW.US,D,20241213,000000,1356.8,1484.67,1331.2,1432.96,64.4062,0
ELPW.US,D,20241216,000000,1356.8,1446.4,1344,1344,45.3233,0
ELPW.US,D,20241217,000000,1395.2,1433.6,1305.86,1356.8,65.8108,0
ELPW.US,D,20241218,000000,1369.6,1536,1333.25,1420.8,162.62,0
ELPW.US,D,20241219,000000,1497.6,1984,1420.8,1753.6,949.613,0
ELPW.US,D,20241220,000000,1920,1920,1152,1459.2,734.316,0
ELPW.US,D,20241223,000000,1395.2,1459.2,1276.93,1369.6,126,0
ELPW.US,D,20241224,000000,1388.8,1416.19,1293.18,1344,58.5046,0
ELPW.US,D,20241226,000000,1420.8,1625.6,1408,1536,192.185,0
ELPW.US,D,20241227,000000,1548.8,1598.98,1305.6,1472,246.255,0
ELPW.US,D,20241230,000000,1484.8,1548.8,1358.46,1548.8,106.021,0
ELPW.US,D,20241231,000000,1510.4,1753.6,1500.16,1689.6,135.728,0
ELPW.US,D,20250102,000000,1638.4,1812.22,1547.52,1677.06,66.0858,0
ELPW.US,D,20250103,000000,1715.2,1779.2,1574.4,1652.48,49.7053,0
ELPW.US,D,20250106,000000,1740.8,1836.8,1689.6,1792,55.846,0
ELPW.US,D,20250107,000000,1817.6,1856,1664,1715.2,19.8827,0
ELPW.US,D,20250108,000000,1753.6,1753.6,1472,1536.9,62.107,0
ELPW.US,D,20250110,000000,1625.6,1625.6,1369.6,1408,56.7382,0
ELPW.US,D,20250113,000000,1536,1536,1356.8,1395.2,95.6397,0
ELPW.US,D,20250114,000000,1356.8,1484.8,1292.8,1395.2,259.651,0
ELPW.US,D,20250115,000000,1331.2,1408,1305.6,1318.4,32.2046,0
ELPW.US,D,20250116,000000,1263.87,1344,1164.67,1344,316.455,0
ELPW.US,D,20250117,000000,1422.98,1446.4,1292.8,1395.2,53.8491,0
ELPW.US,D,20250121,000000,1408,1446.4,1292.8,1420.8,57.8546,0
ELPW.US,D,20250122,000000,1459.2,1523.2,1395.2,1408,44.2031,0
ELPW.US,D,20250123,000000,1510.4,1561.6,1318.4,1497.6,22.5406,0
ELPW.US,D,20250124,000000,1497.6,1510.4,1408,1508.35,95.4031,0
ELPW.US,D,20250127,000000,1472,1497.6,1369.6,1484.8,34.0531,0
ELPW.US,D,20250128,000000,1446.4,1463.94,1356.8,1395.2,17.5827,0
ELPW.US,D,20250129,000000,1369.6,1408,1318.4,1344,51.4952,0
ELPW.US,D,20250130,000000,1305.6,1518.59,1267.2,1405.44,71.3351,0
ELPW.US,D,20250131,000000,1472,1497.6,1344,1497.6,24.0195,0
ELPW.US,D,20250203,000000,1472,1510.4,1356.8,1459.2,19.6327,0
ELPW.US,D,20250204,000000,1376.77,1472,1267.33,1325.95,165.775,0
ELPW.US,D,20250205,000000,1280,1308.8,1184,1235.2,319.606,0
ELPW.US,D,20250206,000000,1218.82,1292.8,1218.82,1292.8,21.3093,0
ELPW.US,D,20250207,000000,1228.8,1382.4,1216.13,1331.2,22.8445,0
ELPW.US,D,20250210,000000,1382.4,1382.4,1216,1267.2,20.2202,0
ELPW.US,D,20250211,000000,1216,1497.6,1216,1254.53,343.053,0
ELPW.US,D,20250212,000000,1280,1331.2,1157.12,1243.65,150.552,0
ELPW.US,D,20250213,000000,1234.3,1234.3,1157.12,1200.64,25.0116,0
ELPW.US,D,20250214,000000,1318.4,1344,1200.64,1241.6,45.1343,0
ELPW.US,D,20250218,000000,1318.4,1344,1200.26,1292.8,54.7015,0
ELPW.US,D,20250219,000000,1344,1344,1268.99,1292.8,10.1179,0
ELPW.US,D,20250220,000000,1280,1292.8,1190.4,1218.69,42.9991,0
ELPW.US,D,20250221,000000,1280,1280,1155.84,1155.84,19.2531,0
ELPW.US,D,20250224,000000,1241.6,1395.2,1168.26,1225.6,44.6187,0
ELPW.US,D,20250225,000000,1306.5,1318.4,1199.49,1224.32,3.69218,0
ELPW.US,D,20250226,000000,1212.67,1280,1127.04,1127.04,62.5031,0
ELPW.US,D,20250227,000000,1241.6,1251.07,1011.2,1066.5,79.4077,0
ELPW.US,D,20250228,000000,1066.5,1177.6,1036.8,1139.2,36.2812,0
ELPW.US,D,20250303,000000,1086.85,1139.2,1025.28,1025.28,27.2726,0
ELPW.US,D,20250304,000000,1111.68,1111.68,866.688,869.76,276.181,0
ELPW.US,D,20250305,000000,806.4,947.2,717.056,880.064,219.29,0
ELPW.US,D,20250306,000000,840.448,905.984,781.568,847.36,19.9671,0
ELPW.US,D,20250307,000000,793.6,985.472,780.928,948.48,48.4968,0
ELPW.US,D,20250310,000000,1004.8,1004.8,833.28,876.928,26.9772,0
ELPW.US,D,20250311,000000,815.488,843.52,754.048,841.984,147.532,0
ELPW.US,D,20250312,000000,799.36,960,765.312,865.92,19.021,0
ELPW.US,D,20250313,000000,848.768,959.872,770.432,896,41.6272,0
ELPW.US,D,20250314,000000,806.784,934.4,800.64,930.304,39.9702,0
ELPW.US,D,20250317,000000,932.536,946.816,844.8,902.144,8.73202,0
ELPW.US,D,20250318,000000,819.2,948.096,819.2,831.232,27.2108,0
ELPW.US,D,20250319,000000,831.232,887.424,831.232,851.072,3.5039,0
ELPW.US,D,20250320,000000,832,1011.2,793.6,974.976,48.1577,0
ELPW.US,D,20250321,000000,960,1024,896,908.8,14.807,0
ELPW.US,D,20250324,000000,932.352,1036.8,857.728,896,50.9812,0
ELPW.US,D,20250325,000000,981.76,1024,768.128,883.2,147.881,0
ELPW.US,D,20250326,000000,833.408,934.4,768.256,768.256,62.2303,0
ELPW.US,D,20250327,000000,864,864,755.2,755.2,35.6522,0
ELPW.US,D,20250328,000000,825.6,888.512,748.032,749.645,61.2062,0
ELPW.US,D,20250331,000000,793.856,991.488,742.4,948.224,107.51,0
ELPW.US,D,20250401,000000,896.128,1100.8,896,1024,148.341,0
ELPW.US,D,20250402,000000,1049.6,1107.2,934.912,1016.17,58.932,0
ELPW.US,D,20250403,000000,1063.68,1113.6,937.6,1062.4,42.2678,0
ELPW.US,D,20250404,000000,1049.6,1283.46,934.4,1143.68,259.723,0
ELPW.US,D,20250407,000000,1196.8,1382.4,976,1356.42,361.537,0
ELPW.US,D,20250408,000000,1305.6,1356.8,1120,1282.82,203.207,0
ELPW.US,D,20250409,000000,1244.29,1331.2,1216,1330.56,25.6241,0
ELPW.US,D,20250410,000000,1241.6,1625.6,1150.59,1472,355.957,0
ELPW.US,D,20250411,000000,1472,1625.6,1292.8,1305.6,122.866,0
ELPW.US,D,20250414,000000,1254.4,2278.4,1254.4,1958.4,4138,0
ELPW.US,D,20250415,000000,1945.6,3136,1856,2803.2,3347.77,0
ELPW.US,D,20250416,000000,2713.6,4160,2585.6,4160,1161.55,0
ELPW.US,D,20250417,000000,4555.65,5829.5,3840,4979.2,1082.18,0
ELPW.US,D,20250421,000000,4812.8,5401.6,4326.4,4787.2,243.366,0
ELPW.US,D,20250422,000000,4710.4,5056,4710.4,4972.8,84.621,0
ELPW.US,D,20250423,000000,4915.2,5068.8,3276.8,3443.2,192.815,0
ELPW.US,D,20250424,000000,3520,4352,3520,3788.8,121.537,0
ELPW.US,D,20250425,000000,3840,4096,3788.8,4070.4,44.3538,0
ELPW.US,D,20250428,000000,4057.6,4096,3571.2,3571.2,82.7835,0
ELPW.US,D,20250429,000000,3456,3827.2,3392,3750.4,26.4921,0
ELPW.US,D,20250430,000000,3584,4059.52,3584,3942.4,44.6593,0
ELPW.US,D,20250501,000000,3699.2,4019.2,3699.2,3929.6,28.8132,0
ELPW.US,D,20250502,000000,3993.6,4758.14,3929.6,4121.6,124.846,0
ELPW.US,D,20250505,000000,4108.8,4454.4,3840,4236.8,84.4765,0
ELPW.US,D,20250506,000000,4211.2,5120,4211.2,4416,91.0288,0
ELPW.US,D,20250507,000000,4428.8,4851.2,4288,4672,13.6108,0
ELPW.US,D,20250508,000000,4902.4,6322.69,4902.4,6259.2,132.398,0
ELPW.US,D,20250509,000000,5760,6016,5196.8,5990.4,171.12,0
ELPW.US,D,20250512,000000,6131.2,6272,5401.6,5683.2,60.8,0
ELPW.US,D,20250513,000000,5760,8230.4,5760,7040,144.57,0
ELPW.US,D,20250514,000000,6886.4,7422.59,6208,6649.6,87.1413,0
ELPW.US,D,20250515,000000,6656,7449.6,5862.4,7168,136.322,0
ELPW.US,D,20250516,000000,7283.2,8959.84,6745.6,8832,149.813,0
ELPW.US,D,20250519,000000,8665.6,8960,8140.8,8896,78.3553,0
ELPW.US,D,20250520,000000,8832,10336,8332.8,8409.6,320.701,0
ELPW.US,D,20250521,000000,8384,8614.4,4608,5760,456.461,0
ELPW.US,D,20250522,000000,5952,6931.2,5760,6348.8,503.396,0
ELPW.US,D,20250523,000000,6284.8,6408.19,5824,6220.8,249.206,0
ELPW.US,D,20250527,000000,5888,6899.2,5504,6476.8,545.491,0
ELPW.US,D,20250528,000000,6592,7923.2,4352,4480,3188.75,0
ELPW.US,D,20250529,000000,1766.4,1971.2,1664,1830.4,7535.33,0
ELPW.US,D,20250530,000000,1574.4,1600,1305.6,1408,1260.93,0
ELPW.US,D,20250602,000000,1382.4,1651.2,1369.6,1484.8,1019.82,0
ELPW.US,D,20250603,000000,1484.8,1497.6,1318.4,1408,534.557,0
ELPW.US,D,20250604,000000,1484.8,1484.8,1331.2,1408,387.726,0
ELPW.US,D,20250605,000000,1344,1446.53,1305.6,1318.4,386.008,0
ELPW.US,D,20250606,000000,1305.6,1369.6,1190.4,1222.4,325.527,0
ELPW.US,D,20250609,000000,1228.8,1382.4,1186.56,1331.2,314.708,0
ELPW.US,D,20250610,000000,1318.4,1459.2,1318.4,1318.4,166.251,0
ELPW.US,D,20250611,000000,1280,1561.6,1280,1472,637.316,0
ELPW.US,D,20250612,000000,1472,1587.07,1408.26,1420.8,173.035,0
ELPW.US,D,20250613,000000,1369.6,1408,1344,1344,110.411,0
ELPW.US,D,20250616,000000,1318.4,1459.2,1292.8,1331.2,194.987,0
ELPW.US,D,20250617,000000,1318.4,1395.2,1292.8,1331.2,139.821,0
ELPW.US,D,20250618,000000,1331.2,1408,1305.6,1369.6,82.8077,0
ELPW.US,D,20250620,000000,1356.8,1420.8,1343.49,1382.4,121.581,0
ELPW.US,D,20250623,000000,1356.8,1477.12,1356.8,1408,211.048,0
ELPW.US,D,20250624,000000,1408,1510.27,1408,1459.2,71.4,0
ELPW.US,D,20250625,000000,1472,1510.4,1433.6,1433.6,89.075,0
ELPW.US,D,20250626,000000,1395.2,1408,1305.6,1318.4,115.057,0
ELPW.US,D,20250627,000000,1344,1357.95,1164.93,1217.15,344.77,0
ELPW.US,D,20250630,000000,1190.4,1190.4,1100.8,1125.38,111.854,0
ELPW.US,D,20250701,000000,1091.58,1143.42,1024,1103.74,124.335,0
ELPW.US,D,20250702,000000,1102.08,1984,1102.08,1420.8,7878.77,0
ELPW.US,D,20250703,000000,1459.2,1598.59,1282.56,1510.4,683.935,0
ELPW.US,D,20250707,000000,1536,2905.6,1505.79,2457.6,9750.02,0
ELPW.US,D,20250708,000000,2553.6,3097.6,2048,2534.4,1823,0
ELPW.US,D,20250709,000000,2585.6,2854.4,2201.6,2764.8,1457.15,0
ELPW.US,D,20250710,000000,2675.2,3136,2624,2841.6,855.851,0
ELPW.US,D,20250711,000000,2854.4,3123.2,2508.8,2854.4,3496.86,0
ELPW.US,D,20250714,000000,2803.2,3225.6,2624.13,2713.6,1994.21,0
ELPW.US,D,20250715,000000,2688,2918.27,2675.2,2713.6,1071.4,0
ELPW.US,D,20250716,000000,2688,2784,2483.2,2611.2,547.391,0
ELPW.US,D,20250717,000000,2547.2,2688,2393.6,2534.4,1064.94,0
ELPW.US,D,20250718,000000,2534.4,2752,2406.4,2432,966.001,0
ELPW.US,D,20250721,000000,2496,2669.31,2470.4,2649.6,105.973,0
ELPW.US,D,20250722,000000,2598.4,2713.6,2547.2,2624,201.625,0
ELPW.US,D,20250723,000000,2534.4,3392,2534.4,2931.2,1168.59,0
ELPW.US,D,20250724,000000,3020.8,3526.4,2944,3251.2,1827.12,0
ELPW.US,D,20250725,000000,3136,3443.2,2911.36,3264,333.901,0
ELPW.US,D,20250728,000000,3302.4,4198.4,3289.6,4160,383.755,0
ELPW.US,D,20250729,000000,4352,4861.57,3980.8,4544,558.263,0
ELPW.US,D,20250730,000000,4582.4,5350.4,4198.4,5107.2,1568.73,0
ELPW.US,D,20250731,000000,5107.2,5248,4684.8,4851.2,1299.57,0
ELPW.US,D,20250801,000000,4876.8,4876.8,4096,4544,1733.51,0
ELPW.US,D,20250804,000000,4544,4940.8,4544,4736,166.331,0
ELPW.US,D,20250805,000000,4480,4800,4281.6,4684.8,1277,0
ELPW.US,D,20250806,000000,4684.8,4972.8,4518.4,4851.2,213.787,0
ELPW.US,D,20250807,000000,4889.6,5696,4742.4,5068.8,992.645,0
ELPW.US,D,20250808,000000,4992,5120,4825.6,4889.6,343.662,0
ELPW.US,D,20250811,000000,4966.4,5337.6,4851.2,5107.2,318.365,0
ELPW.US,D,20250812,000000,5312,5312,4736,4915.2,307.438,0
ELPW.US,D,20250813,000000,4838.4,5019.52,4620.8,4915.2,115.871,0
ELPW.US,D,20250814,000000,4864,5555.2,4742.4,5248,1270.33,0
ELPW.US,D,20250815,000000,5132.8,5363.2,4096,4659.2,2063.37,0
ELPW.US,D,20250818,000000,4659.2,5055.87,4377.6,4403.2,127.483,0
ELPW.US,D,20250819,000000,4364.8,4633.6,3443.2,4160,1268.37,0
ELPW.US,D,20250820,000000,3328,3347.2,332.8,517.888,38728.6,0
ELPW.US,D,20250821,000000,409.6,502.016,369.92,403.072,7543.85,0
ELPW.US,D,20250822,000000,396.928,435.2,378.496,407.552,2952.46,0
ELPW.US,D,20250825,000000,422.144,448,409.728,435.2,1947.9,0
ELPW.US,D,20250826,000000,446.72,446.72,374.912,385.664,1392.98,0
ELPW.US,D,20250827,000000,419.84,430.72,386.56,401.664,1204.37,0
ELPW.US,D,20250828,000000,409.6,412.568,398.08,409.216,486.682,0
ELPW.US,D,20250829,000000,396.8,409.344,384,402.816,746.89,0
ELPW.US,D,20250902,000000,405.76,405.76,380.8,395.264,631.885,0
ELPW.US,D,20250903,000000,384,394.624,375.04,384.512,523.792,0
ELPW.US,D,20250904,000000,374.784,380.032,321.536,375.936,546.938,0
ELPW.US,D,20250905,000000,365.184,395.136,358.4,385.408,294.532,0
ELPW.US,D,20250908,000000,339.2,409.6,339.2,371.584,2167.66,0
ELPW.US,D,20250909,000000,360.32,429.824,360.32,421.76,1298.77,0
ELPW.US,D,20250910,000000,422.4,512,409.984,445.44,3280.43,0
ELPW.US,D,20250911,000000,422.4,441.6,384,410.624,1879.17,0
ELPW.US,D,20250912,000000,417.28,419.84,401.792,408.576,412.05,0
ELPW.US,D,20250915,000000,397.056,413.824,384.512,396.8,673.412,0
ELPW.US,D,20250916,000000,391.68,404.241,384,393.216,407.143,0
ELPW.US,D,20250917,000000,384,392.832,377.6,391.04,329.872,0
ELPW.US,D,20250918,000000,384,409.6,384,403.2,520.593,0
ELPW.US,D,20250919,000000,399.36,428.8,399.36,428.8,501.621,0
ELPW.US,D,20250922,000000,422.4,428.672,409.6,422.4,379.013,0
ELPW.US,D,20250923,000000,409.6,435.2,409.6,420.48,592.048,0
ELPW.US,D,20250924,000000,419.84,510.72,419.84,440.32,3431.95,0
ELPW.US,D,20250925,000000,429.952,433.792,399.36,418.432,1047.12,0
ELPW.US,D,20250926,000000,417.92,457.088,415.36,432.768,666.823,0
ELPW.US,D,20250929,000000,431.744,435.072,384.384,425.088,1011.79,0
ELPW.US,D,20250930,000000,412.288,420.352,385.536,388.608,483.762,0
ELPW.US,D,20251001,000000,400,420.224,396.8,420.224,320.995,0
ELPW.US,D,20251002,000000,407.68,433.024,404.224,420.096,1162.56,0
ELPW.US,D,20251003,000000,524.544,748.032,460.8,627.2,84537.5,0
ELPW.US,D,20251006,000000,542.08,880.64,513.28,695.04,16334.1,0
ELPW.US,D,20251007,000000,768.128,947.2,716.8,764.032,8059.85,0
ELPW.US,D,20251008,000000,755.2,825.216,641.664,665.6,2998.71,0
ELPW.US,D,20251009,000000,652.8,701.312,508.8,545.92,2872.92,0
ELPW.US,D,20251010,000000,499.2,551.358,436.608,457.088,1873.67,0
ELPW.US,D,20251013,000000,453.504,505.6,453.504,486.784,1569.26,0
ELPW.US,D,20251014,000000,470.016,510.08,461.952,498.56,749.445,0
ELPW.US,D,20251015,000000,483.968,521.856,463.36,479.616,610.166,0
ELPW.US,D,20251016,000000,470.016,490.462,409.6,421.632,1245.31,0
ELPW.US,D,20251017,000000,398.08,486.4,398.08,467.584,1389.08,0
ELPW.US,D,20251020,000000,484.096,512,429.44,445.312,569.231,0
ELPW.US,D,20251021,000000,437.76,456.832,426.624,435.328,910.453,0
ELPW.US,D,20251022,000000,424.96,433.28,399.104,419.456,1183.41,0
ELPW.US,D,20251023,000000,417.664,447.744,416,436.632,296.153,0
ELPW.US,D,20251024,000000,443.008,444.544,415.232,433.92,382.962,0
ELPW.US,D,20251027,000000,448,448,419.2,424.32,533.316,0
ELPW.US,D,20251028,000000,424.832,435.84,413.824,422.4,433.381,0
ELPW.US,D,20251029,000000,430.336,430.336,410.752,416.768,396.626,0
ELPW.US,D,20251030,000000,409.6,422.784,400.64,406.4,339.465,0
ELPW.US,D,20251031,000000,403.2,422.27,396.544,414.464,532.747,0
ELPW.US,D,20251103,000000,399.744,405.888,376.96,383.616,395.367,0
ELPW.US,D,20251104,000000,372.096,381.248,362.609,366.976,506.81,0
ELPW.US,D,20251105,000000,371.2,380.8,362.24,380.672,577.448,0
ELPW.US,D,20251106,000000,380.8,404.224,366.208,377.344,468.85,0
ELPW.US,D,20251107,000000,366.464,376.832,363.392,373.248,219.443,0
ELPW.US,D,20251110,000000,371.2,382.848,360.832,370.944,362.556,0
ELPW.US,D,20251111,000000,360.96,386.432,197.12,291.2,1742.91,0
ELPW.US,D,20251112,000000,290.688,292.864,257.664,265.216,425.658,0
ELPW.US,D,20251113,000000,268.8,281.472,258.688,279.168,489.221,0
ELPW.US,D,20251114,000000,270.848,275.456,256,266.624,173.401,0
ELPW.US,D,20251117,000000,271.872,301.184,254.976,257.536,171.801,0
ELPW.US,D,20251118,000000,256,262.784,246.272,257.92,173.113,0
ELPW.US,D,20251119,000000,243.2,270.72,243.2,260.736,191.77,0
ELPW.US,D,20251120,000000,261.888,286.592,256.128,256.768,266.147,0
ELPW.US,D,20251121,000000,249.088,255.744,246.016,248.32,143.872,0
ELPW.US,D,20251124,000000,256,278.4,256,276.608,177.75,0
ELPW.US,D,20251125,000000,281.6,289.536,276.864,282.752,108.028,0
ELPW.US,D,20251126,000000,281.6,286.336,270.08,274.688,136.838,0
ELPW.US,D,20251128,000000,275.456,287.872,275.456,280.256,62.946,0
ELPW.US,D,20251201,000000,280.32,294.4,270.08,271.616,144.001,0
ELPW.US,D,20251202,000000,268.928,271.616,257.536,262.528,95.7858,0
ELPW.US,D,20251203,000000,267.776,267.776,256,259.456,79.1875,0
ELPW.US,D,20251204,000000,256,273.92,249.6,273.92,156.21,0
ELPW.US,D,20251205,000000,269.44,281.472,260.48,263.552,57.1827,0
ELPW.US,D,20251208,000000,268.8,268.8,256,256,37.2562,0
ELPW.US,D,20251209,000000,257.408,279.68,256,276.48,107.092,0
ELPW.US,D,20251210,000000,278.144,278.144,263.168,266.368,34.6022,0
ELPW.US,D,20251211,000000,263.808,265.216,254.208,255.488,75.7163,0
ELPW.US,D,20251212,000000,262.08,262.08,217.728,224,384.541,0
ELPW.US,D,20251215,000000,248.32,248.32,220.16,225.664,718.206,0
ELPW.US,D,20251216,000000,225.28,225.28,192,211.072,860.661,0
ELPW.US,D,20251217,000000,208,211.712,203.136,204.8,438.668,0
ELPW.US,D,20251218,000000,203.264,210.816,186.24,210.816,679.622,0
ELPW.US,D,20251219,000000,211.712,230.4,204.8,204.8,525.775,0
ELPW.US,D,20251222,000000,204.8,227.84,204.8,227.84,197.973,0
ELPW.US,D,20251223,000000,198.4,198.4,169.263,175.104,1410.1,0
ELPW.US,D,20251224,000000,176.128,186.501,171.008,182.656,2579.93,0
ELPW.US,D,20251226,000000,158.4,165.6,138.072,151.784,1068.37,0
ELPW.US,D,20251229,000000,151.2,177.52,151.2,167.2,2063.57,0
ELPW.US,D,20251230,000000,163.2,163.2,144.808,148.8,1491.01,0
ELPW.US,D,20251231,000000,152,159.2,144.8,145.6,626.512,0
ELPW.US,D,20260102,000000,145.6,164,145.6,153.6,532.9,0
ELPW.US,D,20260105,000000,155.2,176.8,153.6,168,1437.31,0
ELPW.US,D,20260106,000000,172,178.048,162.4,162.4,722.125,0
ELPW.US,D,20260107,000000,163.2,170.4,154.4,154.4,663.825,0
ELPW.US,D,20260108,000000,154.4,179.2,154.4,175.2,1368.51,0
ELPW.US,D,20260109,000000,175.2,185.6,140.8,158.4,958.637,0
ELPW.US,D,20260112,000000,156,172.4,152.8,169.6,941.875,0
ELPW.US,D,20260113,000000,164.8,168.8,148,156,1216.32,0
ELPW.US,D,20260114,000000,157.6,184,157.6,171.2,1478.37,0
ELPW.US,D,20260115,000000,180,207.6,169.6,177.6,2229.08,0
ELPW.US,D,20260116,000000,183.2,201.592,175.2,175.2,694.787,0
ELPW.US,D,20260120,000000,178.4,188,161.632,172.8,1057.46,0
ELPW.US,D,20260121,000000,179.2,179.2,122.4,130.4,18255.3,0
ELPW.US,D,20260122,000000,133.6,136,88.896,96,7750.57,0
ELPW.US,D,20260123,000000,98.4,106.4,61.6,65.704,12996.1,0
ELPW.US,D,20260126,000000,59.504,66.4,43.624,46.224,8970.95,0
ELPW.US,D,20260127,000000,41.2,43.472,31.08,34.4,21087.8,0
ELPW.US,D,20260128,000000,33.6,40.8,32.232,32.92,9664.51,0
ELPW.US,D,20260129,000000,35.52,39.304,22.6,34.408,23579.4,0
ELPW.US,D,20260130,000000,32.848,1221.6,32.16,1115.2,324042,0
ELPW.US,D,20260202,000000,151.2,184.8,56,107.2,408292,0
ELPW.US,D,20260203,000000,96.8,98.4,70.4,72.008,156317,0
ELPW.US,D,20260204,000000,104,196.8,98.4,116,1328061,0
ELPW.US,D,20260205,000000,104,104,88,88,97128.9,0
ELPW.US,D,20260206,000000,93.6,99.2,80.8,88,57107.5,0
ELPW.US,D,20260209,000000,84.8,89.608,72.8,82.4,41025.9,0
ELPW.US,D,20260210,000000,78.32,78.32,68,68.4,35414.3,0
ELPW.US,D,20260211,000000,68,68.056,48.8,51.024,29308,0
ELPW.US,D,20260212,000000,56.8,60.152,51.28,55.52,138930,0
ELPW.US,D,20260213,000000,48.08,48.608,36.744,39,62713.2,0
ELPW.US,D,20260217,000000,36.792,44.8,36.112,39.104,32414.4,0
ELPW.US,D,20260218,000000,35.168,37.6,32.0881,35.064,23717.7,0
ELPW.US,D,20260219,000000,38.4,38.4,33.656,35.9999,10979.5,0
ELPW.US,D,20260220,000000,35.64,36,33.136,34.272,6716.31,0
ELPW.US,D,20260223,000000,35.568,35.568,31.176,31.244,12512.5,0
ELPW.US,D,20260224,000000,38.16,39.2,30.96,33.456,627876,0
ELPW.US,D,20260225,000000,31.28,32.8,23.664,25.848,92256.7,0
ELPW.US,D,20260226,000000,11.12,12.264,10.84,11.384,724968,0
ELPW.US,D,20260227,000000,10.864,10.864,7.848,8.768,559578,0
ELPW.US,D,20260302,000000,8.56,8.56,6.568,7.12,416276,0
ELPW.US,D,20260303,000000,5.36,6.304,4.48,6.24,582401,0
ELPW.US,D,20260304,000000,5.344,6.24,5.24,6.24,395326,0
ELPW.US,D,20260305,000000,7.8,8.272,6,6.544,4169321,0
ELPW.US,D,20260306,000000,4.032,4.048,3.056,3.672,1285434,0
ELPW.US,D,20260309,000000,4.384,5.72,3.776,3.8,5317773,0
ELPW.US,D,20260310,000000,5.712,5.872,4.608,5.096,4545132,0
ELPW.US,D,20260311,000000,4.472,4.472,3.992,4.184,1098172,0
ELPW.US,D,20260312,000000,4.03,4.208,3.1,3.59,5519210,0
ELPW.US,D,20260313,000000,5.1598,5.5,4.58,5.16,14859467,0
ELPW.US,D,20260316,000000,4.72,4.7999,4.01,4.64,1190747,0
ELPW.US,D,20260317,000000,4.23,4.4608,3.4,3.52,553437,0
ELPW.US,D,20260318,000000,3.12,3.4008,2.69,3.01,411212,0
ELPW.US,D,20260319,000000,2.79,2.8799,2.261,2.42,307110,0
ELPW.US,D,20260320,000000,2.4,2.4,2.17,2.24,181212,0
ELPW.US,D,20260323,000000,2.26,3.14,2.26,2.57,685489,0
ELPW.US,D,20260324,000000,2.57,2.6,2.4501,2.56,117106,0
ELPW.US,D,20260325,000000,2.46,2.54,2.3101,2.34,96577,0
ELPW.US,D,20260326,000000,2.31,2.4,2.2127,2.25,83051,0
ELPW.US,D,20260327,000000,2.22,2.2675,2.05,2.06,132142,0
ELPW.US,D,20260330,000000,2,2.05,1.85,1.9,119981,0
ELPW.US,D,20260331,000000,1.89,2.12,1.89,2.02,68585,0
ELPW.US,D,20260401,000000,2.03,2.0391,1.87,1.95,121576,0
ELPW.US,D,20260402,000000,1.9,1.9,1.78,1.82,109378,0
ELPW.US,D,20260406,000000,1.85,1.85,1.55,1.65,207217,0
ELPW.US,D,20260407,000000,1.67,1.6727,1.5206,1.56,147010,0
ELPW.US,D,20260408,000000,2.73,3.02,1.38,2.25,29872759,0
ELPW.US,D,20260409,000000,2.32,2.32,1.83,1.95,702926,0
ELPW.US,D,20260410,000000,2,2.07,1.91,1.91,222121,0
ELPW.US,D,20260413,000000,1.91,2.23,1.89,1.94,273204,0
ELPW.US,D,20260414,000000,1.9523,1.9523,1.81,1.87,165587,0
ELPW.US,D,20260415,000000,1.8301,1.855,1.72,1.8,161240,0
ELPW.US,D,20260416,000000,1.75,1.8,1.71,1.79,99259,0
ELPW.US,D,20260417,000000,1.74,1.8,1.733,1.8,95357,0
ELPW.US,D,20260420,000000,1.75,1.79,1.66,1.73,115308,0
ELPW.US,D,20260421,000000,1.71,1.73,1.55,1.57,1552529,0
ELPW.US,D,20260422,000000,2.03,3.12,2,2.59,86010282,0
ELPW.US,D,20260423,000000,2.42,2.8,2.35,2.67,1664704,0
ELPW.US,D,20260424,000000,3.9099,4.37,3.21,3.62,64949226,0
ELPW.US,D,20260427,000000,4.48,4.89,3.91,4.3,11141154,0
ELPW.US,D,20260428,000000,3.88,4.3,3.68,4.07,864828,0
ELPW.US,D,20260429,000000,3.84,3.96,3.25,3.83,444774,0
ELPW.US,D,20260430,000000,3.68,4.56,3.53,3.97,669282,0
ELPW.US,D,20260501,000000,3.95,4.5,3.85,4.42,437747,0
ELPW.US,D,20260504,000000,4.56,10.2,4.56,7.33,37567631,0
ELPW.US,D,20260505,000000,7.51,8.72,5.7801,5.87,3234502,0
ELPW.US,D,20260506,000000,6.54,6.88,4.33,5.59,1307489,0
ELPW.US,D,20260507,000000,5.39,8.36,5.36,7.09,4145532,0
ELPW.US,D,20260508,000000,6.87,7.2511,6.05,6.43,565753,0
ELPW.US,D,20260511,000000,5.8,6.206,5.405,5.68,335199,0
ELPW.US,D,20260512,000000,4.57,4.7,2.55,3.03,1580527,0
ELPW.US,D,20260513,000000,2.79,3.19,2.755,2.81,681425,0
ELPW.US,D,20260514,000000,2.62,2.6499,1.5901,1.94,2185546,0
ELPW.US,D,20260515,000000,0.996,1.09,0.7578,0.95,9854199,0
ELPW.US,D,20260518,000000,0.91,1.29,0.854,0.9756,3415130,0
ELPW.US,D,20260519,000000,1.02,1.1,0.94,0.9405,937126,0
ELPW.US,D,20260520,000000,0.9799,1.04,0.8825,0.9913,1934360,0
ELPW.US,D,20260521,000000,0.9931,1,0.92,0.92,568515,0
ELPW.US,D,20260522,000000,0.92,0.949899,0.85,0.8831,603910,0
ELPW.US,D,20260526,000000,0.92,0.92,0.7839,0.7951,852771,0
ELPW.US,D,20260527,000000,0.812,0.8398,0.726,0.7532,502146,0
ELPW.US,D,20260528,000000,0.756,0.82,0.75,0.7719,764062,0
ELPW.US,D,20260529,000000,0.8,0.84,0.73,0.8,712000,0
ELPW.US,D,20260601,000000,0.8238,0.89,0.78,0.868,1093024,0
ELPW.US,D,20260602,000000,0.8839,1.0899,0.85005,0.93,1440293,0
ELPW.US,D,20260603,000000,0.92,0.92,0.83,0.8444,507869,0
ELPW.US,D,20260604,000000,0.8444,0.92,0.82,0.8857,318396,0
ELPW.US,D,20260605,000000,0.8662,0.8697,0.7413,0.7675,4923238,0
ELPW.US,D,20260608,000000,0.706,0.84,0.6606,0.7706,1982770,0
ELPW.US,D,20260609,000000,1.33,2.33,0.9501,1.16,127073082,0
ELPW.US,D,20260610,000000,1.09,1.34,1.07,1.16,5960593,0
ELPW.US,D,20260611,000000,1.1,1.34,1.1,1.17,2367524,0
ELPW.US,D,20260612,000000,1.08,1.265,1,1.07,2022385,0
ELPW.US,D,20260615,000000,1.06,1.24,1.0302,1.04,1804240,0
ELPW.US,D,20260616,000000,1.06,1.2022,1.01,1.01,1386874,0
ELPW.US,D,20260617,000000,1.02,1.02,0.9178,1.01,935447,0
ELPW.US,D,20260618,000000,0.9547,0.978,0.885,0.8919,559007,0
ELPW.US,D,20260622,000000,0.9021,0.9749,0.862,0.974,504573,0
ELPW.US,D,20260623,000000,0.927,1.04,0.8963,1.03,643760,0
ELPW.US,D,20260624,000000,1,1.0076,0.916,0.97,321854,0
