<TICKER>,<PER>,<DATE>,<TIME>,<OPEN>,<HIGH>,<LOW>,<CLOSE>,<VOL>,<OPENINT>
EMAT.US,D,20260106,000000,9,21.29,7.05,21.29,736330,0
EMAT.US,D,20260107,000000,16.1,24.085,16.1,19,800522,0
EMAT.US,D,20260108,000000,17.37,18.3,16.2,17.01,443639,0
EMAT.US,D,20260109,000000,15.91,16.8,11.52,16.4,210160,0
EMAT.US,D,20260112,000000,16,17.5,16,16.45,59299,0
EMAT.US,D,20260113,000000,16.14,16.14,8.75,9.51,272973,0
EMAT.US,D,20260114,000000,9.88,11.625,9.21,10.46,161620,0
EMAT.US,D,20260115,000000,10.6,12.24,9.5,9.92,146021,0
EMAT.US,D,20260116,000000,9.91,10.0734,8.23,8.4,105340,0
EMAT.US,D,20260120,000000,8.61,9.2367,8.11,8.3,43854,0
EMAT.US,D,20260121,000000,8.3,8.7,7.94,7.94,189484,0
EMAT.US,D,20260122,000000,8.06,10.4599,7.6,9.82,201514,0
EMAT.US,D,20260123,000000,10.43,11.27,9.5,9.54,345276,0
EMAT.US,D,20260126,000000,9.47,9.47,6.97,7,495068,0
EMAT.US,D,20260127,000000,7.25,7.41,7,7.11,162961,0
EMAT.US,D,20260128,000000,7.04,7.51,6.92,7.1,132606,0
EMAT.US,D,20260129,000000,7.05,7.5,6.62,7.05,192497,0
EMAT.US,D,20260130,000000,7.05,7.16,6.3,6.73,97550,0
EMAT.US,D,20260202,000000,6.97,7.5,6.76,7.16,172138,0
EMAT.US,D,20260203,000000,7.65,7.65,6.72,7.25,123652,0
EMAT.US,D,20260204,000000,7.16,7.418,6.32,6.8,86784,0
EMAT.US,D,20260205,000000,6.61,7.03,5.5,5.88,91119,0
EMAT.US,D,20260206,000000,6.01,6.3,5.7,6.13,118852,0
EMAT.US,D,20260209,000000,6.5,6.9,6.13,6.755,180445,0
EMAT.US,D,20260210,000000,7.25,7.25,6.25,6.86,108863,0
EMAT.US,D,20260211,000000,7.11,7.41,6.87,7.19,135041,0
EMAT.US,D,20260212,000000,7.17,7.62,6.975,7.62,103193,0
EMAT.US,D,20260213,000000,7.43,10.89,7.336,9.9,452729,0
EMAT.US,D,20260217,000000,10.51,11.67,9.2,10.28,338941,0
EMAT.US,D,20260218,000000,11,13.2399,10.29,13.12,462327,0
EMAT.US,D,20260219,000000,14.7,15,11.06,11.9,517916,0
EMAT.US,D,20260220,000000,11.51,11.8,9.59,10.98,442114,0
EMAT.US,D,20260223,000000,10.12,11.565,9.5,9.85,188334,0
EMAT.US,D,20260224,000000,10.11,10.43,9.51,9.94,193540,0
EMAT.US,D,20260225,000000,9.77,10.08,9.03,9.18,147604,0
EMAT.US,D,20260226,000000,8.94,9.4799,8.405,8.52,140898,0
EMAT.US,D,20260227,000000,8.4,8.4,7.83,7.97,143903,0
EMAT.US,D,20260302,000000,7.76,10.99,7.5801,10.11,710712,0
EMAT.US,D,20260303,000000,9.93,10.215,8.865,9.215,215568,0
EMAT.US,D,20260304,000000,9.44,9.92,8.5,8.51,114476,0
EMAT.US,D,20260305,000000,8.43,9.6699,8.4,8.51,155233,0
EMAT.US,D,20260306,000000,8.6,10.8,8.5114,9.76,379954,0
EMAT.US,D,20260309,000000,9.76,10.36,8.14,8.255,376434,0
EMAT.US,D,20260310,000000,8.22,8.3,7.58,7.76,309350,0
EMAT.US,D,20260311,000000,7.7,7.9299,7.2,7.46,182449,0
EMAT.US,D,20260312,000000,7.49,8.7,7.41,7.95,244334,0
EMAT.US,D,20260313,000000,7.89,8.29,7.57,7.8,87245,0
EMAT.US,D,20260316,000000,7.75,8.105,7.01,7.35,178213,0
EMAT.US,D,20260317,000000,7.53,7.53,7.01,7.015,154933,0
EMAT.US,D,20260318,000000,7,7.32,6.7,6.75,137761,0
EMAT.US,D,20260319,000000,7,7.62,6.97,7.12,179040,0
EMAT.US,D,20260320,000000,7.28,7.28,6.76,6.82,37503,0
EMAT.US,D,20260323,000000,6.89,7.3076,6.82,7.18,35450,0
EMAT.US,D,20260324,000000,7,7.43,6.86,7.43,47197,0
EMAT.US,D,20260325,000000,7.5,7.5,7.08,7.15,49043,0
EMAT.US,D,20260326,000000,6.93,7.2,6.735,6.85,70051,0
EMAT.US,D,20260327,000000,6.95,6.99,6.78,6.83,39226,0
EMAT.US,D,20260330,000000,6.95,7.04,6.51,6.74,70699,0
EMAT.US,D,20260331,000000,6.99,7.63,6.901,7.59,66185,0
EMAT.US,D,20260401,000000,7.69,8.6245,7.375,8.23,163700,0
EMAT.US,D,20260402,000000,8.04,8.45,8.02,8.35,83672,0
EMAT.US,D,20260406,000000,8.53,8.59,7.9,7.92,63404,0
EMAT.US,D,20260407,000000,7.9,8.59,7.51,8.09,119957,0
EMAT.US,D,20260408,000000,8.1,8.49,7.26,7.58,140297,0
EMAT.US,D,20260409,000000,7.62,7.8802,7.39,7.46,73223,0
EMAT.US,D,20260410,000000,7.41,8.2599,7.41,7.93,138019,0
EMAT.US,D,20260413,000000,7.83,8.37,7.82,7.99,104047,0
EMAT.US,D,20260414,000000,8.15,8.5,7.992,8.15,95437,0
EMAT.US,D,20260415,000000,8.21,8.6,7.805,7.99,146203,0
EMAT.US,D,20260416,000000,8,8.24,7.88,8,88455,0
EMAT.US,D,20260417,000000,8.1,8.61,8,8.34,156501,0
EMAT.US,D,20260420,000000,8.4,8.96,8.0568,8.46,158823,0
EMAT.US,D,20260421,000000,8.5,8.5,7.97,8.14,66612,0
EMAT.US,D,20260422,000000,8.11,9.44,8.1,9.29,220091,0
EMAT.US,D,20260423,000000,9.29,9.4059,8.9534,9.27,92292,0
EMAT.US,D,20260424,000000,9.22,9.6,8.8,9.15,83989,0
EMAT.US,D,20260427,000000,9.33,9.55,9.065,9.17,66844,0
EMAT.US,D,20260428,000000,9.25,9.4,8.6,9.24,81955,0
EMAT.US,D,20260429,000000,9.29,9.6,8.8,8.87,66232,0
EMAT.US,D,20260430,000000,9.07,9.8114,9.0336,9.57,98425,0
EMAT.US,D,20260501,000000,9.55,10.4399,9.55,9.7,203505,0
EMAT.US,D,20260504,000000,9.28,9.69,9.08,9.58,133753,0
EMAT.US,D,20260505,000000,9.68,10.24,9.2828,9.48,105597,0
EMAT.US,D,20260506,000000,9.62,9.7827,9,9.47,69924,0
EMAT.US,D,20260507,000000,9.29,9.69,8.51,9.33,226419,0
EMAT.US,D,20260508,000000,9.17,9.67,8.6553,9.5,92209,0
EMAT.US,D,20260511,000000,9.42,9.67,8.905,9.47,113596,0
EMAT.US,D,20260512,000000,9.11,10.28,8.67,10.18,142708,0
EMAT.US,D,20260513,000000,9.89,10.18,9.14,9.34,91455,0
EMAT.US,D,20260514,000000,9.74,9.9493,8.765,8.8,172301,0
EMAT.US,D,20260515,000000,8.8,8.8681,7.86,7.86,137801,0
EMAT.US,D,20260518,000000,8.06,8.2809,7.315,7.39,107812,0
EMAT.US,D,20260519,000000,7.39,7.685,7,7,105530,0
EMAT.US,D,20260520,000000,7.14,7.655,7,7.56,81716,0
EMAT.US,D,20260521,000000,8.09,8.34,7.6246,8.325,116976,0
EMAT.US,D,20260522,000000,8.75,9.15,7.77,7.99,164879,0
EMAT.US,D,20260526,000000,8.2,8.2,7.05,7.12,473648,0
EMAT.US,D,20260527,000000,7.19,7.24,6.88,6.99,256039,0
EMAT.US,D,20260528,000000,6.91,7.12,6.68,7.03,135310,0
EMAT.US,D,20260529,000000,7.1,7.1,6.71,6.75,114324,0
EMAT.US,D,20260601,000000,6.89,7.36,6.75,7.2,169910,0
EMAT.US,D,20260602,000000,7.26,7.37,7.06,7.29,66409,0
EMAT.US,D,20260603,000000,7.17,7.25,6.97,7.145,59556,0
EMAT.US,D,20260604,000000,7.04,7.27,6.95,6.95,43514,0
EMAT.US,D,20260605,000000,6.85,6.89,6.51,6.64,147654,0
EMAT.US,D,20260608,000000,6.7,6.99,6.37,6.54,62779,0
EMAT.US,D,20260609,000000,6.55,6.7625,6.25,6.69,53438,0
EMAT.US,D,20260610,000000,6.43,6.79,6.4,6.58,71994,0
EMAT.US,D,20260611,000000,6.6,7.1,6.6,7.03,96891,0
EMAT.US,D,20260612,000000,6.83,7.22,6.76,6.81,48406,0
EMAT.US,D,20260615,000000,7.11,7.14,6.85,6.93,31938,0
EMAT.US,D,20260616,000000,6.93,7.28,6.8,7.14,94505,0
EMAT.US,D,20260617,000000,7.2,7.45,7.05,7.29,82386,0
EMAT.US,D,20260618,000000,7.45,7.595,7.12,7.44,102239,0
EMAT.US,D,20260622,000000,7.35,7.43,6.95,6.99,67508,0
EMAT.US,D,20260623,000000,6.955,7.2767,6.7508,7.12,68150,0
EMAT.US,D,20260624,000000,7.21,7.21,6.8,6.89,68959,0
