<TICKER>,<PER>,<DATE>,<TIME>,<OPEN>,<HIGH>,<LOW>,<CLOSE>,<VOL>,<OPENINT>
FCUV.US,D,20210831,000000,400,462,307.333,340,21485.115000000005,0
FCUV.US,D,20210901,000000,414.667,1632,380,1285.33,610986.015,0
FCUV.US,D,20210902,000000,1428,1683.33,1102.67,1194,579633.555,0
FCUV.US,D,20210903,000000,1150.72,1186.6,866,930.667,85901.19,0
FCUV.US,D,20210907,000000,904.667,1162.67,897.933,977.333,57263.76,0
FCUV.US,D,20210908,000000,972.667,1092.67,900.667,995.333,29259.420000000002,0
FCUV.US,D,20210909,000000,995.333,1085.33,958.673,987.333,21428.895000000004,0
FCUV.US,D,20210910,000000,1000,1050,905.333,966,11526.330000000002,0
FCUV.US,D,20210913,000000,947.333,958.667,869.333,880.667,4517.265,0
FCUV.US,D,20210914,000000,880,896.667,656.667,660,7553.235000000001,0
FCUV.US,D,20210915,000000,684,856,653.333,746.667,45086.58000000001,0
FCUV.US,D,20210916,000000,714.667,954.667,713.667,850,15164.400000000001,0
FCUV.US,D,20210917,000000,849.333,880,790,858.667,6785.3550000000005,0
FCUV.US,D,20210920,000000,801.333,828.887,746.667,771.333,3504.0150000000003,0
FCUV.US,D,20210921,000000,803.333,816.667,726.667,727.333,4692.015,0
FCUV.US,D,20210922,000000,736,783.327,714.667,726.667,2589.0150000000003,0
FCUV.US,D,20210923,000000,716.667,749.927,702,715.333,2523.6150000000002,0
FCUV.US,D,20210924,000000,760.667,865.333,734.667,754,31136.955,0
FCUV.US,D,20210927,000000,736,750,680.667,704,6411.1050000000005,0
FCUV.US,D,20210928,000000,704,729.14,674.667,710,5574.045000000001,0
FCUV.US,D,20210929,000000,684,693.333,600,603.333,6206.025000000001,0
FCUV.US,D,20210930,000000,613.333,626,558,577.333,5423.55,0
FCUV.US,D,20211001,000000,577.333,577.333,502,516.667,7692.390000000001,0
FCUV.US,D,20211004,000000,526,645.333,516.667,565.333,36085.48500000001,0
FCUV.US,D,20211005,000000,567.333,586.667,522.667,549.333,9923.1,0
FCUV.US,D,20211006,000000,527.333,550.667,512,526.667,4969.410000000001,0
FCUV.US,D,20211007,000000,535.333,543.333,517.333,525.333,2860.125,0
FCUV.US,D,20211008,000000,531.333,556,490.693,500.667,3635.8050000000003,0
FCUV.US,D,20211011,000000,492,556,488.667,521.333,3339.3450000000007,0
FCUV.US,D,20211012,000000,516.667,612.667,500.267,547.333,13528.470000000001,0
FCUV.US,D,20211013,000000,556.667,656.667,550.667,589.333,19214.16,0
FCUV.US,D,20211014,000000,577.333,699.333,540,590,17866.680000000004,0
FCUV.US,D,20211015,000000,574.667,590.667,548.693,560,2475.5550000000003,0
FCUV.US,D,20211018,000000,548.667,566.667,534.667,546,2505.09,0
FCUV.US,D,20211019,000000,546.667,557.333,535.333,540,1022.25,0
FCUV.US,D,20211020,000000,546.667,568,533.333,536.667,3017.1450000000004,0
FCUV.US,D,20211021,000000,539.333,551.773,534.667,543.333,1547.085,0
FCUV.US,D,20211022,000000,536.667,538.66,508.667,524,3263.1900000000005,0
FCUV.US,D,20211025,000000,512.667,526,506.667,513.333,998.25,0
FCUV.US,D,20211026,000000,512,521.687,508.667,518,2245.44,0
FCUV.US,D,20211027,000000,518,522,506.667,513.333,1126.9650000000001,0
FCUV.US,D,20211028,000000,511.333,514,503.333,507.333,470.925,0
FCUV.US,D,20211029,000000,506.667,513.333,493.333,502,1080.9,0
FCUV.US,D,20211101,000000,502,526.88,501.333,524,1537.1400000000003,0
FCUV.US,D,20211102,000000,518,522.667,505.34,519.333,860.1,0
FCUV.US,D,20211103,000000,510,524,508,518,397.68000000000006,0
FCUV.US,D,20211104,000000,520,540,514,528,1969.8000000000002,0
FCUV.US,D,20211105,000000,530,530,514.667,517.333,491.40000000000003,0
FCUV.US,D,20211108,000000,515.333,530.667,514.667,525.333,843.5550000000002,0
FCUV.US,D,20211109,000000,520,566.667,516,552.667,4438.77,0
FCUV.US,D,20211110,000000,536,556,525.333,554,833.2200000000001,0
FCUV.US,D,20211111,000000,548,698.66,542.56,609.333,21821.475000000002,0
FCUV.US,D,20211112,000000,608,620,552,588.667,4504.575,0
FCUV.US,D,20211115,000000,576.667,611.667,527.333,533.333,1937.325,0
FCUV.US,D,20211116,000000,534,595.993,525.333,587.333,3046.4100000000003,0
FCUV.US,D,20211117,000000,587.333,651.333,564.667,594,10943.085000000001,0
FCUV.US,D,20211118,000000,590.667,624,578,596.667,4938.075000000001,0
FCUV.US,D,20211119,000000,596.667,664,595.333,655.333,7797.87,0
FCUV.US,D,20211122,000000,665.333,756.667,643.333,709.333,13529.895000000002,0
FCUV.US,D,20211123,000000,683.333,719.333,603.333,605.333,3182.9100000000003,0
FCUV.US,D,20211124,000000,600,636.393,600,612.667,1107.8400000000001,0
FCUV.US,D,20211126,000000,600,656.667,586.6,654.667,508.2900000000001,0
FCUV.US,D,20211129,000000,654,722,641.333,719.333,2195.8050000000003,0
FCUV.US,D,20211130,000000,708,775.333,684,774.667,2053.7550000000006,0
FCUV.US,D,20211201,000000,771.333,826,757.333,816.667,3658.2300000000005,0
FCUV.US,D,20211202,000000,806.667,806.667,755.153,797.333,1553.535,0
FCUV.US,D,20211203,000000,797.333,897.593,759.333,806,3828.1650000000004,0
FCUV.US,D,20211206,000000,767.547,916.667,764,896.667,4135.785000000001,0
FCUV.US,D,20211207,000000,884.667,910.667,860.007,890.667,1647.45,0
FCUV.US,D,20211208,000000,900,953.333,895.333,918.667,3440.0700000000006,0
FCUV.US,D,20211209,000000,930,965.333,918,957.333,1908.705,0
FCUV.US,D,20211210,000000,959.333,1034.67,959.333,1000.67,3624.2250000000004,0
FCUV.US,D,20211213,000000,1016,1032.67,800.667,801.333,3358.785,0
FCUV.US,D,20211214,000000,793.333,929.333,785.333,868,4385.85,0
FCUV.US,D,20211215,000000,841.333,917.667,833.333,916,4249.095,0
FCUV.US,D,20211216,000000,902,933.333,850,869.333,4019.3250000000003,0
FCUV.US,D,20211217,000000,852,905.333,787.333,799.333,15766.920000000002,0
FCUV.US,D,20211220,000000,762.667,798,701.333,706,3467.31,0
FCUV.US,D,20211221,000000,712,748.667,712,734,2332.6200000000003,0
FCUV.US,D,20211222,000000,708.667,726.667,671.333,677.333,1103.76,0
FCUV.US,D,20211223,000000,680,728.667,668.667,672.667,837.0450000000001,0
FCUV.US,D,20211227,000000,671.333,724.667,671.333,724,998.7900000000002,0
FCUV.US,D,20211228,000000,713.333,713.333,668.667,674,844.335,0
FCUV.US,D,20211229,000000,666.667,673.327,623.333,633.333,1041.7350000000001,0
FCUV.US,D,20211230,000000,624.667,673.333,624.667,625.333,681.855,0
FCUV.US,D,20211231,000000,622.667,636,590.667,590.667,707.6700000000001,0
FCUV.US,D,20220103,000000,588.667,628.667,588.667,614.667,394.63500000000005,0
FCUV.US,D,20220104,000000,610,615,580,586.667,599.13,0
FCUV.US,D,20220105,000000,572.667,600,568,592,318.31500000000005,0
FCUV.US,D,20220106,000000,594,635.687,580.667,600.667,380.595,0
FCUV.US,D,20220107,000000,599.333,602,570,586.667,646.5450000000001,0
FCUV.US,D,20220110,000000,594.333,594.333,520,527.333,914.2800000000002,0
FCUV.US,D,20220111,000000,526.667,588.667,526,578.667,813.7350000000001,0
FCUV.US,D,20220112,000000,584.667,592,533.333,559.333,404.40000000000003,0
FCUV.US,D,20220113,000000,564,586,524,530,1129.2150000000001,0
FCUV.US,D,20220114,000000,522.667,558,522.667,538,631.9950000000001,0
FCUV.US,D,20220118,000000,523.333,528.667,490.667,492.667,614.8050000000001,0
FCUV.US,D,20220119,000000,498,512.333,458.667,462.667,606.1650000000001,0
FCUV.US,D,20220120,000000,472,519.333,442.667,442.667,838.14,0
FCUV.US,D,20220121,000000,442.667,451.333,398,412,507.3,0
FCUV.US,D,20220124,000000,403.333,455.333,393.333,449.333,731.4300000000001,0
FCUV.US,D,20220125,000000,438,446.307,426.667,432,214.17000000000004,0
FCUV.US,D,20220126,000000,446,480,443.333,454.667,817.2150000000001,0
FCUV.US,D,20220127,000000,450,453.333,424.667,439.333,324.58500000000004,0
FCUV.US,D,20220128,000000,438,438,414.667,437.333,289.785,0
FCUV.US,D,20220131,000000,439.333,522.667,425.333,522.667,388.08000000000004,0
FCUV.US,D,20220201,000000,486.667,533.333,486.667,530.667,175.06500000000003,0
FCUV.US,D,20220202,000000,517.333,590.667,517.333,583.333,489,0
FCUV.US,D,20220203,000000,576.667,578.667,512.667,578.667,297.21000000000004,0
FCUV.US,D,20220204,000000,559.333,619.333,548.66,604.667,986.5050000000001,0
FCUV.US,D,20220207,000000,614,629.993,560,596,1035.8100000000002,0
FCUV.US,D,20220208,000000,591.333,638,591.333,625.333,389.71500000000003,0
FCUV.US,D,20220209,000000,636.667,695.333,626,676.667,854.3700000000001,0
FCUV.US,D,20220210,000000,623.333,706.66,623.333,680,930.1500000000001,0
FCUV.US,D,20220211,000000,667.333,717.333,667.333,700.667,603.315,0
FCUV.US,D,20220214,000000,707.333,729.333,668,695.333,455.145,0
FCUV.US,D,20220215,000000,714,754,697.333,732.667,538.2450000000001,0
FCUV.US,D,20220216,000000,732,800,732,800,910.9950000000001,0
FCUV.US,D,20220217,000000,800,853.333,800,826,1066.5300000000002,0
FCUV.US,D,20220218,000000,790,813.333,734.667,785.333,785.0100000000001,0
FCUV.US,D,20220222,000000,768.667,768.667,600,612,1250.9850000000001,0
FCUV.US,D,20220223,000000,642.667,651.333,623.333,644.667,433.15500000000003,0
FCUV.US,D,20220224,000000,600,633.333,559.333,617.333,620.355,0
FCUV.US,D,20220225,000000,604,636,588,620.667,320.76000000000005,0
FCUV.US,D,20220228,000000,622,628,606,606,253.03500000000005,0
FCUV.US,D,20220301,000000,621.333,633.333,581.333,584,395.58000000000004,0
FCUV.US,D,20220302,000000,602.667,632,593.333,622.667,414.9150000000001,0
FCUV.US,D,20220303,000000,603.36,714.667,603.36,684,568.5150000000001,0
FCUV.US,D,20220304,000000,654,725.333,654,664.667,422.9100000000001,0
FCUV.US,D,20220307,000000,657.333,666,598.667,606.667,585.48,0
FCUV.US,D,20220308,000000,600,630,574,599.333,589.35,0
FCUV.US,D,20220309,000000,592,633.333,586,633.333,482.61000000000007,0
FCUV.US,D,20220310,000000,614,643.333,595.333,643.333,357.7950000000001,0
FCUV.US,D,20220311,000000,597.333,640,597.333,633.333,196.20000000000002,0
FCUV.US,D,20220314,000000,605.34,674.333,605.34,638,1337.7900000000002,0
FCUV.US,D,20220315,000000,657.333,714.667,646.667,665.333,268.845,0
FCUV.US,D,20220316,000000,712.667,783.333,670,746,1647.9150000000002,0
FCUV.US,D,20220317,000000,753.333,800,711.333,794,519.4350000000001,0
FCUV.US,D,20220318,000000,800,822.667,744.1,822.667,750.855,0
FCUV.US,D,20220321,000000,823.333,866,793.707,865.333,779.8200000000002,0
FCUV.US,D,20220322,000000,865.333,919.647,804.667,894,1063.515,0
FCUV.US,D,20220323,000000,902,902,848,880,562.005,0
FCUV.US,D,20220324,000000,850,959.333,850,930,1046.835,0
FCUV.US,D,20220325,000000,934,954,883.587,925.333,699.7800000000001,0
FCUV.US,D,20220328,000000,918.667,934,888.667,903.333,828.375,0
FCUV.US,D,20220329,000000,902.667,956.667,886,944.667,1169.4150000000002,0
FCUV.US,D,20220330,000000,936,946.667,882,932.667,822.075,0
FCUV.US,D,20220331,000000,920,921,890,893.333,967.1850000000001,0
FCUV.US,D,20220401,000000,904,929.333,876.547,894.667,846.21,0
FCUV.US,D,20220404,000000,902,950.667,895.333,938,808.3050000000001,0
FCUV.US,D,20220405,000000,923.333,982,903.333,968.667,1156.3500000000001,0
FCUV.US,D,20220406,000000,940,964.667,880,886,1282.0950000000003,0
FCUV.US,D,20220407,000000,867.333,872.667,726,735.333,3778.5300000000007,0
FCUV.US,D,20220408,000000,728.667,778.667,728.667,743.333,1644.8400000000001,0
FCUV.US,D,20220411,000000,726,761.333,689.333,729.333,1000.2600000000001,0
FCUV.US,D,20220412,000000,724,810.667,718.667,794,1326.5550000000003,0
FCUV.US,D,20220413,000000,772,841.333,733.333,809.333,1129.275,0
FCUV.US,D,20220414,000000,816,817.327,780,794,871.8300000000002,0
FCUV.US,D,20220418,000000,797.333,845.333,784,836.667,1699.2900000000002,0
FCUV.US,D,20220419,000000,814,880,794,836.667,863.2800000000002,0
FCUV.US,D,20220420,000000,851.333,922.667,831.667,878,1085.22,0
FCUV.US,D,20220421,000000,892,910,841.333,852.667,758.8050000000001,0
FCUV.US,D,20220422,000000,821.407,882,816.667,876,692.9250000000001,0
FCUV.US,D,20220425,000000,844,910.667,820,910.667,1008.4350000000001,0
FCUV.US,D,20220426,000000,904,932.667,850.667,900.667,844.725,0
FCUV.US,D,20220427,000000,900,973.333,880.72,944,1195.425,0
FCUV.US,D,20220428,000000,943.333,986.667,896.193,955.333,2186.445,0
FCUV.US,D,20220429,000000,966,996.667,928.667,958,1688.295,0
FCUV.US,D,20220502,000000,940,974,925.893,959.333,917.8950000000001,0
FCUV.US,D,20220503,000000,962.667,968,916,924.667,988.3650000000002,0
FCUV.US,D,20220504,000000,939.333,949.333,888,915.333,772.0050000000001,0
FCUV.US,D,20220505,000000,912,945.333,901.667,936,562.0200000000001,0
FCUV.US,D,20220506,000000,926.667,936.667,884,910,408.87000000000006,0
FCUV.US,D,20220509,000000,898,898,840,855.333,1164.285,0
FCUV.US,D,20220510,000000,861.333,865.333,728,749.333,2434.7100000000005,0
FCUV.US,D,20220511,000000,800,801,709.333,710,1531.275,0
FCUV.US,D,20220512,000000,697.333,788.667,684,742,1750.92,0
FCUV.US,D,20220513,000000,753.333,844.667,753.333,812.667,1717.005,0
FCUV.US,D,20220516,000000,824,848.667,726.667,738.667,1242.63,0
FCUV.US,D,20220517,000000,756.667,828.333,756.667,800,807.855,0
FCUV.US,D,20220518,000000,812.667,842,784,797.333,1042.1850000000002,0
FCUV.US,D,20220519,000000,790,825.333,790,808,822.915,0
FCUV.US,D,20220520,000000,818.667,890.667,811.333,831.333,961.44,0
FCUV.US,D,20220523,000000,844.667,884,840.667,848,607.2600000000001,0
FCUV.US,D,20220524,000000,842.667,871.333,825.667,860,332.175,0
FCUV.US,D,20220525,000000,860,860,825.333,837.333,626.3100000000001,0
FCUV.US,D,20220526,000000,852.333,918,852.333,910.667,1459.125,0
FCUV.US,D,20220527,000000,917.333,996.667,917.333,972,1093.335,0
FCUV.US,D,20220531,000000,980.667,988.667,913.333,931.333,2141.895,0
FCUV.US,D,20220601,000000,904.667,996.667,903.333,966.667,1523.8050000000003,0
FCUV.US,D,20220602,000000,959.333,989.167,933.333,940.667,1359.7050000000002,0
FCUV.US,D,20220603,000000,930,942,893,919.333,1007.4450000000002,0
FCUV.US,D,20220606,000000,940,940,859.367,911.333,1435.575,0
FCUV.US,D,20220607,000000,869.333,880,760,793.333,2393.6400000000003,0
FCUV.US,D,20220608,000000,785.333,880,766.667,792,1363.5,0
FCUV.US,D,20220609,000000,794,822.333,648.667,666.667,2357.67,0
FCUV.US,D,20220610,000000,676.667,683.993,640.667,670,1051.9650000000001,0
FCUV.US,D,20220613,000000,633.333,710,624,706,2622.2850000000003,0
FCUV.US,D,20220614,000000,684.667,754,684.667,737.333,1237.6050000000002,0
FCUV.US,D,20220615,000000,760.667,944.333,742.667,926.667,3214.425,0
FCUV.US,D,20220616,000000,880.667,966.667,879.333,966.667,4463.895,0
FCUV.US,D,20220617,000000,972.667,992,884.667,962.667,13976.730000000003,0
FCUV.US,D,20220621,000000,968.667,984.667,888.667,909.333,1898.6850000000004,0
FCUV.US,D,20220622,000000,882,931.333,828,893.333,1910.205,0
FCUV.US,D,20220623,000000,878,979.513,862.593,913.333,1865.5500000000002,0
FCUV.US,D,20220624,000000,919.333,976.667,834,900.667,34903.65,0
FCUV.US,D,20220627,000000,904,961.933,846.667,886,2177.4150000000004,0
FCUV.US,D,20220628,000000,877.333,928.667,820.667,828,946.0950000000001,0
FCUV.US,D,20220629,000000,821.333,826.667,738,750.667,3210.2400000000002,0
FCUV.US,D,20220630,000000,754.667,781.607,715.36,761.333,1327.65,0
FCUV.US,D,20220701,000000,756,794,729.253,772,737.3850000000001,0
FCUV.US,D,20220705,000000,762,815.333,716.187,814.667,1671,0
FCUV.US,D,20220706,000000,801.333,880,801.333,845.333,958.875,0
FCUV.US,D,20220707,000000,847.333,898.667,842,880.667,827.625,0
FCUV.US,D,20220708,000000,852,933.333,852,926,1229.5950000000003,0
FCUV.US,D,20220711,000000,922,931.333,853.333,857.333,556.215,0
FCUV.US,D,20220712,000000,874,917.333,830.667,900,797.5350000000001,0
FCUV.US,D,20220713,000000,875.333,933.333,860,911.333,744.48,0
FCUV.US,D,20220714,000000,919.333,919.333,866,898,526.2600000000001,0
FCUV.US,D,20220715,000000,921.333,921.333,866,894.667,583.5,0
FCUV.US,D,20220718,000000,915.333,915.333,866.667,867.333,499.23,0
FCUV.US,D,20220719,000000,886,933.333,879.333,894.667,560.475,0
FCUV.US,D,20220720,000000,906.667,912.667,894,903.333,672.2850000000001,0
FCUV.US,D,20220721,000000,908.667,932.667,870.773,918.667,582.315,0
FCUV.US,D,20220722,000000,929.333,929.333,873.333,879.333,502.875,0
FCUV.US,D,20220725,000000,886,886,836,855.333,419.355,0
FCUV.US,D,20220726,000000,856.667,887.333,839.333,882,360.64500000000004,0
FCUV.US,D,20220727,000000,833.333,916.667,833.333,915.333,771.7950000000001,0
FCUV.US,D,20220728,000000,911.32,980,911.32,944,958.815,0
FCUV.US,D,20220729,000000,931.58,955.287,916,928.667,285.76500000000004,0
FCUV.US,D,20220801,000000,934,946,906,942,531.9900000000001,0
FCUV.US,D,20220802,000000,944.667,966.667,942.667,954.667,281.115,0
FCUV.US,D,20220803,000000,971.333,992,899.367,976.667,890.0100000000001,0
FCUV.US,D,20220804,000000,970,979.333,944.667,974.667,362.175,0
FCUV.US,D,20220805,000000,969.333,1099.33,948.667,1024.67,1705.2150000000001,0
FCUV.US,D,20220808,000000,1033.33,1100,1029.33,1040.67,1107.8700000000001,0
FCUV.US,D,20220809,000000,1036.31,1037.33,934.487,1006,919.9350000000001,0
FCUV.US,D,20220810,000000,1040,1067.15,976.667,1016.67,1095.72,0
FCUV.US,D,20220811,000000,1010,1057.33,993.333,1032.67,566.5350000000001,0
FCUV.US,D,20220812,000000,1048.67,1097.21,1030.5,1095.33,3264.6600000000003,0
FCUV.US,D,20220815,000000,1079.33,1079.33,810,839.333,3658.7250000000004,0
FCUV.US,D,20220816,000000,840,846.667,799.34,828.667,1779.8400000000001,0
FCUV.US,D,20220817,000000,812,818.667,740,744,1782.1200000000001,0
FCUV.US,D,20220818,000000,744,749.507,652.667,674.667,3646.7250000000004,0
FCUV.US,D,20220819,000000,680.667,680.667,590.667,638,2529.525,0
FCUV.US,D,20220822,000000,638,726,620.333,722,1857.6150000000002,0
FCUV.US,D,20220823,000000,720,791.333,711.333,786,1884.8700000000001,0
FCUV.US,D,20220824,000000,776.667,793.333,737.193,755.333,970.74,0
FCUV.US,D,20220825,000000,748,776,731.333,752.667,740.3100000000001,0
FCUV.US,D,20220826,000000,760.667,773.333,727.667,767.333,838.6350000000001,0
FCUV.US,D,20220829,000000,772.667,783.333,756,762.667,846.0600000000001,0
FCUV.US,D,20220830,000000,773.333,773.333,690,699.333,1241.13,0
FCUV.US,D,20220831,000000,706,720,682.667,716.667,5492.460000000001,0
FCUV.US,D,20220901,000000,704.667,704.667,654,676.667,1306.0650000000003,0
FCUV.US,D,20220902,000000,672.667,695.333,653.333,674.667,1224.5700000000002,0
FCUV.US,D,20220906,000000,671.333,688.667,666,674.667,637.9650000000001,0
FCUV.US,D,20220907,000000,678.667,754,674,730,1298.1750000000002,0
FCUV.US,D,20220908,000000,727.333,727.333,669.333,691.333,957.0450000000001,0
FCUV.US,D,20220909,000000,698.027,712,676,695.333,1045.125,0
FCUV.US,D,20220912,000000,693.333,709.333,664,669.333,1186.4850000000001,0
FCUV.US,D,20220913,000000,656.667,673.393,633.333,634.667,973.6050000000001,0
FCUV.US,D,20220914,000000,644,692.667,644,678,620.7,0
FCUV.US,D,20220915,000000,677.333,696.667,674.107,686,783.1200000000001,0
FCUV.US,D,20220916,000000,684.667,689.333,657.713,688,2514.09,0
FCUV.US,D,20220919,000000,695.333,695.333,640.667,663.333,1034.4750000000001,0
FCUV.US,D,20220920,000000,653.333,690,639.86,680,624.75,0
FCUV.US,D,20220921,000000,689.333,705.333,668.333,687.333,579.1350000000001,0
FCUV.US,D,20220922,000000,689.333,689.333,642,660.667,918.6750000000001,0
FCUV.US,D,20220923,000000,644,667,633.333,644.667,797.085,0
FCUV.US,D,20220926,000000,649.333,654,625.333,629.333,385.68000000000006,0
FCUV.US,D,20220927,000000,636,658.667,622,638.667,730.9350000000001,0
FCUV.US,D,20220928,000000,633.333,694,632.667,662,1038.4800000000002,0
FCUV.US,D,20220929,000000,656,656,625.333,642,1295.3400000000001,0
FCUV.US,D,20220930,000000,647.333,649.333,622.333,625.333,1171.17,0
FCUV.US,D,20221003,000000,640.667,649.333,626.667,637.333,723.6150000000001,0
FCUV.US,D,20221004,000000,652.667,662,636.667,658,888.8550000000001,0
FCUV.US,D,20221005,000000,660,660,642.667,654.667,588.6600000000001,0
FCUV.US,D,20221006,000000,653.333,660,608,633.333,864.69,0
FCUV.US,D,20221007,000000,632.667,656.667,610,612.667,544.6800000000001,0
FCUV.US,D,20221010,000000,618,618,577.333,580.667,374.6700000000001,0
FCUV.US,D,20221011,000000,585.333,600.667,570,592.667,654.3000000000001,0
FCUV.US,D,20221012,000000,600,628,595.967,603.333,294.36000000000007,0
FCUV.US,D,20221013,000000,588.667,618.667,578,609.333,379.51500000000004,0
FCUV.US,D,20221014,000000,639.433,639.433,588,594.667,323.85,0
FCUV.US,D,20221017,000000,608,624.253,597.333,616.667,507.6450000000001,0
FCUV.US,D,20221018,000000,620.667,638.667,615.333,625.333,370.51500000000004,0
FCUV.US,D,20221019,000000,629.333,652,626.667,644,277.23,0
FCUV.US,D,20221020,000000,650.667,650.667,622.673,634,500.0400000000001,0
FCUV.US,D,20221021,000000,642,648,624,638.667,450.93000000000006,0
FCUV.US,D,20221024,000000,639.333,646.667,620.667,630,370.98,0
FCUV.US,D,20221025,000000,636,660,623.34,656.667,908.0100000000001,0
FCUV.US,D,20221026,000000,659.333,674.667,643.333,648.667,549.9,0
FCUV.US,D,20221027,000000,655.333,666,645.333,653.333,382.665,0
FCUV.US,D,20221028,000000,656.667,681.667,651.333,671.333,788.565,0
FCUV.US,D,20221031,000000,663.333,683.333,656.333,678.667,590.5350000000001,0
FCUV.US,D,20221101,000000,686,686,654,661.333,309.7950000000001,0
FCUV.US,D,20221102,000000,661.333,666.667,640,660,484.875,0
FCUV.US,D,20221103,000000,652.667,681.333,652.667,666.667,223.65,0
FCUV.US,D,20221104,000000,686,752.667,639.7,748,685.065,0
FCUV.US,D,20221107,000000,748,768.667,668.367,752.667,812.7600000000001,0
FCUV.US,D,20221108,000000,745.333,852.667,745.333,822.667,1075.305,0
FCUV.US,D,20221109,000000,810.667,850.667,790.333,797.333,652.875,0
FCUV.US,D,20221110,000000,828,960,806.3,848,1845.6000000000001,0
FCUV.US,D,20221111,000000,860,949.333,860,899.333,1184.55,0
FCUV.US,D,20221114,000000,860,920.487,857.333,857.333,871.5600000000001,0
FCUV.US,D,20221115,000000,846.667,886,813.587,850,381.345,0
FCUV.US,D,20221116,000000,838.667,838.667,780.833,790,385.06500000000005,0
FCUV.US,D,20221117,000000,780,824.2,768,798.333,494.38500000000005,0
FCUV.US,D,20221118,000000,820.667,824.667,766.667,781.333,852.39,0
FCUV.US,D,20221121,000000,785.333,802,776,779.333,591.8850000000001,0
FCUV.US,D,20221122,000000,784,784,754.667,775.333,278.20500000000004,0
FCUV.US,D,20221123,000000,785.333,833.333,785.333,798,366.87000000000006,0
FCUV.US,D,20221125,000000,797.333,812.667,784,788.667,51.19500000000001,0
FCUV.US,D,20221128,000000,768,797.733,720.667,732,460.605,0
FCUV.US,D,20221129,000000,745.333,750.127,700,706.667,214.275,0
FCUV.US,D,20221130,000000,718.667,748,712.667,732.667,608.445,0
FCUV.US,D,20221201,000000,806.667,806.667,723.333,736.667,246.70500000000004,0
FCUV.US,D,20221202,000000,721.453,774,714.667,729.333,349.23,0
FCUV.US,D,20221205,000000,721.333,766,686.667,713.333,953.0550000000002,0
FCUV.US,D,20221206,000000,730,730,667.333,683.333,1104.045,0
FCUV.US,D,20221207,000000,686.667,686.667,666.667,676.667,409.125,0
FCUV.US,D,20221208,000000,677.333,681.333,639.333,650,341.83500000000004,0
FCUV.US,D,20221209,000000,636.333,698.667,635.133,650,269.83500000000004,0
FCUV.US,D,20221212,000000,620,626.667,586.667,598,1139.625,0
FCUV.US,D,20221213,000000,630,648,574,588.667,1311.0600000000002,0
FCUV.US,D,20221214,000000,584,591.7,544.333,545.333,1096.125,0
FCUV.US,D,20221215,000000,546.667,570,532,535.333,1565.7600000000002,0
FCUV.US,D,20221216,000000,527.333,553.333,424,451.333,5558.655000000001,0
FCUV.US,D,20221219,000000,452,457.333,385.333,393.333,1326.66,0
FCUV.US,D,20221220,000000,396,420.667,394.667,403.667,1139.3400000000001,0
FCUV.US,D,20221221,000000,406,470,400.667,436.667,1541.6400000000003,0
FCUV.US,D,20221222,000000,431.333,452,407.333,411.333,1025.9850000000001,0
FCUV.US,D,20221223,000000,410.667,429.027,402,410,586.0950000000001,0
FCUV.US,D,20221227,000000,412,436.467,405.333,407.333,355.44000000000005,0
FCUV.US,D,20221228,000000,410,418,401.333,412,498.82500000000005,0
FCUV.US,D,20221229,000000,424.913,438,406.667,428,558.6150000000001,0
FCUV.US,D,20221230,000000,420,458,405.333,427.333,752.7750000000001,0
FCUV.US,D,20230103,000000,431.333,452,405.333,424,966.6750000000001,0
FCUV.US,D,20230104,000000,411.333,426.667,388.333,392.667,1544.835,0
FCUV.US,D,20230105,000000,392.667,412.667,384,392,835.74,0
FCUV.US,D,20230106,000000,416.853,416.853,376.667,381.333,647.5500000000001,0
FCUV.US,D,20230109,000000,388.667,421.767,379.333,393.333,285.21000000000004,0
FCUV.US,D,20230110,000000,384.667,396.667,376,396.667,551.85,0
FCUV.US,D,20230111,000000,402.667,431.667,396.667,412,484.90500000000003,0
FCUV.US,D,20230112,000000,396.667,415,395.333,405.333,507.43500000000006,0
FCUV.US,D,20230113,000000,407.667,423.333,400,422.667,729.4050000000001,0
FCUV.US,D,20230117,000000,419,419.333,403.333,408,221.25,0
FCUV.US,D,20230118,000000,408,419.333,388,390,399.2850000000001,0
FCUV.US,D,20230119,000000,402,402,378,381.333,681.3450000000001,0
FCUV.US,D,20230120,000000,389.333,407.973,371.333,385.333,713.94,0
FCUV.US,D,20230123,000000,385.333,404.667,371.333,393.333,762.5100000000001,0
FCUV.US,D,20230124,000000,391,416,383.333,395.333,629.4900000000001,0
FCUV.US,D,20230125,000000,393.333,405.327,352.8,393.333,1371.075,0
FCUV.US,D,20230126,000000,407.333,407.333,384,392,508.9200000000001,0
FCUV.US,D,20230127,000000,392,420,377.333,410,1405.1100000000001,0
FCUV.US,D,20230130,000000,410,410,380,380.667,450.99000000000007,0
FCUV.US,D,20230131,000000,380.667,407.333,379.667,386.667,1423.8000000000002,0
FCUV.US,D,20230201,000000,386,445.333,386,440,1407.9450000000002,0
FCUV.US,D,20230202,000000,449.333,514,440.667,471.333,1789.7100000000003,0
FCUV.US,D,20230203,000000,473.333,496.667,441.333,442.667,950.2950000000001,0
FCUV.US,D,20230206,000000,438.667,438.667,406.667,413.333,471.4650000000001,0
FCUV.US,D,20230207,000000,413.333,436,384.667,411.333,1522.7250000000001,0
FCUV.US,D,20230208,000000,419.333,422.667,389.333,390,1005.3150000000002,0
FCUV.US,D,20230209,000000,407.333,411.667,389.333,393.333,1071.3,0
FCUV.US,D,20230210,000000,392,404,386.667,393.333,543.945,0
FCUV.US,D,20230213,000000,396,412.333,392.667,402.667,213.72000000000003,0
FCUV.US,D,20230214,000000,390,431.667,390,400.667,361.29,0
FCUV.US,D,20230215,000000,404.667,415.333,391.333,407.333,393.90000000000003,0
FCUV.US,D,20230216,000000,407.333,407.333,374,381.333,789.2400000000001,0
FCUV.US,D,20230217,000000,388,390.667,368.667,382.667,679.8600000000001,0
FCUV.US,D,20230221,000000,376.667,385.753,355.333,366.667,1173.9450000000002,0
FCUV.US,D,20230222,000000,377.333,383.333,360,370,785.94,0
FCUV.US,D,20230223,000000,376,386.333,364,371.333,203.47500000000002,0
FCUV.US,D,20230224,000000,360.667,373.333,343.333,344,397.5,0
FCUV.US,D,20230227,000000,351.333,371.333,334,342,733.575,0
FCUV.US,D,20230228,000000,342.667,351,334,336.667,594.1350000000001,0
FCUV.US,D,20230301,000000,343.333,345.667,326.667,327.333,593.4300000000001,0
FCUV.US,D,20230302,000000,325.333,348,323.333,333.333,898.3200000000002,0
FCUV.US,D,20230303,000000,346.667,361.333,340,356,379.845,0
FCUV.US,D,20230306,000000,359.333,365.667,338.667,358,293.355,0
FCUV.US,D,20230307,000000,368.667,433.333,350.667,410.667,1644.705,0
FCUV.US,D,20230308,000000,407.333,426.667,392.667,404.667,630.4350000000001,0
FCUV.US,D,20230309,000000,424,424,374,378.667,909.225,0
FCUV.US,D,20230310,000000,378.667,393,312.667,318,762.2550000000001,0
FCUV.US,D,20230313,000000,327.333,340,309.333,310,711.8400000000001,0
FCUV.US,D,20230314,000000,312,336,312,317.333,586.5450000000001,0
FCUV.US,D,20230315,000000,310.667,315.333,284,296.667,723.0600000000001,0
FCUV.US,D,20230316,000000,299.487,306.333,287.333,295.333,489.225,0
FCUV.US,D,20230317,000000,294.667,307.333,257.333,259.333,1957.17,0
FCUV.US,D,20230320,000000,259.333,267.333,244.667,254,1200.9150000000002,0
FCUV.US,D,20230321,000000,258,264.667,236.18,260,1914.9,0
FCUV.US,D,20230322,000000,260,278,255.333,256,1139.7300000000002,0
FCUV.US,D,20230323,000000,253.333,295.327,253.333,294.667,1545.2400000000002,0
FCUV.US,D,20230324,000000,300,327,269,293,1351.2,0
FCUV.US,D,20230327,000000,295,295,256,274,420.33000000000004,0
FCUV.US,D,20230328,000000,280,292,269,274,399.1600000000001,0
FCUV.US,D,20230329,000000,273,273,235,243,763.6,0
FCUV.US,D,20230330,000000,250,250,227,236.5,527.3000000000001,0
FCUV.US,D,20230331,000000,238,253,229,250,1272.8400000000001,0
FCUV.US,D,20230403,000000,257,257,236,246,556.4900000000001,0
FCUV.US,D,20230404,000000,248,248,211,215,1004.9300000000002,0
FCUV.US,D,20230405,000000,215,222,192,203.5,2257.4700000000003,0
FCUV.US,D,20230406,000000,205,217,200,208,2218.8100000000004,0
FCUV.US,D,20230410,000000,205,208,175,186,3444.4200000000005,0
FCUV.US,D,20230411,000000,186,196,181,187,1428.66,0
FCUV.US,D,20230412,000000,185,198,180,186,3405.5400000000004,0
FCUV.US,D,20230413,000000,184,201,180,197,891.7800000000002,0
FCUV.US,D,20230414,000000,195,203.53,181,182,1459.7800000000002,0
FCUV.US,D,20230417,000000,182,186,179,182,1295.2800000000002,0
FCUV.US,D,20230418,000000,182,187,177,177,925.35,0
FCUV.US,D,20230419,000000,177,179,173,174,506.56000000000006,0
FCUV.US,D,20230420,000000,168,178,166,175,337.83000000000004,0
FCUV.US,D,20230421,000000,173,178,156,159,619.3200000000002,0
FCUV.US,D,20230424,000000,164,170,156.5,165,601.9900000000001,0
FCUV.US,D,20230425,000000,162,169,155,161,712.8800000000001,0
FCUV.US,D,20230426,000000,158,171,158,164,778.6600000000001,0
FCUV.US,D,20230427,000000,165,195,160,193,1767.5200000000002,0
FCUV.US,D,20230428,000000,191,217,191,213,2716.5200000000004,0
FCUV.US,D,20230501,000000,216,220,186,188,577.6200000000001,0
FCUV.US,D,20230502,000000,188.01,188.01,172,179.5,326.07000000000005,0
FCUV.US,D,20230503,000000,175,178,170.25,173,389.52000000000004,0
FCUV.US,D,20230504,000000,173,192.5,169,188,681.96,0
FCUV.US,D,20230505,000000,185,203,181,198,580.63,0
FCUV.US,D,20230508,000000,203,207,199,202,591.45,0
FCUV.US,D,20230509,000000,201,215,185,205,506.48,0
FCUV.US,D,20230510,000000,209,214,196,211,417.57,0
FCUV.US,D,20230511,000000,211,217,198,199,563.2400000000001,0
FCUV.US,D,20230512,000000,204,204,185,191,448.71000000000004,0
FCUV.US,D,20230515,000000,196,201,191,196,266.96000000000004,0
FCUV.US,D,20230516,000000,192,196.5,185,185,315.61000000000007,0
FCUV.US,D,20230517,000000,187,192,180,186,502.6200000000001,0
FCUV.US,D,20230518,000000,185,199,185,192,561.2600000000001,0
FCUV.US,D,20230519,000000,200,200,184.01,186,386.31000000000006,0
FCUV.US,D,20230522,000000,190,190,162,164,2047.3800000000003,0
FCUV.US,D,20230523,000000,161.5,168,151,162.5,1133.3200000000002,0
FCUV.US,D,20230524,000000,167,167,159,160,618.0500000000001,0
FCUV.US,D,20230525,000000,160,165,149,149.5,1729.5500000000002,0
FCUV.US,D,20230526,000000,153,166,147,165,2972.4800000000005,0
FCUV.US,D,20230530,000000,167,172,159,161,680.7200000000001,0
FCUV.US,D,20230531,000000,167,177,157,167,2015.9800000000005,0
FCUV.US,D,20230601,000000,162,170,158,159,509.56000000000006,0
FCUV.US,D,20230602,000000,163,163,155,158,403.05,0
FCUV.US,D,20230605,000000,154,159,148,151,1133.2,0
FCUV.US,D,20230606,000000,151,163,148,150,1113.63,0
FCUV.US,D,20230607,000000,152,158,150,150,1375.3000000000002,0
FCUV.US,D,20230608,000000,149,167,149,159,1470.0100000000002,0
FCUV.US,D,20230609,000000,156,162,150,154,743.0300000000001,0
FCUV.US,D,20230612,000000,152,192,152,187,1178.67,0
FCUV.US,D,20230613,000000,186,186,170,185,972,0
FCUV.US,D,20230614,000000,183,200,166,166.5,665.44,0
FCUV.US,D,20230615,000000,166,169,165.06,167,457.68000000000006,0
FCUV.US,D,20230616,000000,176,176,148.5,160,6981.62,0
FCUV.US,D,20230620,000000,160,160,153,153.5,442.98,0
FCUV.US,D,20230621,000000,151,156.98,149,149,596.0400000000001,0
FCUV.US,D,20230622,000000,150,157,148,156,767.3100000000001,0
FCUV.US,D,20230623,000000,161,161,145,145,29002.670000000002,0
FCUV.US,D,20230626,000000,149,151,140,148,3678.8300000000004,0
FCUV.US,D,20230627,000000,156,156.5,148,149,687.4700000000001,0
FCUV.US,D,20230628,000000,145,153,145,150,1742.8400000000001,0
FCUV.US,D,20230629,000000,157,159,152.7,155,277.68,0
FCUV.US,D,20230630,000000,155,157,149,153,1160.92,0
FCUV.US,D,20230703,000000,151,158,151,155,171.45000000000002,0
FCUV.US,D,20230705,000000,151,156,150,154,272.54,0
FCUV.US,D,20230706,000000,150,153,148,150,366.71000000000004,0
FCUV.US,D,20230707,000000,149,166,149,163,959.5600000000001,0
FCUV.US,D,20230710,000000,160,169,160,166,510.08000000000004,0
FCUV.US,D,20230711,000000,167,174,164.5,170,451.07,0
FCUV.US,D,20230712,000000,170,173.95,170,171,209.9,0
FCUV.US,D,20230713,000000,174,184,172.5,180,320.71000000000004,0
FCUV.US,D,20230714,000000,177,181,168,171,113.10000000000001,0
FCUV.US,D,20230717,000000,170,178.5,160.1,169,236.60000000000002,0
FCUV.US,D,20230718,000000,172,182,166,167,188.21000000000004,0
FCUV.US,D,20230719,000000,165,173,165,170,114.25,0
FCUV.US,D,20230720,000000,168,175,164,173,273.37000000000006,0
FCUV.US,D,20230721,000000,173,173,167,168,147.12,0
FCUV.US,D,20230724,000000,168,175,167,171,280.5,0
FCUV.US,D,20230725,000000,169,178.99,169,172,150.58,0
FCUV.US,D,20230726,000000,170,175,170,173,136.06000000000003,0
FCUV.US,D,20230727,000000,175,175,167.15,169,175.63000000000002,0
FCUV.US,D,20230728,000000,170,179,169,175,215.82000000000005,0
FCUV.US,D,20230731,000000,174,185,173,180,225.42000000000004,0
FCUV.US,D,20230801,000000,178,187,175,183,99.41000000000001,0
FCUV.US,D,20230802,000000,179,179,172,175,221.18000000000004,0
FCUV.US,D,20230803,000000,174,179,168,175,143.85,0
FCUV.US,D,20230804,000000,174,177,169,175,191.3,0
FCUV.US,D,20230807,000000,173,176,168.2,175,271.54,0
FCUV.US,D,20230808,000000,171,177,171,174,483.12,0
FCUV.US,D,20230809,000000,173,176,170.72,175,349.24,0
FCUV.US,D,20230810,000000,172,180,168.1,174,201,0
FCUV.US,D,20230811,000000,170,177,168.12,176,129.13000000000002,0
FCUV.US,D,20230814,000000,174,178,172.01,176,206.75,0
FCUV.US,D,20230815,000000,171,178,171,177,35.160000000000004,0
FCUV.US,D,20230816,000000,171,183,171,180,188.39000000000001,0
FCUV.US,D,20230817,000000,178,182,173,178,64.21000000000001,0
FCUV.US,D,20230818,000000,171.55,185,171.55,179,66.07000000000001,0
FCUV.US,D,20230821,000000,181.1,185,171,180,300.11000000000007,0
FCUV.US,D,20230822,000000,188,195.99,181,192,170.02,0
FCUV.US,D,20230823,000000,194,198,190.07,197,129.32000000000002,0
FCUV.US,D,20230824,000000,195,195,180,191,108.08,0
FCUV.US,D,20230825,000000,190,191,170.1,175,142.29000000000002,0
FCUV.US,D,20230828,000000,180,192.5,176.5,179,77.64000000000001,0
FCUV.US,D,20230829,000000,184,184,176.01,178,63.95,0
FCUV.US,D,20230830,000000,177,186.99,177,179,173.54000000000002,0
FCUV.US,D,20230831,000000,176,187,174.06,185,716.9900000000001,0
FCUV.US,D,20230901,000000,183,190.5,179,180,195.82000000000002,0
FCUV.US,D,20230905,000000,177,187.36,177,184,299.37000000000006,0
FCUV.US,D,20230906,000000,184,185,176.5,182,267.94,0
FCUV.US,D,20230907,000000,181,188,177.5,182,146.68000000000004,0
FCUV.US,D,20230908,000000,179,188,179,188,328.6600000000001,0
FCUV.US,D,20230911,000000,182,195,175,191,912.1700000000001,0
FCUV.US,D,20230912,000000,188,196.61,180,192,440.70000000000005,0
FCUV.US,D,20230913,000000,195,196,183,195,562.2700000000001,0
FCUV.US,D,20230914,000000,187,197.5,175,182,1019.0600000000001,0
FCUV.US,D,20230915,000000,183,185,171,173,5210.85,0
FCUV.US,D,20230918,000000,170,185,170,184,220.3,0
FCUV.US,D,20230919,000000,180,187,177,177,157.45000000000002,0
FCUV.US,D,20230920,000000,178,182.28,174,180,273.85,0
FCUV.US,D,20230921,000000,179,189,175,185,568.32,0
FCUV.US,D,20230922,000000,183,189,183,185,54.17000000000001,0
FCUV.US,D,20230925,000000,180.5,190,175,182,75.43,0
FCUV.US,D,20230926,000000,189,195,186,190,138.13000000000002,0
FCUV.US,D,20230927,000000,189,193,187,190,158.44000000000003,0
FCUV.US,D,20230928,000000,189,195,178,180,122.08,0
FCUV.US,D,20230929,000000,177.01,194,177.01,194,202.64000000000001,0
FCUV.US,D,20231002,000000,194,197,190,195,300.72,0
FCUV.US,D,20231003,000000,185.5,197,173,181,634.5500000000001,0
FCUV.US,D,20231004,000000,183,198,177,197,232.36,0
FCUV.US,D,20231005,000000,195.5,202,190,191,249.52000000000004,0
FCUV.US,D,20231006,000000,189.01,199,189.01,199,26.730000000000004,0
FCUV.US,D,20231009,000000,179.8,199,179.8,198,57.58000000000001,0
FCUV.US,D,20231010,000000,204,210,184.25,210,103.65,0
FCUV.US,D,20231011,000000,210,214,196,200,344.40000000000003,0
FCUV.US,D,20231012,000000,200.01,206,198,205,231.20000000000002,0
FCUV.US,D,20231013,000000,201,206,194,194,144.1,0
FCUV.US,D,20231016,000000,194,230,193.1,213,175.79000000000002,0
FCUV.US,D,20231017,000000,221,238,197,217,222.84000000000003,0
FCUV.US,D,20231018,000000,216,223,193,195,409.54,0
FCUV.US,D,20231019,000000,189,195.82,189,189,123.66000000000003,0
FCUV.US,D,20231020,000000,183,184,180,183,116.62,0
FCUV.US,D,20231023,000000,186,186,181,184,62.390000000000015,0
FCUV.US,D,20231024,000000,181,193,170,176,333.28000000000003,0
FCUV.US,D,20231025,000000,172,174.69,172,174,55.5,0
FCUV.US,D,20231026,000000,166,177,166,177,357.27000000000004,0
FCUV.US,D,20231027,000000,172.5,174,166.5,170,192.97000000000003,0
FCUV.US,D,20231030,000000,172,180,172,179,43.81,0
FCUV.US,D,20231031,000000,166,178,166,178,31.160000000000004,0
FCUV.US,D,20231101,000000,171,171,168,170,80.4,0
FCUV.US,D,20231102,000000,178,178,176,177,34.95,0
FCUV.US,D,20231103,000000,172,179,171.01,172,55.54,0
FCUV.US,D,20231106,000000,177.12,178,170,173,161.88000000000002,0
FCUV.US,D,20231107,000000,173,173,167,167,60.63000000000001,0
FCUV.US,D,20231108,000000,166.91,172,165,168,29.460000000000004,0
FCUV.US,D,20231109,000000,175.86,175.86,170,173,15.870000000000003,0
FCUV.US,D,20231110,000000,168.71,168.71,156,162,191.31000000000003,0
FCUV.US,D,20231113,000000,162,167,158,163,113.65,0
FCUV.US,D,20231114,000000,158,187,151,173,897.39,0
FCUV.US,D,20231115,000000,170,170,158.65,162,137.36,0
FCUV.US,D,20231116,000000,163.64,163.64,156.99,162,293.71000000000004,0
FCUV.US,D,20231117,000000,165,165.09,160.01,163,24.6,0
FCUV.US,D,20231120,000000,162,165,151.11,163,184.73000000000002,0
FCUV.US,D,20231121,000000,168,171,157.5,162,111.66000000000003,0
FCUV.US,D,20231122,000000,159,160,156,159,98.79000000000002,0
FCUV.US,D,20231124,000000,153,162,153,162,106.61000000000001,0
FCUV.US,D,20231127,000000,159.5,173,159.5,163,219.85000000000002,0
FCUV.US,D,20231128,000000,163,170,154,157,698.9300000000001,0
FCUV.US,D,20231129,000000,161,161,152,154,319.21000000000004,0
FCUV.US,D,20231130,000000,172.1,172.1,135,152,832.9700000000001,0
FCUV.US,D,20231201,000000,147.5,151,140.01,149,251.82000000000005,0
FCUV.US,D,20231204,000000,143,150,140,148,340.25,0
FCUV.US,D,20231205,000000,149,150,144.5,148,72.49000000000001,0
FCUV.US,D,20231206,000000,149,154,140,150,881.1200000000001,0
FCUV.US,D,20231207,000000,150,150,140,147,55.96000000000001,0
FCUV.US,D,20231208,000000,145,155,145,152,293.43,0
FCUV.US,D,20231211,000000,149,152,148,150,264.1,0
FCUV.US,D,20231212,000000,148,156,145,146,366.19000000000005,0
FCUV.US,D,20231213,000000,148,150,137.54,143,247.59000000000003,0
FCUV.US,D,20231214,000000,157,157,142.01,152,234.15,0
FCUV.US,D,20231215,000000,148.5,160,145,145,328.81000000000006,0
FCUV.US,D,20231218,000000,148,150,140.41,145,186.92000000000002,0
FCUV.US,D,20231219,000000,143,154,143,149,271.73,0
FCUV.US,D,20231220,000000,145,149,144.97,149,77.42000000000002,0
FCUV.US,D,20231221,000000,148,152.72,143.5,147.5,1090.6100000000001,0
FCUV.US,D,20231222,000000,150,152.72,149,149,268.87000000000006,0
FCUV.US,D,20231226,000000,148.5,151,136,137,503.05,0
FCUV.US,D,20231227,000000,143,150.98,143,144,319.8,0
FCUV.US,D,20231228,000000,150,151,140,148,158.41000000000003,0
FCUV.US,D,20231229,000000,148,150,144.01,146,122.77000000000001,0
FCUV.US,D,20240102,000000,149,153,148,150,255.62000000000003,0
FCUV.US,D,20240103,000000,150,150,143,150,98.43,0
FCUV.US,D,20240104,000000,144.12,151,143.01,150,34.59,0
FCUV.US,D,20240105,000000,156,165,148,148,971.7700000000001,0
FCUV.US,D,20240108,000000,145,146,141,141,62.58000000000001,0
FCUV.US,D,20240109,000000,140,154,138,138,476.56000000000006,0
FCUV.US,D,20240110,000000,144,146,139,146,471.71000000000004,0
FCUV.US,D,20240111,000000,150,150,145,148,159.44000000000003,0
FCUV.US,D,20240112,000000,149,151,147,150,457.53000000000003,0
FCUV.US,D,20240116,000000,152,180,147,179,3228.07,0
FCUV.US,D,20240117,000000,179,179,151,154,725.6300000000001,0
FCUV.US,D,20240118,000000,160,164,153.5,161,191.8,0
FCUV.US,D,20240119,000000,156,171,155,161,102.33000000000001,0
FCUV.US,D,20240122,000000,153,161.8,147,150,1049.0600000000002,0
FCUV.US,D,20240123,000000,148,154,143,148,1944.9700000000003,0
FCUV.US,D,20240124,000000,145,154,145,149,244.13000000000002,0
FCUV.US,D,20240125,000000,151,153,148,149,535.7700000000001,0
FCUV.US,D,20240126,000000,150,155.4,147,152,603.44,0
FCUV.US,D,20240129,000000,152,168.2,148,154,176.14000000000001,0
FCUV.US,D,20240130,000000,153,165,153,160.5,144.51000000000002,0
FCUV.US,D,20240131,000000,163,163,149,152,366.9200000000001,0
FCUV.US,D,20240201,000000,150,155,145.01,149,209.42000000000004,0
FCUV.US,D,20240202,000000,149,166,145,149,292.78000000000003,0
FCUV.US,D,20240205,000000,148,149,115,116,948.29,0
FCUV.US,D,20240206,000000,121,148,90,96.96,1155.1000000000001,0
FCUV.US,D,20240207,000000,96.44,99,76.4,82.51,1181.5,0
FCUV.US,D,20240208,000000,84.66,84.66,66.67,70.71,1089.0800000000002,0
FCUV.US,D,20240209,000000,68,78,66.75,75.2,593.0300000000001,0
FCUV.US,D,20240212,000000,70.2301,89.5,70.2301,74.1,485.81000000000006,0
FCUV.US,D,20240213,000000,82.565,85,70.37,79.97,2015.4100000000003,0
FCUV.US,D,20240214,000000,77.57,83.2,64,66,8149.030000000001,0
FCUV.US,D,20240215,000000,65,72.45,38.97,52.4,6789.240000000002,0
FCUV.US,D,20240216,000000,48.73,53.0001,42.26,44.88,2616.9800000000005,0
FCUV.US,D,20240220,000000,43.53,45.99,37.5,40.27,3030.6800000000003,0
FCUV.US,D,20240221,000000,42.28,42.28,34.51,42,2058.01,0
FCUV.US,D,20240222,000000,43.68,43.68,35,39.9,2870.51,0
FCUV.US,D,20240223,000000,36.31,45,35,37.9,3271.1400000000003,0
FCUV.US,D,20240226,000000,42.63,42.63,34,35.56,2343.32,0
FCUV.US,D,20240227,000000,38,38.59,31.35,34.1,3026.17,0
FCUV.US,D,20240228,000000,37.59,40.53,32,34.6,3449.9700000000007,0
FCUV.US,D,20240229,000000,37.71,42,36.09,42,997.0400000000002,0
FCUV.US,D,20240301,000000,39.25,42.4,37.02,37.4,705.9300000000001,0
FCUV.US,D,20240304,000000,39.36,39.69,36.211,38.5,250.4,0
FCUV.US,D,20240305,000000,37.67,40,35,38.9,537.6,0
FCUV.US,D,20240306,000000,42,42.5,35,36.9,647.7900000000001,0
FCUV.US,D,20240307,000000,38.74,39.9899,37.48,38.99,530.9900000000001,0
FCUV.US,D,20240308,000000,38.8,39.5,38,38.99,268.27000000000004,0
FCUV.US,D,20240311,000000,39,46,38,45,1057.3,0
FCUV.US,D,20240312,000000,43,49.99,41,47.67,2102.4700000000003,0
FCUV.US,D,20240313,000000,50,55.91,49.01,52.77,882.59,0
FCUV.US,D,20240314,000000,54,55.71,52.25,53.8,644.33,0
FCUV.US,D,20240315,000000,51.86,57.51,47.88,53.13,672.9200000000001,0
FCUV.US,D,20240318,000000,49.41,63.38,49.41,53.07,677.95,0
FCUV.US,D,20240319,000000,54.1,58.99,54.1,56.5,189.88000000000002,0
FCUV.US,D,20240320,000000,59.32,60,52.8,56.86,153.97000000000003,0
FCUV.US,D,20240321,000000,55.6,58.7,54.01,54.01,223.68000000000004,0
FCUV.US,D,20240322,000000,53,58.31,51.35,56.7,237.67000000000004,0
FCUV.US,D,20240325,000000,54.46,57.78,44,45.62,1455.3900000000003,0
FCUV.US,D,20240326,000000,45.63,47.91,40.3,40.78,825.2300000000001,0
FCUV.US,D,20240327,000000,43.5,52.71,41.05,44.5,158.25,0
FCUV.US,D,20240328,000000,46.77,49.14,40.251,41,326.3,0
FCUV.US,D,20240401,000000,44.87,46.8,40.53,42.79,273.48,0
FCUV.US,D,20240402,000000,42.85,42.94,38,41.38,553.11,0
FCUV.US,D,20240403,000000,41.2,41.9,40,40.28,130.95000000000002,0
FCUV.US,D,20240404,000000,41.89,41.89,38,39.99,199,0
FCUV.US,D,20240405,000000,39.3999,39.99,33.01,33.01,2372.6,0
FCUV.US,D,20240408,000000,36.39,39.97,30,34.96,1392.8600000000001,0
FCUV.US,D,20240409,000000,28.15,36,25.87,34.14,21554.630000000005,0
FCUV.US,D,20240410,000000,31.75,34.41,27,32,1671.3200000000002,0
FCUV.US,D,20240411,000000,31.04,32.49,25.02,30,2681.7400000000002,0
FCUV.US,D,20240412,000000,31,32.48,27,29,880.9200000000001,0
FCUV.US,D,20240415,000000,30.45,34.89,23.5,29,1181.71,0
FCUV.US,D,20240416,000000,26.96,32.97,24.95,25,1158.8700000000001,0
FCUV.US,D,20240417,000000,25,49.99,25,28.3,49948.9,0
FCUV.US,D,20240418,000000,26.94,32.7,26,27.75,7064.18,0
FCUV.US,D,20240419,000000,28.03,28.88,28,28.01,725.1400000000001,0
FCUV.US,D,20240422,000000,31,31,29,29,1637.2200000000003,0
FCUV.US,D,20240423,000000,30,31.99,30,31.6,1211.7800000000002,0
FCUV.US,D,20240424,000000,31,31,26.25,28,4624.31,0
FCUV.US,D,20240425,000000,27.16,33,27.16,28.31,558.5200000000001,0
FCUV.US,D,20240426,000000,28,54,28,32.23,202634.69000000003,0
FCUV.US,D,20240429,000000,29.7,38.44,29,29.12,17527.41,0
FCUV.US,D,20240430,000000,30,37,28.2,29,12534.130000000001,0
FCUV.US,D,20240501,000000,29,32.5,29,30.1,3573.96,0
FCUV.US,D,20240502,000000,31.92,33.51,30.03,30.99,1245.4800000000002,0
FCUV.US,D,20240503,000000,29.11,30.98,29.1001,30.07,1095.88,0
FCUV.US,D,20240506,000000,31.14,31.29,29.13,29.21,1782.6200000000001,0
FCUV.US,D,20240507,000000,29.5,35,29.05,34.7,2292.92,0
FCUV.US,D,20240508,000000,32.27,33.88,31.2,33.88,1347.21,0
FCUV.US,D,20240509,000000,31.55,32.88,30.01,30.12,982.5600000000001,0
FCUV.US,D,20240510,000000,30.5,31.99,29.1,29.63,2144.7000000000003,0
FCUV.US,D,20240513,000000,29.9,30.2,27.5,29.71,2624.67,0
FCUV.US,D,20240514,000000,28.9,30.1999,25.27,29.83,2583.8100000000004,0
FCUV.US,D,20240515,000000,28.94,30.99,28.4,29.92,792.5900000000001,0
FCUV.US,D,20240516,000000,28.2,30.5,27.03,28.96,2206.4600000000005,0
FCUV.US,D,20240517,000000,29.62,33.5,29.13,29.9,4379.63,0
FCUV.US,D,20240520,000000,31.85,32.15,29.53,30.2,2548.3300000000004,0
FCUV.US,D,20240521,000000,29.2,30.73,29.1,29.93,1150.67,0
FCUV.US,D,20240522,000000,29.25,29.99,27.2,28.5,1518.6400000000003,0
FCUV.US,D,20240523,000000,29.15,29.91,21.18,26.75,2478.0200000000004,0
FCUV.US,D,20240524,000000,26.86,28.2,25.76,26.99,439.86000000000007,0
FCUV.US,D,20240528,000000,27.98,28.07,25.7,27.08,1161.92,0
FCUV.US,D,20240529,000000,27.99,28.46,25.1,27.99,847.4800000000001,0
FCUV.US,D,20240530,000000,25,28.46,25,28.01,1924.2400000000002,0
FCUV.US,D,20240531,000000,28.01,29.91,23.2,23.2,5910,0
FCUV.US,D,20240603,000000,24.8,27.935,24.8,26.1,1924.15,0
FCUV.US,D,20240604,000000,26.61,27,25.28,27,595.0300000000001,0
FCUV.US,D,20240605,000000,27,28.59,25.35,25.77,1798.7700000000002,0
FCUV.US,D,20240606,000000,26,27.5,26,26.61,389.59000000000003,0
FCUV.US,D,20240607,000000,27.3,27.3,21.87,24,1529.3100000000002,0
FCUV.US,D,20240610,000000,23.3,27,23.3,24.2,306.7,0
FCUV.US,D,20240611,000000,25.3,25.3,23.7,24.44,690.5500000000001,0
FCUV.US,D,20240612,000000,25,27,22.14,23.7,1269.0700000000002,0
FCUV.US,D,20240613,000000,24.5,25.74,24.5,24.51,318.4100000000001,0
FCUV.US,D,20240614,000000,24.74,25.73,23.12,24.485,692.71,0
FCUV.US,D,20240617,000000,24.9,25.7299,24,24.35,342.46000000000004,0
FCUV.US,D,20240618,000000,24,25.74,24,24.36,510.21000000000004,0
FCUV.US,D,20240620,000000,24.2,24.99,22.84,24.16,397.32000000000005,0
FCUV.US,D,20240621,000000,23.25,25,23.03,25,581,0
FCUV.US,D,20240624,000000,24.75,26,23.6,24.99,822.5200000000001,0
FCUV.US,D,20240625,000000,25,26.88,23.61,25.03,951.9700000000001,0
FCUV.US,D,20240626,000000,25.98,26.375,23.11,23.57,563.5500000000001,0
FCUV.US,D,20240627,000000,23.11,26.1,23.11,25.66,544.44,0
FCUV.US,D,20240628,000000,25.2,27,23.68,24,731.9700000000001,0
FCUV.US,D,20240701,000000,23.99,25.96,23.99,24.7,412.55,0
FCUV.US,D,20240702,000000,24.3501,28,24.02,26.3,4365.7300000000005,0
FCUV.US,D,20240703,000000,26.29,27,25.06,26.75,1136.1100000000001,0
FCUV.US,D,20240705,000000,26.74,26.9,25.2,26.8,412.77,0
FCUV.US,D,20240708,000000,26.79,27,25.5,26.65,481.76000000000005,0
FCUV.US,D,20240709,000000,26.11,27.3,25.5,26.84,641.5500000000001,0
FCUV.US,D,20240710,000000,26.83,28.1,26.67,27.37,1871.8500000000001,0
FCUV.US,D,20240711,000000,27.36,29.125,27.36,28.95,1554.8200000000002,0
FCUV.US,D,20240712,000000,30,30,27.8,29.5,852.74,0
FCUV.US,D,20240715,000000,29.49,29.5,26.0001,27.59,724.4000000000001,0
FCUV.US,D,20240716,000000,27.58,28.43,26.08,28.3,777.6300000000001,0
FCUV.US,D,20240717,000000,28.29,29,27.49,28.82,798.58,0
FCUV.US,D,20240718,000000,28.81,29.51,27.3,27.3,1163.4900000000002,0
FCUV.US,D,20240719,000000,28.1,28.1,25,25.3,658.58,0
FCUV.US,D,20240722,000000,25.78,26.51,22.7613,25.27,3631.71,0
FCUV.US,D,20240723,000000,24.51,27.765,23.44,25.95,649.5200000000001,0
FCUV.US,D,20240724,000000,26.4,26.4,24.76,25.12,220.71,0
FCUV.US,D,20240725,000000,24.9,26,24.72,25.02,322.70000000000005,0
FCUV.US,D,20240726,000000,24.8,27,24.7,27,643.98,0
FCUV.US,D,20240729,000000,26.3,27.49,25,26,669.4000000000001,0
FCUV.US,D,20240730,000000,26,26.98,24.35,24.36,674.5500000000001,0
FCUV.US,D,20240731,000000,24.79,25,23.15,24.48,849.94,0
FCUV.US,D,20240801,000000,23.9,25,22.02,23.11,611.23,0
FCUV.US,D,20240802,000000,22.06,23.54,20.48,20.51,435.11000000000007,0
FCUV.US,D,20240805,000000,21.2,21.2,15,17.89,1422.88,0
FCUV.US,D,20240806,000000,17.31,20.97,17.31,20.36,449.28000000000003,0
FCUV.US,D,20240807,000000,20.99,20.99,18.95,20.32,240.10000000000002,0
FCUV.US,D,20240808,000000,20,20.04,19.26,20.03,521.0200000000001,0
FCUV.US,D,20240809,000000,20.98,20.98,19.35,19.79,131.23000000000002,0
FCUV.US,D,20240812,000000,21.53,23.47,19.41,19.8,843.9700000000001,0
FCUV.US,D,20240813,000000,21.38,22.44,19.05,19.5,283.91,0
FCUV.US,D,20240814,000000,20.63,20.98,19.6,20.59,201.99,0
FCUV.US,D,20240815,000000,19.5052,21.99,19,20.15,230.23000000000002,0
FCUV.US,D,20240816,000000,20.2,20.89,19.24,19.48,109.71000000000002,0
FCUV.US,D,20240819,000000,20.35,20.35,19.03,19.4,327.32000000000005,0
FCUV.US,D,20240820,000000,20,20,19,19.36,165.71000000000004,0
FCUV.US,D,20240821,000000,18.79,20.1,18.79,19.99,352.35,0
FCUV.US,D,20240822,000000,19.87,20.7,18,18.8,1162.5600000000002,0
FCUV.US,D,20240823,000000,19.28,20,18.25,19.1,1665.6900000000003,0
FCUV.US,D,20240826,000000,19.3,19.95,18.3,18.6,22762.75,0
FCUV.US,D,20240827,000000,18,19.5,17.44,18.33,2922.1000000000004,0
FCUV.US,D,20240828,000000,19.2,19.6,16.92,18.5,4931.4800000000005,0
FCUV.US,D,20240829,000000,18.44,20.8,17.1,19.01,77635.09000000001,0
FCUV.US,D,20240830,000000,33.12,45.54,26.89,26.89,3168413.4600000004,0
FCUV.US,D,20240903,000000,24.2,31,20.7,30.28,71423.92000000001,0
FCUV.US,D,20240904,000000,26.6,33.94,25.7,33.9,26785.75,0
FCUV.US,D,20240905,000000,31.66,33.67,28,33.49,14317.75,0
FCUV.US,D,20240906,000000,30.68,38.18,30.11,36.99,17044.13,0
FCUV.US,D,20240909,000000,38.01,38.99,33.83,37.6,5053.860000000001,0
FCUV.US,D,20240910,000000,38.36,38.72,37.1,37.8,4112.5,0
FCUV.US,D,20240911,000000,36,40.5,36,37.3,4377.9400000000005,0
FCUV.US,D,20240912,000000,37.69,42,37.2,40.67,3704.4400000000005,0
FCUV.US,D,20240913,000000,42.79,54.89,40.0101,47,20979.97,0
FCUV.US,D,20240916,000000,39,41.61,36.67,38.86,11209.990000000002,0
FCUV.US,D,20240917,000000,37.27,37.27,30.33,34.01,3761.15,0
FCUV.US,D,20240918,000000,34,37,33.37,35.1,16584.190000000002,0
FCUV.US,D,20240919,000000,38.5,41.99,34.01,39,63592.57000000001,0
FCUV.US,D,20240920,000000,39.2,40,37,37.75,20335.06,0
FCUV.US,D,20240923,000000,38,38,32.14,33,17319.640000000003,0
FCUV.US,D,20240924,000000,30.58,32,23.34,23.44,28577.810000000005,0
FCUV.US,D,20240925,000000,23.21,26.46,22.5,25,16617.86,0
FCUV.US,D,20240926,000000,25,28.2,25,28,5999.900000000001,0
FCUV.US,D,20240927,000000,27.89,28.95,26.5,27.5,4565.04,0
FCUV.US,D,20240930,000000,26.67,27.02,26,26.4,1530.13,0
FCUV.US,D,20241001,000000,26.4,26.5,23.85,25.08,2049.4300000000003,0
FCUV.US,D,20241002,000000,25.08,25.78,23.16,24.5,1135.97,0
FCUV.US,D,20241003,000000,22.15,24.9699,22.1,23.82,1959.3900000000003,0
FCUV.US,D,20241004,000000,23.6,24.86,22.4501,24.47,1139.2700000000002,0
FCUV.US,D,20241007,000000,24.47,24.47,22,22.97,2157.7000000000003,0
FCUV.US,D,20241008,000000,22.2,22.71,21.11,21.54,1833.6400000000003,0
FCUV.US,D,20241009,000000,21,24,20.22,21.62,1961.0400000000002,0
FCUV.US,D,20241010,000000,21.62,22.73,20.5001,22.58,1220.96,0
FCUV.US,D,20241011,000000,22.54,22.99,21.23,21.23,1246.2400000000002,0
FCUV.US,D,20241014,000000,21.23,23,21.12,21.8,1220.0900000000001,0
FCUV.US,D,20241015,000000,22.9,24.6,22.13,22.99,4061.460000000001,0
FCUV.US,D,20241016,000000,22.2,28.45,22,28,7184.440000000001,0
FCUV.US,D,20241017,000000,27.5,27.5,25,25.8,2534.6200000000003,0
FCUV.US,D,20241018,000000,26.37,29.9,26.37,27.7001,3679.11,0
FCUV.US,D,20241021,000000,29,29,26.25,27.4,908.4000000000001,0
FCUV.US,D,20241022,000000,28,28,25.89,26.37,1249,0
FCUV.US,D,20241023,000000,26.9,27.76,25.08,25.88,462.1,0
FCUV.US,D,20241024,000000,27.2,27.2,23.08,25.7,783.7200000000001,0
FCUV.US,D,20241025,000000,25.7,26.3,24.14,25.12,1140.4,0
FCUV.US,D,20241028,000000,25.12,26.98,25.11,25.52,777.44,0
FCUV.US,D,20241029,000000,25.3,27.9,24.07,26.19,1380.3300000000002,0
FCUV.US,D,20241030,000000,26,26.98,24.71,26.31,1200.3600000000001,0
FCUV.US,D,20241031,000000,26.31,28,25.09,25.71,429.20000000000005,0
FCUV.US,D,20241101,000000,26.9,26.9,23,24.55,1974.5700000000002,0
FCUV.US,D,20241104,000000,24.55,26.79,23.7,24.21,1038.9900000000002,0
FCUV.US,D,20241105,000000,24.21,25.65,23.14,24.1,1029.8200000000002,0
FCUV.US,D,20241106,000000,24.3,26.49,23,24.54,1233.0400000000002,0
FCUV.US,D,20241107,000000,25.5,26,23.7,24.45,1512.0400000000002,0
FCUV.US,D,20241108,000000,25.25,25.25,23.7,24.82,864.46,0
FCUV.US,D,20241111,000000,24.07,24.99,23,23.7,2448.78,0
FCUV.US,D,20241112,000000,23.7,24.94,23.08,24.85,1066.65,0
FCUV.US,D,20241113,000000,23.5,25,23.25,23.32,1102.8500000000001,0
FCUV.US,D,20241114,000000,23.32,24.96,23.25,24.2,666.94,0
FCUV.US,D,20241115,000000,24.9,24.9,23.03,23.4,484.52,0
FCUV.US,D,20241118,000000,23,24.91,23,23.7,1083.3,0
FCUV.US,D,20241119,000000,24.84,26,23.02,24.32,2713.5,0
FCUV.US,D,20241120,000000,24.32,25.04,23,24,1422.4,0
FCUV.US,D,20241121,000000,24,25.81,23.61,25.5,1015.9000000000001,0
FCUV.US,D,20241122,000000,25.64,26.94,24.1,26.1,1604.92,0
FCUV.US,D,20241125,000000,27,27.67,24,24.6,5371.410000000001,0
FCUV.US,D,20241126,000000,24.4,26.68,24.2,24.76,1028.43,0
FCUV.US,D,20241127,000000,23.7,26.25,23.5,25.4,965.94,0
FCUV.US,D,20241129,000000,25.67,26.26,25.4,26,466.58000000000004,0
FCUV.US,D,20241202,000000,25.34,27.95,25.34,27,2529.05,0
FCUV.US,D,20241203,000000,27.68,28.015,26.59,27.9,1255.6100000000001,0
FCUV.US,D,20241204,000000,27.9,28.8,26.89,27.99,1505.17,0
FCUV.US,D,20241205,000000,27.94,27.94,25.1,25.64,2312.36,0
FCUV.US,D,20241206,000000,26,26.65,24.5,25.4,3631.46,0
FCUV.US,D,20241209,000000,26,28.12,24.1,26.8,2073.6300000000006,0
FCUV.US,D,20241210,000000,26.49,27.67,25.51,26.07,1276.9400000000003,0
FCUV.US,D,20241211,000000,26.51,27,24.59,24.59,960.5100000000001,0
FCUV.US,D,20241212,000000,25.6,26.18,24.59,25.55,1959.68,0
FCUV.US,D,20241213,000000,26.33,26.55,24.6,25.2,2493.0300000000007,0
FCUV.US,D,20241216,000000,25.65,25.65,23.2,23.23,4154.5,0
FCUV.US,D,20241217,000000,23.9,26.99,22,23.12,1786.3100000000004,0
FCUV.US,D,20241218,000000,22.32,24,22,22.15,3076.4900000000002,0
FCUV.US,D,20241219,000000,22.72,23.95,22,22.27,1243.2600000000002,0
FCUV.US,D,20241220,000000,24.4,28,22.2,22.68,8357.880000000001,0
FCUV.US,D,20241223,000000,23,27.03,23,26.4,5139.710000000001,0
FCUV.US,D,20241224,000000,27.03,28,25.7401,26.41,2708.2700000000004,0
FCUV.US,D,20241226,000000,25.2,27.03,25.2,26.5,1226.3600000000001,0
FCUV.US,D,20241227,000000,27.25,55,26.52,37.5,232633.52000000002,0
FCUV.US,D,20241230,000000,38,49,37.5,48.5,51565.37,0
FCUV.US,D,20241231,000000,47.5,47.7,34,35,22844.130000000005,0
FCUV.US,D,20250102,000000,34.2,36.17,32.11,34.55,15544.930000000002,0
FCUV.US,D,20250103,000000,45.44,108,39.51,95.9,2609258.35,0
FCUV.US,D,20250106,000000,100,109,84.04,97,228347.81000000003,0
FCUV.US,D,20250107,000000,85.9,95,75,86.8,43153.08000000001,0
FCUV.US,D,20250108,000000,74.65,74.71,64.68,66.6,21240.9,0
FCUV.US,D,20250110,000000,62,66.6,53,60.22,12780.61,0
FCUV.US,D,20250113,000000,59.88,64.99,54,59.5,9216.210000000001,0
FCUV.US,D,20250114,000000,60,67,56.74,58.36,4318.070000000001,0
FCUV.US,D,20250115,000000,58.16,62.93,53.5,56.64,7433.530000000001,0
FCUV.US,D,20250116,000000,54.94,56.64,51.2,53,4664.6,0
FCUV.US,D,20250117,000000,53,56,52.26,55.6,3234.1600000000003,0
FCUV.US,D,20250121,000000,56,61,54.1,58.58,4496.620000000001,0
FCUV.US,D,20250122,000000,63,73.75,63,68.1,18453.420000000002,0
FCUV.US,D,20250123,000000,66.12,66.98,56,60.47,4972.160000000001,0
FCUV.US,D,20250124,000000,60.03,63.03,58,61.26,4953.320000000001,0
FCUV.US,D,20250127,000000,61,61.99,58,58.1,3112.1100000000006,0
FCUV.US,D,20250128,000000,56.35,57.6099,54.62,57.6099,1891.3500000000001,0
FCUV.US,D,20250129,000000,55.3,55.32,41,46.46,23260.880000000005,0
FCUV.US,D,20250130,000000,42.13,42.46,35,37.48,15256.520000000002,0
FCUV.US,D,20250131,000000,37.4,93.4,35.303,60.9,173076.80000000002,0
FCUV.US,D,20250203,000000,47.55,55,45.186,47.8,31007.100000000002,0
FCUV.US,D,20250204,000000,49.7,52.98,44.2,46.6,11353.1,0
FCUV.US,D,20250205,000000,46.8,53.8,46.4,49.8,19211.3,0
FCUV.US,D,20250206,000000,48.6,52.813,47.1,48.6,8861.9,0
FCUV.US,D,20250207,000000,49.2,51.25,48.135,50.9,5846.1,0
FCUV.US,D,20250210,000000,50.9,51.8,48.3,49.5,2874.1000000000004,0
FCUV.US,D,20250211,000000,48.4,50,47.5,49.3,4934.900000000001,0
FCUV.US,D,20250212,000000,48.5,52.6,48.5,52.5,7652.5,0
FCUV.US,D,20250213,000000,50.3,52.2,48.7,50.4,8039.3,0
FCUV.US,D,20250214,000000,49,51.501,48.191,48.9,6209.200000000001,0
FCUV.US,D,20250218,000000,48.4,51.4,45.001,47.1,5856.1,0
FCUV.US,D,20250219,000000,47.1,47.1,43.8,44.7,3883,0
FCUV.US,D,20250220,000000,45,46.3,42.3,46.3,3948.4,0
FCUV.US,D,20250221,000000,46.3,46.3,42.4,42.4,1270.6000000000001,0
FCUV.US,D,20250224,000000,43.4,43.4,38.8,41.2,3973.1000000000004,0
FCUV.US,D,20250225,000000,41.1,42.6,38.8,39.3,3319.5,0
FCUV.US,D,20250226,000000,39.4,42.6,39.4,41,4911.400000000001,0
FCUV.US,D,20250227,000000,41.8,44,39.033,39.9,3434.5,0
FCUV.US,D,20250228,000000,39.1,41.638,39.1,40.6,2871.8,0
FCUV.US,D,20250303,000000,39.4,39.842,35.8,36,2919.2000000000003,0
FCUV.US,D,20250304,000000,36,36,31.4,33.4,5570.900000000001,0
FCUV.US,D,20250305,000000,34,43.8,33,38.4,11377.800000000001,0
FCUV.US,D,20250306,000000,38.4,42.3,36.603,40,3071.4,0
FCUV.US,D,20250307,000000,39.6,40.357,38.5,39.1,1800.7,0
FCUV.US,D,20250310,000000,39,39,36.199,37,908.8000000000001,0
FCUV.US,D,20250311,000000,36.6,40.8,35,39.1,4478.6,0
FCUV.US,D,20250312,000000,39.1,42.5,39.1,42,1931.3000000000002,0
FCUV.US,D,20250313,000000,42.5,46.4,40.6,42.1,2132.4,0
FCUV.US,D,20250314,000000,44.1,49.6,43.5,49.48,1342.5,0
FCUV.US,D,20250317,000000,47.95,47.95,46.6,47.7,820.3000000000001,0
FCUV.US,D,20250318,000000,44.261,48.05,44.261,46.9,487.5,0
FCUV.US,D,20250319,000000,46.1,47.2,45,47.2,934.4000000000001,0
FCUV.US,D,20250320,000000,45.7,45.7,43,43,866.4000000000001,0
FCUV.US,D,20250321,000000,44.25,48.918,42.7,48.9,1327.5,0
FCUV.US,D,20250324,000000,48.9,49.18,47.5,49.18,1029.4,0
FCUV.US,D,20250325,000000,48,48,44.445,46.7,1259.1000000000001,0
FCUV.US,D,20250326,000000,45,50,45,50,1342.5,0
FCUV.US,D,20250327,000000,48.55,49.602,47.3,48,1627.8000000000002,0
FCUV.US,D,20250328,000000,49.8,49.8,45.1,45.1,451.8,0
FCUV.US,D,20250331,000000,42.5,43,40.25,41.7,612.3000000000001,0
FCUV.US,D,20250401,000000,39.7,44.156,39.7,42.8,898.8000000000001,0
FCUV.US,D,20250402,000000,42,44.136,39.3,41.8,1011.2,0
FCUV.US,D,20250403,000000,40.2,41.8,36.7,37.2,1205.5,0
FCUV.US,D,20250404,000000,34,34.005,32.359,33.857,899.3000000000001,0
FCUV.US,D,20250407,000000,33.9,33.9,33,33.9,879.8000000000001,0
FCUV.US,D,20250408,000000,34.75,39.1,32,32,1457.8000000000002,0
FCUV.US,D,20250409,000000,32.2,36.4,32.2,36.4,724.4000000000001,0
FCUV.US,D,20250410,000000,36.8,40.776,36.8,38.8,588.4,0
FCUV.US,D,20250411,000000,42.9,49.6,37.4,45.7,18640.2,0
FCUV.US,D,20250414,000000,44.713,48.084,41.701,43.4,1895,0
FCUV.US,D,20250415,000000,40.241,43.999,40.241,42.5,5088.400000000001,0
FCUV.US,D,20250416,000000,42,45.5,41.201,42,9885.2,0
FCUV.US,D,20250417,000000,41.255,43.767,41,41.8,894.6,0
FCUV.US,D,20250421,000000,40,41.1,39.3,40.159,804.5,0
FCUV.US,D,20250422,000000,39.5,42.5,38.5,41.4,6685.700000000001,0
FCUV.US,D,20250423,000000,38.676,43.005,38.676,42,2696.2000000000003,0
FCUV.US,D,20250424,000000,40.478,47.2,39.4,47.2,8371.2,0
FCUV.US,D,20250425,000000,47.141,54.8,45.001,48.7,7829.400000000001,0
FCUV.US,D,20250428,000000,47.3,54.2,46.3,48.1,7755.700000000001,0
FCUV.US,D,20250429,000000,46.2,58,46.2,57.5,14419.400000000001,0
FCUV.US,D,20250430,000000,57.6,60,49.162,59.8,3814.4,0
FCUV.US,D,20250501,000000,58.5,61.4,52.087,55.7,4782.400000000001,0
FCUV.US,D,20250502,000000,59.444,59.444,51.2,53.9,2766.9,0
FCUV.US,D,20250505,000000,52.1,54.753,49,50,1336.8000000000002,0
FCUV.US,D,20250506,000000,49.8,49.8,42.05,42.4,3397.1000000000004,0
FCUV.US,D,20250507,000000,44.6,49.8,42.508,45.882,4444.400000000001,0
FCUV.US,D,20250508,000000,45.5,53.7,45.5,50.3,10320.900000000001,0
FCUV.US,D,20250509,000000,53.357,53.357,47.35,48.7,1810.9,0
FCUV.US,D,20250512,000000,51.5,52.95,47,47.1,1571.9,0
FCUV.US,D,20250513,000000,46.1,49.8,45,46.6,2520.7000000000003,0
FCUV.US,D,20250514,000000,47.3,47.3,45.2,45.3,1684.1000000000001,0
FCUV.US,D,20250515,000000,45.2,46.6,41.6,42.9,4703.900000000001,0
FCUV.US,D,20250516,000000,43,44.7,40.2,41.2,4502.3,0
FCUV.US,D,20250519,000000,41,41.3,39.3,40.2,1821.4,0
FCUV.US,D,20250520,000000,40.5,42.1,40.1,41,2528.3,0
FCUV.US,D,20250521,000000,41.6,41.6,36.901,37.5,3559.2000000000003,0
FCUV.US,D,20250522,000000,37.518,37.792,35.6,37.2,2111.4,0
FCUV.US,D,20250523,000000,38,38.932,35.9,37.8,2662.4,0
FCUV.US,D,20250527,000000,40.2,40.2,37.971,39.2,2109.6,0
FCUV.US,D,20250528,000000,39.2,39.2,38.2,38.8,921.1,0
FCUV.US,D,20250529,000000,39.9,39.9,38.2,39.777,870.9000000000001,0
FCUV.US,D,20250530,000000,38.65,40.7,38.4,38.4,1747.9,0
FCUV.US,D,20250602,000000,38,38.107,37.1,37.5,1017.5,0
FCUV.US,D,20250603,000000,39.5,41.75,37.5,40.6,2948.9,0
FCUV.US,D,20250604,000000,39.1,41.586,38.7,40.1,2117.1,0
FCUV.US,D,20250605,000000,37.5,41.5,37.5,40,2020.6000000000001,0
FCUV.US,D,20250606,000000,37.6,40.9,37.6,40.9,634.2,0
FCUV.US,D,20250609,000000,38.3,40.9,38.3,40.8,1566.8000000000002,0
FCUV.US,D,20250610,000000,39.8,40.4,37.8,39,1876.8000000000002,0
FCUV.US,D,20250611,000000,38.3,38.3,37.25,37.4,719.1,0
FCUV.US,D,20250612,000000,37.4,37.4,35.2,36.85,1469.7,0
FCUV.US,D,20250613,000000,35.3,37.8,35.3,36,1604.6000000000001,0
FCUV.US,D,20250616,000000,36.4,37.6,36.2,36.7,471.3,0
FCUV.US,D,20250617,000000,35.8,37.537,35.8,36.7,971.7,0
FCUV.US,D,20250618,000000,36.3,37.2,35.5,36.9,1398.3000000000002,0
FCUV.US,D,20250620,000000,36.445,38.5,36.445,38.4,1819.2,0
FCUV.US,D,20250623,000000,38.801,39.4,36,38.9,1045.2,0
FCUV.US,D,20250624,000000,38.04,39.9,37.8,39.6,496.90000000000003,0
FCUV.US,D,20250625,000000,39.3,39.5,38.231,39.5,387.90000000000003,0
FCUV.US,D,20250626,000000,38.85,43.2,37.5,41.4,7507.200000000001,0
FCUV.US,D,20250627,000000,40.9,42.2,38.577,41.9,1564.1000000000001,0
FCUV.US,D,20250630,000000,40,42.3,39.2,40.9,1370.3000000000002,0
FCUV.US,D,20250701,000000,39.3,40.95,39.3,40.6,849.6,0
FCUV.US,D,20250702,000000,40.6,41.4,40.4,41.1,945.2,0
FCUV.US,D,20250703,000000,40,41.402,40,40.9,1432.3000000000002,0
FCUV.US,D,20250707,000000,40.2,41,39,40.4,896.2,0
FCUV.US,D,20250708,000000,39.5,40.3,39,39,617.2,0
FCUV.US,D,20250709,000000,39.07,39.7,39,39.6,863.2,0
FCUV.US,D,20250710,000000,38.4,39.8,38.4,39.7,1065.1000000000001,0
FCUV.US,D,20250711,000000,38.3,40.5,37.3,38.7,1024.9,0
FCUV.US,D,20250714,000000,38.6,39,38.084,38.7,1055.8,0
FCUV.US,D,20250715,000000,37.9,38.761,35.6,37.4,2664.9,0
FCUV.US,D,20250716,000000,37.5,37.5,35.6,36.65,1343.1000000000001,0
FCUV.US,D,20250717,000000,36.5,36.9,27.55,29.9,7194.3,0
FCUV.US,D,20250718,000000,29.9,29.9,24.15,26.4,4675.2,0
FCUV.US,D,20250721,000000,27.1,29.299,26.901,27.45,3480.5,0
FCUV.US,D,20250722,000000,27.4,29.569,27.4,28.7,1477.1000000000001,0
FCUV.US,D,20250723,000000,28.7,30.2,26.8,30,3745.7000000000003,0
FCUV.US,D,20250724,000000,29.9,31.608,29,30,3488.2000000000003,0
FCUV.US,D,20250725,000000,29.1,29.664,28.2,28.3,1312.1000000000001,0
FCUV.US,D,20250728,000000,29.1,29.6,27.719,29.1,454,0
FCUV.US,D,20250729,000000,29.1,29.9,27.3,27.5,2691.1000000000004,0
FCUV.US,D,20250730,000000,27.1,27.1,25.001,25.663,1566.5,0
FCUV.US,D,20250731,000000,25.35,27.3,25.35,25.5,4996.6,0
FCUV.US,D,20250801,000000,25.3,25.405,23.6,24,1726,0
FCUV.US,D,20250804,000000,24.7,25.2,24,25.2,2695.2000000000003,0
FCUV.US,D,20250805,000000,25.2,25.688,23.132,24.3,4014.9,0
FCUV.US,D,20250806,000000,24.4,24.6,23.1,23.6,2239.3,0
FCUV.US,D,20250807,000000,23.8,24.776,21.368,21.512,2107.5,0
FCUV.US,D,20250808,000000,22.1,22.45,21.9,22.45,468.3,0
FCUV.US,D,20250811,000000,22.551,22.65,22.551,22.65,96.10000000000001,0
FCUV.US,D,20250812,000000,22.143,23.6,21.847,23,658.6,0
FCUV.US,D,20250813,000000,23.447,23.447,22.9,22.9,517.9,0
FCUV.US,D,20250814,000000,21.9,24.9,21.6,21.6,7661.400000000001,0
FCUV.US,D,20250815,000000,21.8,22.999,21.5,22.4,3491.5,0
FCUV.US,D,20250818,000000,22.9,22.9,21.273,21.4,1617.1000000000001,0
FCUV.US,D,20250819,000000,21.857,22.01,19.6,19.7,3108.6000000000004,0
FCUV.US,D,20250820,000000,20,21.3,19.85,21.3,603.3000000000001,0
FCUV.US,D,20250821,000000,21.3,22.3,18.7,18.7,2727.6000000000004,0
FCUV.US,D,20250822,000000,19,19.609,19,19.4,424.6,0
FCUV.US,D,20250825,000000,19.9,20.736,18,18.75,3051.3,0
FCUV.US,D,20250826,000000,18.8,19.7,18,18.2,2732.7000000000003,0
FCUV.US,D,20250827,000000,19.4,19.499,18.2,18.4,2833.6000000000004,0
FCUV.US,D,20250828,000000,18.6,19.399,18.6,18.7,2450.8,0
FCUV.US,D,20250829,000000,18.7,19.2,18.6,19.2,1152.3,0
FCUV.US,D,20250902,000000,19.1,19.7,19.1,19.35,876.1,0
FCUV.US,D,20250903,000000,19.7,27.5,19.7,23.5,74221.40000000001,0
FCUV.US,D,20250904,000000,22.5,23.505,20.801,21.8,7521.700000000001,0
FCUV.US,D,20250905,000000,21.917,23.3,21.5,21.561,1861.4,0
FCUV.US,D,20250908,000000,21.7,22,20.62,22,2103.6,0
FCUV.US,D,20250909,000000,22.871,24.95,22.85,24.6,2532.4,0
FCUV.US,D,20250910,000000,24.3,25.912,24.3,25.8,2351.7000000000003,0
FCUV.US,D,20250911,000000,25.7,31.75,25.5,27.1,10127.900000000001,0
FCUV.US,D,20250912,000000,27.9,29.318,25.1,28,2985.4,0
FCUV.US,D,20250915,000000,27.2,28.9,26.8,27.892,1459.8000000000002,0
FCUV.US,D,20250916,000000,27.4,27.999,26.901,27.6,2057.3,0
FCUV.US,D,20250917,000000,27.9,34.9,27.8,32.5,13133.300000000001,0
FCUV.US,D,20250918,000000,34.3,35.9,32.6,33.5,3040.8,0
FCUV.US,D,20250919,000000,33.9,33.9,32.3,33.5,2504.7000000000003,0
FCUV.US,D,20250922,000000,33.134,33.8,32.334,33,1850.1000000000001,0
FCUV.US,D,20250923,000000,31.5,32.1,29.5,31.1,5386.6,0
FCUV.US,D,20250924,000000,30.2,31.1,28.3,29,2286.9,0
FCUV.US,D,20250925,000000,28.2,29.9,28,28,1339.6000000000001,0
FCUV.US,D,20250926,000000,28,33.4,28,32.4,3107,0
FCUV.US,D,20250929,000000,32.4,32.4,30.915,31.9,1370.9,0
FCUV.US,D,20250930,000000,32.3,32.6,30,30.9,411.40000000000003,0
FCUV.US,D,20251001,000000,30.02,35.45,30,35.45,2977.8,0
FCUV.US,D,20251002,000000,35.9,35.9,33.101,34.8,327.90000000000003,0
FCUV.US,D,20251003,000000,35,36.5,34,34.05,3673.6000000000004,0
FCUV.US,D,20251006,000000,35,45.5,33.55,42.6,19473.8,0
FCUV.US,D,20251007,000000,43.9,46,39.1,39.7,6819.3,0
FCUV.US,D,20251008,000000,39.8,42.171,38.6,38.6,2731,0
FCUV.US,D,20251009,000000,38.6,39.663,38.515,38.7,1211.4,0
FCUV.US,D,20251010,000000,39.8,40.4,34.5,34.5,10742.2,0
FCUV.US,D,20251013,000000,34.7,34.7,32.1,32.2,2781.2000000000003,0
FCUV.US,D,20251014,000000,33,37.3,31.4,36.1,4069,0
FCUV.US,D,20251015,000000,37,40.5,35,40.2,3782.9,0
FCUV.US,D,20251016,000000,40,43.048,37.7,40.5,7389.5,0
FCUV.US,D,20251017,000000,39.1,40.6,36.3,36.3,1798.6000000000001,0
FCUV.US,D,20251020,000000,40,43.5,39.5,42.4,12848.400000000001,0
FCUV.US,D,20251021,000000,40.9,42.1,39.5,40.6,1514.4,0
FCUV.US,D,20251022,000000,40.6,41,38,39.6,2309.4,0
FCUV.US,D,20251023,000000,39.2,42,39,40.95,1040.2,0
FCUV.US,D,20251024,000000,41.4,48.8,41.4,48.8,10324.300000000001,0
FCUV.US,D,20251027,000000,49,52.5,39.3,42.4,16486.4,0
FCUV.US,D,20251028,000000,42.2,42.2,38.61,40.2,1811.5,0
FCUV.US,D,20251029,000000,40,43.699,38.888,42.8,1497.6000000000001,0
FCUV.US,D,20251030,000000,42.2,43.1,40.342,42.9,859.5,0
FCUV.US,D,20251031,000000,40.567,43.25,40.567,43.2,1132.5,0
FCUV.US,D,20251103,000000,39.3,43.2,39.3,42.3,2287.9,0
FCUV.US,D,20251104,000000,42.1,42.1,39.7,39.7,1140.3,0
FCUV.US,D,20251105,000000,40.445,41,40.445,41,267.90000000000003,0
FCUV.US,D,20251106,000000,40.1,40.1,38,39.7,1167.1000000000001,0
FCUV.US,D,20251107,000000,39.5,39.5,35.3,36.3,4179.7,0
FCUV.US,D,20251110,000000,36.5,40,36.5,37,511.40000000000003,0
FCUV.US,D,20251111,000000,38,39,36,36.2,1889.3000000000002,0
FCUV.US,D,20251112,000000,36.6,37.3,35.3,35.3,274.1,0
FCUV.US,D,20251113,000000,35.5,35.5,30.8,30.8,4771.1,0
FCUV.US,D,20251114,000000,30,30.8,29.2,29.7,1749.1000000000001,0
FCUV.US,D,20251117,000000,28.7,32.7,26.8,26.9,1469.6000000000001,0
FCUV.US,D,20251118,000000,26.2,26.8,25,25.2,2077.6,0
FCUV.US,D,20251119,000000,25.5,30.4,24.844,26.2,14427,0
FCUV.US,D,20251120,000000,26,34.5,25.1,28.2,7129.200000000001,0
FCUV.US,D,20251121,000000,27.3,32.2,27.3,32.1,1718.8000000000002,0
FCUV.US,D,20251124,000000,31.4,33.6,31.2,31.2,1132.8,0
FCUV.US,D,20251125,000000,31.1,33.3,29.1,30.9,2400.7000000000003,0
FCUV.US,D,20251126,000000,30.8,33.478,29.8,30.8,1253.7,0
FCUV.US,D,20251128,000000,31.7,33.1,31.4,33.1,427.40000000000003,0
FCUV.US,D,20251201,000000,32.5,33,31.8,33,359.3,0
FCUV.US,D,20251202,000000,33.5,34.3,32.8,32.8,297.5,0
FCUV.US,D,20251203,000000,32.75,32.75,32.1,32.75,114,0
FCUV.US,D,20251204,000000,33.4,34.1,31.9,34.1,544,0
FCUV.US,D,20251205,000000,30.601,36.9,30.601,36.9,1073.7,0
FCUV.US,D,20251208,000000,36.1,38.1,35.7,35.7,706.7,0
FCUV.US,D,20251209,000000,33,37.33,33,36.5,1464.8000000000002,0
FCUV.US,D,20251210,000000,36.1,39.6,35.2,36.3,571.9,0
FCUV.US,D,20251211,000000,35.8,37.5,34.6,36,869.6,0
FCUV.US,D,20251212,000000,35.9,37.15,34.091,34.3,789.7,0
FCUV.US,D,20251215,000000,36.892,36.892,36.5,36.5,116.5,0
FCUV.US,D,20251216,000000,36.1,36.3,35.7,35.7,329.20000000000005,0
FCUV.US,D,20251217,000000,36.7,36.7,35,35,1244.9,0
FCUV.US,D,20251218,000000,34.5,34.5,29.1,29.1,2570.2000000000003,0
FCUV.US,D,20251219,000000,29.2,29.3,19.9,20.4,15472.5,0
FCUV.US,D,20251222,000000,20.2,20.4,17.2,17.55,6638.400000000001,0
FCUV.US,D,20251223,000000,16.9,17.5,15.1,15.8,7191.900000000001,0
FCUV.US,D,20251224,000000,15.6,16.7,13.4,14,30844.9,0
FCUV.US,D,20251226,000000,14,14,10.5,11.2,88484.70000000001,0
FCUV.US,D,20251229,000000,9.5,9.5,7.53,9.402,48351.4,0
FCUV.US,D,20251230,000000,9.3,9.35,8.802,9.103,16536,0
FCUV.US,D,20251231,000000,8.9,8.99999,8.1,8.101,26866,0
FCUV.US,D,20260102,000000,8,8.789,7.8,8.5,9848.800000000001,0
FCUV.US,D,20260105,000000,8.605,9.677,8.502,9.051,32488.5,0
FCUV.US,D,20260106,000000,8.779,9.626,8.618,8.618,84051.40000000001,0
FCUV.US,D,20260107,000000,9.1,9.172,8.65,8.753,54021.200000000004,0
FCUV.US,D,20260108,000000,8.9,9.295,8.8,8.9,15314.900000000001,0
FCUV.US,D,20260109,000000,9.19,9.241,8.9,9,20691.2,0
FCUV.US,D,20260112,000000,9.19,9.19,7.006,7.5,38210.1,0
FCUV.US,D,20260113,000000,7.79,8.502,7.5,7.501,11536.800000000001,0
FCUV.US,D,20260114,000000,7.6,8.1,7.4,7.5,11096.5,0
FCUV.US,D,20260115,000000,7.36,7.78,6.945,6.971,7570.700000000001,0
FCUV.US,D,20260116,000000,6.9,7.255,6.5,6.81,7202.700000000001,0
FCUV.US,D,20260120,000000,7.19,7.199,6.849,6.881,2127,0
FCUV.US,D,20260121,000000,6.9,7.56,6.8821,7.195,3907.8,0
FCUV.US,D,20260122,000000,7.498,7.9,7.3,7.4,1900.3000000000002,0
FCUV.US,D,20260123,000000,7.4,8.502,7.4,7.761,2376.2000000000003,0
FCUV.US,D,20260126,000000,7.8,7.913,7.02,7.463,11276,0
FCUV.US,D,20260127,000000,7.94,7.94,7.385,7.8,3089.4,0
FCUV.US,D,20260128,000000,7.6,7.8,7.5,7.8,3007.2000000000003,0
FCUV.US,D,20260129,000000,7.5,7.79999,6.977,7.5,2722.4,0
FCUV.US,D,20260130,000000,7.5,8.393,7.059,7.3,2333.7000000000003,0
FCUV.US,D,20260202,000000,7.59,8.5,7.49,7.761,21465.600000000002,0
FCUV.US,D,20260203,000000,7.576,7.8,7.211,7.48,1499,0
FCUV.US,D,20260204,000000,7.5,7.5,6.17,6.67,5712.200000000001,0
FCUV.US,D,20260205,000000,6.522,6.6,5.002,5.14,10948.800000000001,0
FCUV.US,D,20260206,000000,5.59,7.169,5.59,6.69,21939.7,0
FCUV.US,D,20260209,000000,7.13,12.83,5.7577,6.1,325563,0
FCUV.US,D,20260210,000000,5.76,6.17,5.0201,6.14,23985,0
FCUV.US,D,20260211,000000,6.02,6.1947,5.15,5.37,74629,0
FCUV.US,D,20260212,000000,5.5,5.8616,4.905,5.02,39230,0
FCUV.US,D,20260213,000000,5.2399,5.8,4.959,5,54549,0
FCUV.US,D,20260217,000000,5.15,5.15,4.8101,5.01,7600,0
FCUV.US,D,20260218,000000,5.11,6.615,5.02,6.04,88033,0
FCUV.US,D,20260219,000000,6.1,6.39,5.8001,5.98,33578,0
FCUV.US,D,20260220,000000,5.81,5.96,5.38,5.59,20856,0
FCUV.US,D,20260223,000000,5.387,5.62,5.0701,5.09,8800,0
FCUV.US,D,20260224,000000,5.14,5.21,5.02,5.07,4759,0
FCUV.US,D,20260225,000000,5.24,5.67,4.9001,5.15,32400,0
FCUV.US,D,20260226,000000,5,5.3045,4.811,5.3045,11524,0
FCUV.US,D,20260227,000000,5.2,5.2,4.99,4.99,2674,0
FCUV.US,D,20260302,000000,5,5.28,4.93,5.1,9938,0
FCUV.US,D,20260303,000000,5,5,4.75,4.75,7193,0
FCUV.US,D,20260304,000000,4.76,5.02,4.67,4.85,7962,0
FCUV.US,D,20260305,000000,4.66,4.83,4.13,4.35,2673,0
FCUV.US,D,20260306,000000,4.36,4.77,4.25,4.36,16530,0
FCUV.US,D,20260309,000000,4.3,4.8,4.16,4.36,7653,0
FCUV.US,D,20260310,000000,4.5,5.723,4.5,5.5863,311387,0
FCUV.US,D,20260311,000000,4.81,4.8935,4.0701,4.43,90646,0
FCUV.US,D,20260312,000000,4.22,4.37,4.1265,4.2,12800,0
FCUV.US,D,20260313,000000,4.025,4.2894,3.72,4.0679,11523,0
FCUV.US,D,20260316,000000,4.24,4.24,3.836,4.19,7566,0
FCUV.US,D,20260317,000000,4.24,4.49,3.9438,4.4,21530,0
FCUV.US,D,20260318,000000,4.31,4.6,4.22,4.6,16979,0
FCUV.US,D,20260319,000000,4.2001,4.3951,4.2001,4.25,3111,0
FCUV.US,D,20260320,000000,4.395,4.52,4.2,4.2,26447,0
FCUV.US,D,20260323,000000,4.2,4.35,4.17,4.34,5216,0
FCUV.US,D,20260324,000000,4.29,4.6,4.29,4.58,12954,0
FCUV.US,D,20260325,000000,4.49,5.2,2.74,3.38,123402,0
FCUV.US,D,20260326,000000,3.5112,3.7998,2.735,3,27384,0
FCUV.US,D,20260327,000000,3.16,3.83,3.05,3.83,18803,0
FCUV.US,D,20260330,000000,3.94,3.94,3.6,3.6,2256,0
FCUV.US,D,20260331,000000,3.8833,3.8833,3.5,3.61,5735,0
FCUV.US,D,20260401,000000,3.61,3.78,3.595,3.66,3583,0
FCUV.US,D,20260402,000000,3.9,3.9,3.21,3.34,11002,0
FCUV.US,D,20260406,000000,7.48,9.48,5.32,5.74,52552302,0
FCUV.US,D,20260407,000000,4.13,4.143,3.46,3.775,1044053,0
FCUV.US,D,20260408,000000,3.81,4,3.15,3.29,381774,0
FCUV.US,D,20260409,000000,3.16,3.24,2.71,2.76,159220,0
FCUV.US,D,20260410,000000,2.71,3.37,2.6078,3.07,263328,0
FCUV.US,D,20260413,000000,3.01,3.29,3,3.24,100878,0
FCUV.US,D,20260414,000000,3.18,3.3488,2.52,2.65,260606,0
FCUV.US,D,20260415,000000,2.74,2.74,1.975,2.18,295346,0
FCUV.US,D,20260416,000000,2.2,2.31,2.0001,2.09,115613,0
FCUV.US,D,20260417,000000,2.12,2.12,1.875,1.89,123393,0
FCUV.US,D,20260420,000000,1.91,2.03,1.8607,1.94,71991,0
FCUV.US,D,20260421,000000,1.94,2.18,1.94,2.04,99498,0
FCUV.US,D,20260422,000000,1.99,2.13,1.9291,2.09,39391,0
FCUV.US,D,20260423,000000,2.01,2.1,1.65,1.75,147600,0
FCUV.US,D,20260424,000000,1.75,1.75,1.415,1.53,87749,0
FCUV.US,D,20260427,000000,1.58,1.58,1.44,1.51,51033,0
FCUV.US,D,20260428,000000,1.48,1.48,1.3,1.4,68533,0
FCUV.US,D,20260429,000000,1.402,1.4129,1.08,1.17,164407,0
FCUV.US,D,20260430,000000,1.105,1.28,1.05,1.23,110930,0
FCUV.US,D,20260501,000000,1.23,1.25,1.1801,1.22,53955,0
FCUV.US,D,20260504,000000,1.34,1.55,1.16,1.17,484888,0
FCUV.US,D,20260505,000000,1.22,1.29,1.14,1.16,204038,0
FCUV.US,D,20260506,000000,1.15,1.2,1.06,1.06,100021,0
FCUV.US,D,20260507,000000,1.06,1.22,1.05,1.09,202921,0
FCUV.US,D,20260508,000000,1.07,1.13,1,1,68620,0
FCUV.US,D,20260511,000000,0.98,0.990001,0.825,0.8401,121461,0
FCUV.US,D,20260512,000000,0.8656,0.8656,0.75,0.7766,61628,0
FCUV.US,D,20260513,000000,0.756,0.874,0.756,0.801,65930,0
FCUV.US,D,20260514,000000,0.85,2.06,0.6111,0.7181,13973956,0
FCUV.US,D,20260515,000000,0.698,1.25,0.66,0.843,8457817,0
FCUV.US,D,20260518,000000,0.84,0.9125,0.8002,0.856,574990,0
FCUV.US,D,20260519,000000,0.7996,0.81,0.53,0.725,482590,0
FCUV.US,D,20260520,000000,0.7408,0.81565,0.65,0.773,426712,0
FCUV.US,D,20260521,000000,0.75,0.830001,0.7175,0.8179,141816,0
FCUV.US,D,20260522,000000,0.7952,0.82,0.757172,0.82,113237,0
FCUV.US,D,20260526,000000,0.819,0.84,0.78,0.809,151170,0
FCUV.US,D,20260527,000000,0.7859,0.8023,0.712,0.7408,223173,0
FCUV.US,D,20260528,000000,0.7321,0.8,0.705201,0.792,90509,0
FCUV.US,D,20260529,000000,0.79,0.8069,0.75,0.8068,77955,0
FCUV.US,D,20260601,000000,0.8223,0.85,0.7701,0.8295,257739,0
FCUV.US,D,20260602,000000,0.8299,0.88,0.8,0.805,200086,0
FCUV.US,D,20260603,000000,0.8161,0.86,0.8161,0.839,341263,0
FCUV.US,D,20260604,000000,0.7812,0.7999,0.7105,0.759,189017,0
FCUV.US,D,20260605,000000,0.7841,0.7958,0.7163,0.7202,46116,0
FCUV.US,D,20260608,000000,0.73,1.23,0.6481,0.7501,4677077,0
FCUV.US,D,20260609,000000,0.75,0.9,0.7035,0.8311,438532,0
FCUV.US,D,20260610,000000,0.8147,0.8298,0.775,0.8296,117791,0
FCUV.US,D,20260611,000000,0.83,0.9173,0.7821,0.87,642531,0
FCUV.US,D,20260612,000000,0.8448,0.8448,0.7529,0.83,109410,0
FCUV.US,D,20260615,000000,0.8051,0.8051,0.7649,0.7701,88465,0
FCUV.US,D,20260616,000000,0.7407,0.775,0.696,0.7192,128687,0
FCUV.US,D,20260617,000000,0.72,0.72,0.6723,0.68,48828,0
FCUV.US,D,20260618,000000,0.6758,0.6758,0.5672,0.582,304990,0
FCUV.US,D,20260622,000000,0.5985,0.5985,0.46,0.543,296792,0
FCUV.US,D,20260623,000000,2.18,7.4,2.18,4.11,77224746,0
FCUV.US,D,20260624,000000,3.72,4.56,3.3501,4.42,1023073,0
