<TICKER>,<PER>,<DATE>,<TIME>,<OPEN>,<HIGH>,<LOW>,<CLOSE>,<VOL>,<OPENINT>
GMEX.US,D,20230808,000000,3920,4123.84,3410.4,3959.2,2931.97,0
GMEX.US,D,20230809,000000,2571.52,2814.56,2108.96,2108.96,957.836,0
GMEX.US,D,20230810,000000,1983.52,2140.32,1881.6,1889.44,330.338,0
GMEX.US,D,20230811,000000,1583.68,2101.12,1583.68,1974.66,170.411,0
GMEX.US,D,20230814,000000,1912.96,2008.45,1811.04,1897.28,44.4016,0
GMEX.US,D,20230815,000000,1858.08,2453.92,1740.48,2312.8,332.081,0
GMEX.US,D,20230816,000000,2187.36,2508.8,2156,2367.68,165.777,0
GMEX.US,D,20230817,000000,2367.68,2493.04,2352,2469.6,58.9757,0
GMEX.US,D,20230818,000000,2259.8,2375.44,2210.88,2297.12,77.8979,0
GMEX.US,D,20230821,000000,2250.08,2273.6,2148.16,2187.36,252.948,0
GMEX.US,D,20230822,000000,2124.64,2234.4,1936.48,2140.16,230.614,0
GMEX.US,D,20230823,000000,2101.12,2132.48,2071.96,2089.36,399.795,0
GMEX.US,D,20230824,000000,2007.04,2195.2,1811.51,2030.56,125.465,0
GMEX.US,D,20230825,000000,1928.72,2014.88,1928.64,1999.2,21.7971,0
GMEX.US,D,20230828,000000,1975.68,2140.32,1881.6,2140.32,6.39285,0
GMEX.US,D,20230829,000000,2093.28,2328.48,2077.6,2273.52,25.7422,0
GMEX.US,D,20230830,000000,2116.8,2329.57,1920.8,2030.56,35.2818,0
GMEX.US,D,20230831,000000,1991.36,2101.12,1873.76,1925.81,530.612,0
GMEX.US,D,20230901,000000,1936.48,2038.4,1877.68,1897.28,721.965,0
GMEX.US,D,20230905,000000,1920.8,2108.96,1920.8,2038.4,226.142,0
GMEX.US,D,20230906,000000,1983.52,2179.52,1960,2093.28,513.893,0
GMEX.US,D,20230907,000000,2054.08,2101.12,1905.12,2054.08,480.551,0
GMEX.US,D,20230908,000000,2077.6,2077.6,1952.16,2038.4,317.504,0
GMEX.US,D,20230911,000000,2108.96,2108.96,1952.16,2085.44,312.381,0
GMEX.US,D,20230912,000000,2226.56,2344.16,2030.56,2344.16,79.922,0
GMEX.US,D,20230913,000000,2218.72,2352,1952.16,2061.92,581.338,0
GMEX.US,D,20230914,000000,1975.68,2101.12,1952.16,2054.08,174.109,0
GMEX.US,D,20230915,000000,2007.04,2054.08,2007.04,2054,2.5982,0
GMEX.US,D,20230918,000000,1983.52,2179.52,1983.52,2038.4,15.6887,0
GMEX.US,D,20230919,000000,1960,2046.24,1940.4,2046.24,2.91071,0
GMEX.US,D,20230920,000000,1960,2116.8,1960,2077.6,11.1428,0
GMEX.US,D,20230921,000000,1936.01,2116.8,1936.01,2038.32,19.667,0
GMEX.US,D,20230922,000000,2054.08,2069.76,2007.04,2022.72,8.85969,0
GMEX.US,D,20230925,000000,1959.84,1967.84,1842.48,1941.57,14.889,0
GMEX.US,D,20230926,000000,1944.32,1983.52,1842.4,1983.52,23.1516,0
GMEX.US,D,20230927,000000,1881.6,2007.04,1873.76,1928.64,9.56122,0
GMEX.US,D,20230928,000000,1928.64,2061.92,1865.92,1920.8,27.1108,0
GMEX.US,D,20230929,000000,1991.36,1991.36,1852.2,1881.6,4.74106,0
GMEX.US,D,20231002,000000,1850.24,1874.55,1850.24,1874.55,1.20025,0
GMEX.US,D,20231003,000000,1882.77,1967.84,1850.24,1850.24,15.6658,0
GMEX.US,D,20231004,000000,2038.32,2038.32,1928.64,1928.64,3.04463,0
GMEX.US,D,20231005,000000,1999.2,1999.2,1415.12,1591.52,109.174,0
GMEX.US,D,20231006,000000,1685.6,1685.6,1528.8,1528.8,2.26402,0
GMEX.US,D,20231009,000000,1528.8,1532.72,1434.72,1434.72,2.83034,0
GMEX.US,D,20231010,000000,1387.68,1450.4,995.68,1105.44,67.1848,0
GMEX.US,D,20231011,000000,987.84,1136.8,956.48,956.48,25.7779,0
GMEX.US,D,20231012,000000,1019.2,1081.92,878.08,917.28,45.5306,0
GMEX.US,D,20231013,000000,870.32,917.28,799.76,878.08,12.6364,0
GMEX.US,D,20231016,000000,925.12,1003.52,901.679,972.16,8.06377,0
GMEX.US,D,20231017,000000,901.6,987.84,893.76,893.76,33.5228,0
GMEX.US,D,20231018,000000,907.795,911.479,907.795,911.479,0.992346,0
GMEX.US,D,20231019,000000,917.28,987.84,901.6,909.44,5.74871,0
GMEX.US,D,20231020,000000,909.44,917.28,878.08,917.28,10.8788,0
GMEX.US,D,20231023,000000,921.2,940.8,901.6,925.12,11.3482,0
GMEX.US,D,20231024,000000,964.32,964.32,925.12,948.64,2.81504,0
GMEX.US,D,20231025,000000,972.16,987.84,925.12,932.96,8.67983,0
GMEX.US,D,20231026,000000,948.64,972.16,917.28,932.96,6.30612,0
GMEX.US,D,20231027,000000,901.6,901.6,901.6,901.6,0.984693,0
GMEX.US,D,20231030,000000,901.6,1058.4,730.137,1019.2,144.109,0
GMEX.US,D,20231031,000000,940.8,940.8,925.12,925.12,6.00891,0
GMEX.US,D,20231101,000000,815.36,1089.76,776.16,885.92,40.9565,0
GMEX.US,D,20231102,000000,885.92,995.68,885.92,940.879,5.10585,0
GMEX.US,D,20231103,000000,925.12,948.64,885.92,940.8,8.55102,0
GMEX.US,D,20231106,000000,860.991,909.44,860.991,862.4,3.82269,0
GMEX.US,D,20231107,000000,932.96,1066.24,885.92,1066.24,15.9923,0
GMEX.US,D,20231108,000000,1023.12,1293.6,995.68,1293.6,33.852,0
GMEX.US,D,20231109,000000,1188.31,1787.52,1089.76,1669.92,157.855,0
GMEX.US,D,20231110,000000,1615.04,2269.84,1615.04,2195.2,914.534,0
GMEX.US,D,20231113,000000,2054.08,2548,1999.2,2548,43.1134,0
GMEX.US,D,20231114,000000,2352,2352,1811.51,1999.2,42.8455,0
GMEX.US,D,20231115,000000,2058,2320.64,2038.4,2320.64,55.6797,0
GMEX.US,D,20231116,000000,2061.92,2226.56,1818.96,2226.56,17.8596,0
GMEX.US,D,20231117,000000,2250.08,2250.08,1944.32,2179.52,56.6567,0
GMEX.US,D,20231120,000000,2156,2273.6,1979.6,2093.28,40.7257,0
GMEX.US,D,20231121,000000,1999.2,2170.51,1842.4,1936.48,19.9974,0
GMEX.US,D,20231122,000000,1920.8,2038.4,1748.32,1748.32,30.6989,0
GMEX.US,D,20231124,000000,1724.8,1724.8,1458.24,1458.24,4.94132,0
GMEX.US,D,20231127,000000,1458.24,1520.96,1340.64,1379.84,4.875,0
GMEX.US,D,20231128,000000,1458.24,1520.88,909.44,1191.76,35.8583,0
GMEX.US,D,20231129,000000,1246.56,1952.16,1176,1595.44,195.692,0
GMEX.US,D,20231130,000000,1520.96,1693.44,1411.2,1693.44,30.8061,0
GMEX.US,D,20231201,000000,1669.92,1669.92,1450.4,1513.12,23.292,0
GMEX.US,D,20231204,000000,1419.04,1450.4,1340.64,1340.64,3.01146,0
GMEX.US,D,20231205,000000,1285.76,1324.96,1019.28,1050.64,18.139,0
GMEX.US,D,20231206,000000,893.76,1292.81,893.76,1113.28,13.5331,0
GMEX.US,D,20231207,000000,1285.76,1764,1285.76,1583.68,136.948,0
GMEX.US,D,20231208,000000,1669.92,1669.92,1528.8,1591.52,7.17218,0
GMEX.US,D,20231211,000000,1615.04,1646.4,1426.88,1489.6,38.4004,0
GMEX.US,D,20231212,000000,1481.76,1481.76,1481.76,1481.76,1.60331,0
GMEX.US,D,20231213,000000,1398.27,1520.96,1301.44,1324.96,19.7704,0
GMEX.US,D,20231214,000000,1236.21,1520.57,987.84,1520.57,13.8431,0
GMEX.US,D,20231215,000000,1332.8,1411.2,1144.25,1293.6,7.33163,0
GMEX.US,D,20231218,000000,1246.56,1411.2,1172.08,1372.08,18.5408,0
GMEX.US,D,20231219,000000,1340.64,1434.72,1066.24,1403.36,20.5306,0
GMEX.US,D,20231220,000000,1325.04,1454.32,1191.68,1383.52,14.8494,0
GMEX.US,D,20231221,000000,1387.68,1442.56,1277.92,1372,5.67728,0
GMEX.US,D,20231222,000000,1348.48,1430.8,1285.76,1379.84,10.6772,0
GMEX.US,D,20231226,000000,1340.64,1411.2,1081.92,1107.4,13.3737,0
GMEX.US,D,20231227,000000,1123.95,1536.64,1123.95,1199.52,37.6938,0
GMEX.US,D,20231228,000000,1183.84,1289.68,1097.6,1152.48,13.9502,0
GMEX.US,D,20231229,000000,1176,1223.04,1176,1199.52,3.98724,0
GMEX.US,D,20240102,000000,1191.68,1285.76,1136.8,1285.76,6.07653,0
GMEX.US,D,20240103,000000,1254.4,1254.4,995.759,1003.52,15.0229,0
GMEX.US,D,20240104,000000,901.6,1096.58,901.6,1003.52,2.93622,0
GMEX.US,D,20240105,000000,1105.44,1105.44,1019.2,1019.2,4.74106,0
GMEX.US,D,20240108,000000,1050.56,1058.4,963.699,1034.88,5.87626,0
GMEX.US,D,20240109,000000,1089.76,1113.28,915.635,940.8,15.5701,0
GMEX.US,D,20240110,000000,932.96,948.64,815.36,815.36,8.06759,0
GMEX.US,D,20240111,000000,846.72,885.92,745.976,745.976,15.0216,0
GMEX.US,D,20240112,000000,744.8,791.84,689.92,689.92,25.1708,0
GMEX.US,D,20240116,000000,854.56,854.56,721.28,776.16,22.7053,0
GMEX.US,D,20240117,000000,799.68,1109.36,768.32,1058.4,866.934,0
GMEX.US,D,20240118,000000,1152.48,1520.96,1097.6,1301.44,844.246,0
GMEX.US,D,20240119,000000,1199.52,1433.46,1199.52,1426.88,161.388,0
GMEX.US,D,20240122,000000,1411.2,2077.6,1411.2,2030.56,619.097,0
GMEX.US,D,20240123,000000,1991.36,2163.84,1873.76,2038.4,245.187,0
GMEX.US,D,20240124,000000,1975.68,2273.6,1818.88,2218.72,101.602,0
GMEX.US,D,20240125,000000,2085.52,2358.27,1991.36,2242.24,235.567,0
GMEX.US,D,20240126,000000,2257.92,2336.32,1960,2218.72,217.959,0
GMEX.US,D,20240129,000000,1834.56,2293.2,1834.56,2210.88,129.401,0
GMEX.US,D,20240130,000000,2195.2,2328.48,2195.2,2312.8,146.331,0
GMEX.US,D,20240131,000000,2195.2,2273.6,1967.84,2265.76,131.349,0
GMEX.US,D,20240201,000000,2108.96,2568.85,2108.96,2163.84,147.096,0
GMEX.US,D,20240202,000000,2023.27,2375.52,2023.27,2156,105.219,0
GMEX.US,D,20240205,000000,2320.64,2320.64,2171.68,2171.68,53.3163,0
GMEX.US,D,20240206,000000,2273.6,2352,2039.89,2156,124.682,0
GMEX.US,D,20240207,000000,2171.76,2979.2,2171.76,2712.64,268.387,0
GMEX.US,D,20240208,000000,2626.4,3120.32,2532.32,2806.72,48.1861,0
GMEX.US,D,20240209,000000,2907.07,2907.07,2399.04,2712.64,33.9883,0
GMEX.US,D,20240212,000000,2524.48,2665.6,2003.12,2163.84,30.3046,0
GMEX.US,D,20240213,000000,2187.28,2665.6,1975.68,2383.36,84.9169,0
GMEX.US,D,20240214,000000,2312.8,2336.32,2140.32,2336.32,10.9795,0
GMEX.US,D,20240215,000000,2163.84,2234.4,2116.8,2210.88,3.72959,0
GMEX.US,D,20240216,000000,2179.52,2328.48,2179.52,2328.48,1.59948,0
GMEX.US,D,20240220,000000,2375.52,2548,2312.8,2469.6,10.9681,0
GMEX.US,D,20240221,000000,2500.96,2791.04,2163.84,2320.64,55.13,0
GMEX.US,D,20240222,000000,2352,3378.25,2352,3136,238.318,0
GMEX.US,D,20240223,000000,3057.6,3371.2,3057.6,3371.2,21.1581,0
GMEX.US,D,20240226,000000,3332,3912.16,3245.76,3629.92,180.484,0
GMEX.US,D,20240227,000000,3880.8,4558.96,3669.12,3802.4,271.318,0
GMEX.US,D,20240228,000000,3473.12,3924.62,3136,3880.8,93.4693,0
GMEX.US,D,20240229,000000,3967.04,3967.04,3324.16,3755.36,84.3469,0
GMEX.US,D,20240301,000000,3763.2,3896.48,3528,3841.6,99.2551,0
GMEX.US,D,20240304,000000,3920,4076.8,3724,4061.12,104.062,0
GMEX.US,D,20240305,000000,4178.72,4178.72,3771.04,3880.8,83.3595,0
GMEX.US,D,20240306,000000,4053.28,4288.48,3920,4116,271.346,0
GMEX.US,D,20240307,000000,4123.84,4390.32,4053.28,4304.16,259.434,0
GMEX.US,D,20240308,000000,4398.24,5080.32,3880.8,4852.96,264.363,0
GMEX.US,D,20240311,000000,4766.72,5801.6,4766.72,5229.28,494.306,0
GMEX.US,D,20240312,000000,5190.08,5880,4954.88,5307.68,682.897,0
GMEX.US,D,20240313,000000,5503.68,5648.72,4649.12,5339.04,715.591,0
GMEX.US,D,20240314,000000,5393.92,5566.3,5190.08,5425.28,640.114,0
GMEX.US,D,20240315,000000,5566.4,5825.12,5174.4,5307.68,760.944,0
GMEX.US,D,20240318,000000,5166.56,5480.16,4798.08,5456.64,756.546,0
GMEX.US,D,20240319,000000,5346.88,6272,5149.31,6209.28,531.455,0
GMEX.US,D,20240320,000000,6389.6,6883.52,5205.76,5244.96,698.506,0
GMEX.US,D,20240321,000000,5166.56,5605.6,4954.88,5566.4,771.938,0
GMEX.US,D,20240322,000000,5629.12,5848.64,5276.32,5386.08,884.702,0
GMEX.US,D,20240325,000000,5268.48,5746.72,5017.6,5284.16,915.357,0
GMEX.US,D,20240326,000000,5276.32,5699.68,5166.56,5331.2,819.593,0
GMEX.US,D,20240327,000000,5276.32,6123.04,4711.84,5370.4,1081.06,0
GMEX.US,D,20240328,000000,5331.2,6468,5331.2,6201.44,885.234,0
GMEX.US,D,20240401,000000,6193.6,7173.6,5252.8,6609.12,1011.12,0
GMEX.US,D,20240402,000000,6593.44,7095.2,5958.4,6703.2,1394.28,0
GMEX.US,D,20240403,000000,6601.28,7204.96,6437.13,6977.6,858.163,0
GMEX.US,D,20240404,000000,6899.2,7212.8,5252.8,5746.72,1456.11,0
GMEX.US,D,20240405,000000,5558.56,6734.56,5558.56,6468,1043.68,0
GMEX.US,D,20240408,000000,6515.04,6515.04,6099.52,6146.56,1052.53,0
GMEX.US,D,20240409,000000,6232.8,6499.36,5488,5503.68,1053.36,0
GMEX.US,D,20240410,000000,5370.4,6232.8,5339.04,5401.76,1165.22,0
GMEX.US,D,20240411,000000,5409.6,5566.4,5174.4,5346.88,1133.34,0
GMEX.US,D,20240412,000000,5331.2,5644.8,5087.91,5346.88,1377.47,0
GMEX.US,D,20240415,000000,5370.4,5785.92,5033.28,5346.88,1309.2,0
GMEX.US,D,20240416,000000,5307.68,5644.8,5174.4,5370.4,1374.9,0
GMEX.US,D,20240417,000000,5315.52,5488,5166.56,5362.56,1482.97,0
GMEX.US,D,20240418,000000,5386.08,6640.48,5260.64,6107.36,1455.16,0
GMEX.US,D,20240419,000000,6107.36,6326.88,5511.52,5997.6,1290.31,0
GMEX.US,D,20240422,000000,5903.52,7134.4,5903.52,7024.64,1492.57,0
GMEX.US,D,20240423,000000,7173.6,7761.6,7056,7165.76,1445.41,0
GMEX.US,D,20240424,000000,7079.52,7087.36,6311.2,6914.88,1393.26,0
GMEX.US,D,20240425,000000,6954.08,7314.72,6656.16,7173.6,1348.04,0
GMEX.US,D,20240426,000000,7197.12,7259.84,5958.4,6272,1340.02,0
GMEX.US,D,20240429,000000,6272,6272,4720.15,4798.08,1670.9,0
GMEX.US,D,20240430,000000,4837.28,5731.04,4758.96,4947.04,1386.4,0
GMEX.US,D,20240501,000000,4986.24,5331.2,4641.28,5135.2,1078.89,0
GMEX.US,D,20240502,000000,5135.2,5174.4,4860.8,4986.24,895.422,0
GMEX.US,D,20240503,000000,5213.6,7338.24,4907.84,6052.48,2945.46,0
GMEX.US,D,20240506,000000,5840.8,7651.84,5660.48,7244.16,1165.83,0
GMEX.US,D,20240507,000000,7056,8059.52,6342.56,7353.92,726.514,0
GMEX.US,D,20240508,000000,7275.52,8906.27,7244.16,8859.2,679.763,0
GMEX.US,D,20240509,000000,8859.2,11760,8859.2,10638.9,661.971,0
GMEX.US,D,20240510,000000,10638.9,11273.9,9239.82,9698.06,645.412,0
GMEX.US,D,20240513,000000,9408,10725,9086.7,9321.72,751.671,0
GMEX.US,D,20240514,000000,9721.6,9956.8,8537.76,8710.24,678.193,0
GMEX.US,D,20240515,000000,8545.6,8831.72,8161.44,8208.48,721.246,0
GMEX.US,D,20240516,000000,8467.2,10019.5,8242.9,8702.4,699.23,0
GMEX.US,D,20240517,000000,8616.16,9728.25,8475.04,9016,522.42,0
GMEX.US,D,20240520,000000,9117.94,11242.5,8780.8,10419.3,514.418,0
GMEX.US,D,20240521,000000,10192,12152,10092.2,11493.5,650.504,0
GMEX.US,D,20240522,000000,11760,13320.1,10917.3,13194.7,596.836,0
GMEX.US,D,20240523,000000,13578.9,14660.8,12626,13406.4,538.991,0
GMEX.US,D,20240524,000000,13539.7,15222.7,12112.8,12449.9,608.959,0
GMEX.US,D,20240528,000000,12975.2,13882,10976,13092.8,724.063,0
GMEX.US,D,20240529,000000,11760,15280.1,11548.3,13328,862.755,0
GMEX.US,D,20240530,000000,13343.7,26703.1,8678.88,13351.5,4681.06,0
GMEX.US,D,20240531,000000,12990.9,13293.5,11454.3,12159.9,585.92,0
GMEX.US,D,20240603,000000,11932.5,11948.1,10137.1,10607.5,301.512,0
GMEX.US,D,20240604,000000,10607.5,12810.5,10325.4,12230.4,405.581,0
GMEX.US,D,20240605,000000,11956,14866.9,11767.9,13257.5,334.722,0
GMEX.US,D,20240606,000000,12575.3,13931.7,12003.2,12536.1,257.44,0
GMEX.US,D,20240607,000000,12395.1,13327.9,11258.4,11407.2,284.206,0
GMEX.US,D,20240610,000000,11422.9,11951.8,11211.2,11587.5,79.0918,0
GMEX.US,D,20240611,000000,11524.8,12144.1,11274.7,11956,49.1044,0
GMEX.US,D,20240612,000000,12575.3,14652.8,12308.8,14449.1,148.687,0
GMEX.US,D,20240613,000000,14112,15436.9,14112,15413.5,152.549,0
GMEX.US,D,20240614,000000,15570.3,16377.7,15295.9,15523.2,173.557,0
GMEX.US,D,20240617,000000,15382.1,19121.7,15382.1,18267.2,290.755,0
GMEX.US,D,20240618,000000,18917.9,19694.1,18498.5,19404,257.957,0
GMEX.US,D,20240620,000000,19451.1,23496.5,19451.1,22736,351.295,0
GMEX.US,D,20240621,000000,22406.7,24382.4,21309.1,23331.9,426.591,0
GMEX.US,D,20240624,000000,23167.2,23512.1,21716.8,22892.8,138.399,0
GMEX.US,D,20240625,000000,22939.9,27338.1,22939.9,25401.6,330.63,0
GMEX.US,D,20240626,000000,25088,30489.7,25088,30489.7,298.72,0
GMEX.US,D,20240627,000000,29031.5,31273.7,21975.5,26483.5,664.2,0
GMEX.US,D,20240628,000000,26836.3,26969.6,21312.5,23825.7,426.71,0
GMEX.US,D,20240701,000000,23872.8,25793.6,23371.1,23990.4,191.924,0
GMEX.US,D,20240702,000000,22775.2,24374.5,21424.1,21850.1,187.623,0
GMEX.US,D,20240703,000000,21638.4,23112.3,21518.9,23010.4,49.5879,0
GMEX.US,D,20240705,000000,22783.1,25652.4,22783.1,25331.1,166.33,0
GMEX.US,D,20240708,000000,25472.1,25864.1,24633.3,25315.3,96.7244,0
GMEX.US,D,20240709,000000,26499.2,27283.2,24876.3,25448.7,136.992,0
GMEX.US,D,20240710,000000,25393.7,25949.3,23065.3,23222.1,94.0828,0
GMEX.US,D,20240711,000000,22406.7,23689.8,22148,22728.1,62.1275,0
GMEX.US,D,20240712,000000,23512.1,24233.5,22752.4,23520,44.602,0
GMEX.US,D,20240715,000000,24217.7,25088.1,23676.8,24029.6,92.283,0
GMEX.US,D,20240716,000000,24304,24845.4,23520,23755.2,67.2371,0
GMEX.US,D,20240717,000000,23520,23935.5,20783.9,20987.7,115.801,0
GMEX.US,D,20240718,000000,20062.5,20329.1,14943.1,15436.9,372.806,0
GMEX.US,D,20240719,000000,15209.6,18032,14997.9,17349.9,119.165,0
GMEX.US,D,20240722,000000,15680,16318.9,14229.3,15233.1,237.618,0
GMEX.US,D,20240723,000000,14880.3,14880.3,10489.9,10858.4,639.279,0
GMEX.US,D,20240724,000000,9643.2,12152,9105.51,10576.1,405.724,0
GMEX.US,D,20240725,000000,10976,11317.1,10466.4,11101.5,134.173,0
GMEX.US,D,20240726,000000,11289.6,13234,11226.9,12050.1,163.73,0
GMEX.US,D,20240729,000000,12003.1,12763.5,11689.5,12348,74.2563,0
GMEX.US,D,20240730,000000,12104.9,12732.1,12104.9,12614.5,60.6236,0
GMEX.US,D,20240731,000000,12904.7,14284.5,12544,13923.9,104.332,0
GMEX.US,D,20240801,000000,14112,15358.5,13793.4,15256.7,146.238,0
GMEX.US,D,20240802,000000,15436.9,20384,15115.5,15405.6,680.006,0
GMEX.US,D,20240805,000000,14143.3,17248,13367.2,15891.7,176.091,0
GMEX.US,D,20240806,000000,16683.5,17248,12195.1,12622.4,292,0
GMEX.US,D,20240807,000000,12645.9,13018.3,10631.1,10983.9,208.908,0
GMEX.US,D,20240808,000000,11046.5,13618.1,11016.5,12026.5,201.276,0
GMEX.US,D,20240809,000000,11940.3,13194.7,8631.84,10584,550.308,0
GMEX.US,D,20240812,000000,10505.6,11916.8,10505.6,10568.3,108.331,0
GMEX.US,D,20240813,000000,10497.7,10819.2,10043.1,10419.3,59.6095,0
GMEX.US,D,20240814,000000,10474.3,11454.3,10474.3,11368,67.6261,0
GMEX.US,D,20240815,000000,11462.1,12881.1,11375.9,12677.3,97.5918,0
GMEX.US,D,20240816,000000,13045.7,13320.1,12152,12206.9,55.4424,0
GMEX.US,D,20240819,000000,12112.8,12822.3,11485.6,11767.9,50.8404,0
GMEX.US,D,20240820,000000,11516.9,11916.8,10262.5,10544.8,185.887,0
GMEX.US,D,20240821,000000,10489.9,11367.9,10333.1,11281.7,142.741,0
GMEX.US,D,20240822,000000,11430.7,11814.9,10709.5,10983.9,56.1248,0
GMEX.US,D,20240823,000000,11211.2,14111.9,10905.5,13092.8,182.057,0
GMEX.US,D,20240826,000000,13147.7,14598.1,12994.8,14229.6,114.475,0
GMEX.US,D,20240827,000000,14535.3,14535.3,13014.4,13312.3,69.8838,0
GMEX.US,D,20240828,000000,13139.9,14127.7,13139.9,13931.7,37.2383,0
GMEX.US,D,20240829,000000,13790.5,14260.9,12434.3,12818.4,97.7908,0
GMEX.US,D,20240830,000000,12708.7,13616.1,11509.1,11689.5,206.946,0
GMEX.US,D,20240903,000000,11618.9,12935.9,10591.9,11760,392.651,0
GMEX.US,D,20240904,000000,12050.1,13084.9,10450.8,11038.7,267.079,0
GMEX.US,D,20240905,000000,10897.6,11681.6,9572.67,9933.26,857.967,0
GMEX.US,D,20240906,000000,9901.94,10780,9674.52,10388,248.808,0
GMEX.US,D,20240909,000000,10435.1,12998.7,10192,10192,267.826,0
GMEX.US,D,20240910,000000,10121.5,10819.2,9917.6,10725.1,97.5204,0
GMEX.US,D,20240911,000000,10678.1,14213.9,10356.7,13790.5,498.122,0
GMEX.US,D,20240912,000000,13594.5,14840,12975.2,14378.5,248.071,0
GMEX.US,D,20240913,000000,14362.9,19207.9,11062.3,12371.5,817.451,0
GMEX.US,D,20240916,000000,12669.5,17247.9,12669.5,16166.1,715.981,0
GMEX.US,D,20240917,000000,17404.8,18032,7659.68,13429.9,1458.93,0
GMEX.US,D,20240918,000000,13328,13328,10999.5,13037.9,212.481,0
GMEX.US,D,20240919,000000,13241.7,14660.8,12338.5,13328,242.034,0
GMEX.US,D,20240920,000000,13625.9,14096,11297.6,12136.3,200.581,0
GMEX.US,D,20240923,000000,12653.7,12990.9,11760.1,12951.7,119.768,0
GMEX.US,D,20240924,000000,13249.6,14245.3,12387.2,13908.1,133.803,0
GMEX.US,D,20240925,000000,13892.5,14190.3,13335.9,13806.3,49.0138,0
GMEX.US,D,20240926,000000,13994.4,14391.1,13484.8,13586.7,102.033,0
GMEX.US,D,20240927,000000,13492.7,14080.7,11901.1,12865.5,94.7971,0
GMEX.US,D,20240930,000000,12857.6,13273.1,12544,12716.5,43.4871,0
GMEX.US,D,20241001,000000,13022.3,13720,12324.5,13547.5,89.6491,0
GMEX.US,D,20241002,000000,13320.1,13406.4,12449.9,12669.5,111.491,0
GMEX.US,D,20241003,000000,12834.1,13484.8,12544,13108.5,64.1083,0
GMEX.US,D,20241004,000000,13014.4,13461.3,12740,13406.4,54.5291,0
GMEX.US,D,20241007,000000,13163.3,13500.5,11916.8,12081.5,209.134,0
GMEX.US,D,20241008,000000,12230.4,12544,12152,12489.1,51.5267,0
GMEX.US,D,20241009,000000,12191.2,13171.2,12191.2,12379.3,33.9195,0
GMEX.US,D,20241010,000000,12293.1,12544,11846.3,12112.8,105.658,0
GMEX.US,D,20241011,000000,12120.7,14112,12120.7,13233.9,152.225,0
GMEX.US,D,20241014,000000,13194.7,13406.4,12661.6,12967.3,54.7524,0
GMEX.US,D,20241015,000000,13304.5,13712.1,12929.8,13508.3,141.131,0
GMEX.US,D,20241016,000000,13453.5,14425.6,12918.3,14221.7,95.732,0
GMEX.US,D,20241017,000000,14339.3,14370.7,13779.3,14033.6,94.4642,0
GMEX.US,D,20241018,000000,14166.9,14347.2,13837.6,14347.2,13.9413,0
GMEX.US,D,20241021,000000,14268.8,20893.6,14268.8,17569.5,575.057,0
GMEX.US,D,20241022,000000,17577.3,18816,16464,16730.5,142.188,0
GMEX.US,D,20241023,000000,16565.9,17189.2,16072,16558.1,72.1759,0
GMEX.US,D,20241024,000000,16707.1,17953.6,16079.9,17467.5,95.5853,0
GMEX.US,D,20241025,000000,17804.7,29290.3,17804.7,25221.3,705.787,0
GMEX.US,D,20241028,000000,26820.7,29352.9,23582.7,24554.9,225.902,0
GMEX.US,D,20241029,000000,25785.7,28639.5,25088,28176.9,148.346,0
GMEX.US,D,20241030,000000,27832,29400,25699.5,26663.9,132.812,0
GMEX.US,D,20241031,000000,26624.7,28200.5,24703.9,25182.1,89.102,0
GMEX.US,D,20241101,000000,25472.1,25472.1,23157.1,23880.7,85.5024,0
GMEX.US,D,20241104,000000,23998.3,24860.7,22485.1,23331.9,94.1351,0
GMEX.US,D,20241105,000000,23520,26648.1,23241.7,25550.5,78.2014,0
GMEX.US,D,20241106,000000,26656,27306.7,24147.2,24515.7,80.422,0
GMEX.US,D,20241107,000000,24460.8,25205.6,19631.3,21591.3,144.585,0
GMEX.US,D,20241108,000000,21207.2,25382,21207.2,24304,102.878,0
GMEX.US,D,20241111,000000,24993.9,25244.8,22065.7,23912,105.777,0
GMEX.US,D,20241112,000000,23402.4,25699.5,22971.2,23520,130.166,0
GMEX.US,D,20241113,000000,23527.9,24155.1,21191.5,22108.8,227.118,0
GMEX.US,D,20241114,000000,21567.9,22728.1,21168,22108.8,105.326,0
GMEX.US,D,20241115,000000,22500.8,28764.9,22422.4,28420,457.151,0
GMEX.US,D,20241118,000000,28239.7,31265.9,24068.8,24617.6,494.051,0
GMEX.US,D,20241119,000000,24225.6,27832,23128.1,25182.1,593.855,0
GMEX.US,D,20241120,000000,27102.9,27440,21293.5,23324,1058.65,0
GMEX.US,D,20241121,000000,23520,24601.9,17624.3,18698.4,361.924,0
GMEX.US,D,20241122,000000,18706.3,21046.4,18643.5,19780.3,148.915,0
GMEX.US,D,20241125,000000,19780.3,19913.6,17992.8,18698.4,264.493,0
GMEX.US,D,20241126,000000,17788.9,20819.1,17788.9,20376.1,135.768,0
GMEX.US,D,20241127,000000,21073.9,21740.3,19294.3,21168,181.757,0
GMEX.US,D,20241129,000000,21959.9,22445.9,21215.1,22445.9,167.403,0
GMEX.US,D,20241202,000000,22736,22736,20896.5,22124.5,83.7755,0
GMEX.US,D,20241203,000000,22257.7,23520,21567.9,22775.2,72.8646,0
GMEX.US,D,20241204,000000,22939.9,23456.1,22014.7,23041.7,124.554,0
GMEX.US,D,20241205,000000,23339.7,23676.8,22030.4,22775.2,34.6873,0
GMEX.US,D,20241206,000000,22877.1,26373.7,22132.3,25872,211.475,0
GMEX.US,D,20241209,000000,25872,26561.9,23080.9,25135.1,273.212,0
GMEX.US,D,20241210,000000,25793.6,26875.5,24311.9,25197.7,88.0867,0
GMEX.US,D,20241211,000000,26444.3,28616,24696,25738.7,491.987,0
GMEX.US,D,20241212,000000,25738.7,27251.9,21481.6,22743.9,690.189,0
GMEX.US,D,20241213,000000,22900.7,23457.2,21560,22445.9,236.677,0
GMEX.US,D,20241216,000000,22179.3,24108,21246.4,23441.6,161.525,0
GMEX.US,D,20241217,000000,23770.9,30097.7,19231.5,30097.7,667.989,0
GMEX.US,D,20241218,000000,21904.9,38808,3920,5488,2157.1,0
GMEX.US,D,20241219,000000,5237.12,6193.6,3622.08,4131.68,2261.85,0
GMEX.US,D,20241220,000000,4021.92,4617.76,3912.16,4547.2,255.83,0
GMEX.US,D,20241223,000000,4704,8576.96,4704,7502.88,956.071,0
GMEX.US,D,20241224,000000,7455.84,7687.98,6279.84,6632.64,228.924,0
GMEX.US,D,20241226,000000,6687.52,7165.76,6032.88,6742.4,148.69,0
GMEX.US,D,20241227,000000,6883.52,7299.04,6671.84,6805.12,67.2332,0
GMEX.US,D,20241230,000000,6703.2,7255.92,5958.4,7087.36,89.723,0
GMEX.US,D,20241231,000000,7095.2,7389.69,6718.88,6852.16,51.0063,0
GMEX.US,D,20250102,000000,6828.64,7761.6,6820.8,7565.6,110.035,0
GMEX.US,D,20250103,000000,7651.84,7651.84,7063.84,7479.36,97.0177,0
GMEX.US,D,20250106,000000,7259.84,7291.2,6664,7016.8,85.4934,0
GMEX.US,D,20250107,000000,7001.12,7604.8,6899.2,6985.44,135.17,0
GMEX.US,D,20250108,000000,6969.76,9196.34,6816.88,8380.96,416.789,0
GMEX.US,D,20250110,000000,8075.2,8624,7792.96,8106.56,390.153,0
GMEX.US,D,20250113,000000,8239.84,8857.62,7518.56,7738.08,461.567,0
GMEX.US,D,20250114,000000,7542.08,8200.64,5930.96,6217.12,428.142,0
GMEX.US,D,20250115,000000,6389.6,7596.96,6311.2,7212.8,454.206,0
GMEX.US,D,20250116,000000,6860,7589.12,6860,7495.04,457.165,0
GMEX.US,D,20250117,000000,7628.32,8741.6,7448,7840,657.702,0
GMEX.US,D,20250121,000000,7604.8,7996.68,7353.92,7777.28,644.914,0
GMEX.US,D,20250122,000000,7863.52,8304.21,7487.2,7698.88,641.993,0
GMEX.US,D,20250123,000000,7596.96,7683.2,7173.6,7408.8,583.74,0
GMEX.US,D,20250124,000000,7197.12,8741.6,7197.12,8177.12,645.51,0
GMEX.US,D,20250127,000000,8224.16,8224.16,6742.4,7032.48,569.975,0
GMEX.US,D,20250128,000000,6985.44,7279.44,6852.16,7279.44,382.755,0
GMEX.US,D,20250129,000000,7526.4,8357.44,7236.32,8067.36,396.761,0
GMEX.US,D,20250130,000000,8224.16,8688.19,7898.68,8443.68,419.404,0
GMEX.US,D,20250131,000000,8388.8,8545.6,7549.92,7785.12,387.587,0
GMEX.US,D,20250203,000000,7526.4,8051.68,6985.56,7416.64,653.077,0
GMEX.US,D,20250204,000000,7369.6,7455.84,6703.2,7220.64,779.797,0
GMEX.US,D,20250205,000000,7440.16,7440.16,5362.56,5495.84,882.359,0
GMEX.US,D,20250206,000000,5503.68,5723.2,4460.96,4923.52,1079.54,0
GMEX.US,D,20250207,000000,4249.28,4413.92,1960.39,2108.96,2928.91,0
GMEX.US,D,20250210,000000,2242.24,2250.08,1622.88,1685.6,1368.85,0
GMEX.US,D,20250211,000000,1654.24,1716.64,744.8,784,9481.95,0
GMEX.US,D,20250212,000000,705.6,783.841,493.999,627.672,12005.8,0
GMEX.US,D,20250213,000000,593.175,744.8,548.8,698.624,5232.93,0
GMEX.US,D,20250214,000000,713.44,1113.28,666.4,948.64,10729.8,0
GMEX.US,D,20250218,000000,940.8,1042.72,758.832,862.4,5178.24,0
GMEX.US,D,20250219,000000,823.2,846.72,705.6,768.4,2488.22,0
GMEX.US,D,20250220,000000,799.68,846.72,681.921,705.759,1738.13,0
GMEX.US,D,20250221,000000,721.28,799.68,689.92,714.304,1120.93,0
GMEX.US,D,20250224,000000,721.28,721.28,535.551,656.992,1033.36,0
GMEX.US,D,20250225,000000,654.64,654.64,556.64,572.32,565.928,0
GMEX.US,D,20250226,000000,588,634.96,580.239,611.599,305.883,0
GMEX.US,D,20250227,000000,627.2,635.04,544.375,550.055,458.951,0
GMEX.US,D,20250228,000000,525.28,555.699,517.911,530.141,402.679,0
GMEX.US,D,20250303,000000,540.96,546.369,472.047,501.681,563.4,0
GMEX.US,D,20250304,000000,493.92,500.819,435.904,476.672,276.373,0
GMEX.US,D,20250305,000000,461.776,478.24,407.68,446.488,396.891,0
GMEX.US,D,20250306,000000,416.304,462.56,415.677,431.592,226.742,0
GMEX.US,D,20250307,000000,437.472,448.597,415.833,434.336,189.142,0
GMEX.US,D,20250310,000000,415.755,475.417,407.68,431.2,232.826,0
GMEX.US,D,20250311,000000,421.008,446.879,399.056,438.256,174.552,0
GMEX.US,D,20250312,000000,429.632,445.312,417.872,444.841,120.985,0
GMEX.US,D,20250313,000000,439.04,444.841,408.229,431.2,167.811,0
GMEX.US,D,20250314,000000,418.264,451.035,407.68,433.631,218.665,0
GMEX.US,D,20250317,000000,433.631,454.72,420.224,454.72,228.924,0
GMEX.US,D,20250318,000000,439.04,540.96,439.04,504.583,398.693,0
GMEX.US,D,20250319,000000,521.047,609.717,509.6,571.536,706.583,0
GMEX.US,D,20250320,000000,588,740.016,588,703.248,1296.13,0
GMEX.US,D,20250321,000000,721.28,725.512,658.56,689.136,498.91,0
GMEX.US,D,20250324,000000,709.832,713.428,627.2,656.992,364.108,0
GMEX.US,D,20250325,000000,632.063,689.92,580.16,650.487,311.434,0
GMEX.US,D,20250326,000000,670.008,674.24,572.399,578.827,203.128,0
GMEX.US,D,20250327,000000,577.808,581.905,486.001,546.448,281.704,0
GMEX.US,D,20250328,000000,564.48,564.48,470.479,470.635,222.387,0
GMEX.US,D,20250331,000000,469.616,470.4,417.872,446.88,155.908,0
GMEX.US,D,20250401,000000,431.2,517.832,431.2,500.035,122.244,0
GMEX.US,D,20250402,000000,482.944,541.509,482.944,523.712,95.8316,0
GMEX.US,D,20250403,000000,486.08,523.633,470.4,489.687,163.14,0
GMEX.US,D,20250404,000000,449.781,540.881,440.608,471.184,242.006,0
GMEX.US,D,20250407,000000,482.081,521.752,446.88,519.008,213.485,0
GMEX.US,D,20250408,000000,522.928,587.843,499.016,526.965,187.948,0
GMEX.US,D,20250409,000000,540.96,540.96,478.803,503.877,176.142,0
GMEX.US,D,20250410,000000,512.736,532.728,486.08,519.4,117.534,0
GMEX.US,D,20250411,000000,502.544,540.96,501.76,533.12,91.0853,0
GMEX.US,D,20250414,000000,532.807,544.88,509.6,525.201,94.3659,0
GMEX.US,D,20250415,000000,510.776,540.96,508.424,532.336,88.223,0
GMEX.US,D,20250416,000000,510.384,535.315,482.24,513.52,114.446,0
GMEX.US,D,20250417,000000,498.781,509.521,478.24,501.76,95.8724,0
GMEX.US,D,20250421,000000,470.4,500.819,423.36,431.357,148.223,0
GMEX.US,D,20250422,000000,423.36,450.016,423.36,448.448,89.4808,0
GMEX.US,D,20250423,000000,439.824,470.165,431.2,468.832,61.5291,0
GMEX.US,D,20250424,000000,446.175,484.277,446.175,451.584,78.4387,0
GMEX.US,D,20250425,000000,464.912,493.449,454.877,478.005,37.5177,0
GMEX.US,D,20250428,000000,470.165,493.528,437.315,464.677,217.1,0
GMEX.US,D,20250429,000000,446.096,462.559,415.52,430.416,184.609,0
GMEX.US,D,20250430,000000,425.163,425.163,337.12,358.209,296.389,0
GMEX.US,D,20250501,000000,360.64,384.159,337.12,347.783,159.442,0
GMEX.US,D,20250502,000000,337.12,390.119,337.12,373.184,244.01,0
GMEX.US,D,20250505,000000,360.561,373.184,352.8,368.48,114.998,0
GMEX.US,D,20250506,000000,386.983,431.2,376.399,393.568,221.495,0
GMEX.US,D,20250507,000000,393.568,422.027,376.32,399.84,87.4808,0
GMEX.US,D,20250508,000000,383.297,422.184,377.261,414.736,170.594,0
GMEX.US,D,20250509,000000,423.36,423.36,394.604,411.365,41.2104,0
GMEX.US,D,20250512,000000,392,407.68,376.32,407.68,243.82,0
GMEX.US,D,20250513,000000,407.68,431.043,384.24,392.941,186.271,0
GMEX.US,D,20250514,000000,406.033,431.2,384.552,392,123.553,0
GMEX.US,D,20250515,000000,384.16,422.576,384.16,420.537,87.922,0
GMEX.US,D,20250516,000000,415.52,446.872,400.859,446.096,122.654,0
GMEX.US,D,20250519,000000,432.689,446.096,410.267,416.304,50.2434,0
GMEX.US,D,20250520,000000,416.539,431.2,407.68,415.52,62.8289,0
GMEX.US,D,20250521,000000,415.52,430.337,415.52,416.383,49.6275,0
GMEX.US,D,20250522,000000,399.056,439.04,399.056,429.789,69.6402,0
GMEX.US,D,20250523,000000,415.441,446.88,408.464,431.043,69.0561,0
GMEX.US,D,20250527,000000,431.2,446.096,416.304,423.36,51.8775,0
GMEX.US,D,20250528,000000,415.52,439.04,411.6,426.575,172.174,0
GMEX.US,D,20250529,000000,439.04,439.04,417.48,425.555,44.4373,0
GMEX.US,D,20250530,000000,417.48,423.36,337.12,352.879,504.575,0
GMEX.US,D,20250602,000000,368.48,384.159,313.6,360.64,438.618,0
GMEX.US,D,20250603,000000,337.128,376.32,337.128,376.241,56.042,0
GMEX.US,D,20250604,000000,374.909,388.943,365.187,376.32,60.7473,0
GMEX.US,D,20250605,000000,360.64,384.16,360.64,364.639,114.371,0
GMEX.US,D,20250606,000000,372.4,382.983,329.28,366.363,90.9757,0
GMEX.US,D,20250609,000000,364.325,376.319,353.897,363.071,45.051,0
GMEX.US,D,20250610,000000,360.248,363.776,353.505,360.64,61.9118,0
GMEX.US,D,20250611,000000,368.48,368.48,352.879,368.48,151.196,0
GMEX.US,D,20250612,000000,388.08,390.824,368.48,379.456,50.7448,0
GMEX.US,D,20250613,000000,363.776,368.48,352.8,356.14,23.524,0
GMEX.US,D,20250616,000000,282.24,444.528,282.24,426.496,3335.04,0
GMEX.US,D,20250617,000000,413.639,415.52,392.863,406.896,235.544,0
GMEX.US,D,20250618,000000,399.84,399.84,373.105,380.24,59.473,0
GMEX.US,D,20250620,000000,384.16,426.261,352.8,388.08,90.5561,0
GMEX.US,D,20250623,000000,387.531,408.464,352.8,372.4,180.411,0
GMEX.US,D,20250624,000000,359.072,391.529,359.072,368.951,23.2728,0
GMEX.US,D,20250625,000000,372.4,392,368.48,378.593,30.6951,0
GMEX.US,D,20250626,000000,370.048,388.079,361.895,361.895,39.6236,0
GMEX.US,D,20250627,000000,373.576,403.76,373.576,401.408,121.559,0
GMEX.US,D,20250630,000000,364.325,401.408,364.325,397.645,44.1938,0
GMEX.US,D,20250701,000000,392,407.672,392,401.487,17.1823,0
GMEX.US,D,20250702,000000,401.408,412.855,392.079,409.248,55.1708,0
GMEX.US,D,20250703,000000,392.784,426.495,392.784,415.599,83.4616,0
GMEX.US,D,20250707,000000,399.919,427.28,399.919,427.28,106.516,0
GMEX.US,D,20250708,000000,431.121,529.2,419.401,527.24,323.197,0
GMEX.US,D,20250709,000000,493.92,573.104,493.92,542.685,269.053,0
GMEX.US,D,20250710,000000,533.12,610.736,518.224,608.384,186.221,0
GMEX.US,D,20250711,000000,599.525,610.501,533.12,548.8,141.533,0
GMEX.US,D,20250714,000000,539.157,584.08,529.2,552.328,99.6236,0
GMEX.US,D,20250715,000000,540.96,603.68,540.96,582.669,142.784,0
GMEX.US,D,20250716,000000,573.025,587.216,556.64,571.536,32.8863,0
GMEX.US,D,20250717,000000,556.64,596.81,544.88,544.959,141.492,0
GMEX.US,D,20250718,000000,544.88,556.64,514.696,556.64,126.988,0
GMEX.US,D,20250721,000000,557.111,603.68,540.96,595.84,108.909,0
GMEX.US,D,20250722,000000,588,588,572.32,573.888,42.9948,0
GMEX.US,D,20250723,000000,572.32,611.52,519.792,588.079,197.993,0
GMEX.US,D,20250724,000000,595.84,940.8,595.84,725.059,10923.2,0
GMEX.US,D,20250725,000000,705.6,743.783,666.4,723.081,377.255,0
GMEX.US,D,20250728,000000,726.927,726.927,611.52,635.04,426.993,0
GMEX.US,D,20250729,000000,619.36,647.584,540.96,561.344,350.175,0
GMEX.US,D,20250730,000000,548.8,551.137,423.36,442.898,512.557,0
GMEX.US,D,20250731,000000,439.04,454.485,393.019,407.68,264.965,0
GMEX.US,D,20250801,000000,399.056,431.121,392,422.576,145.383,0
GMEX.US,D,20250804,000000,431.121,475.575,384.239,389.256,209.838,0
GMEX.US,D,20250805,000000,384.16,407.601,384.16,399.761,161.723,0
GMEX.US,D,20250806,000000,407.68,415.52,392,407.68,90.3736,0
GMEX.US,D,20250807,000000,392,407.68,392,407.68,48.834,0
GMEX.US,D,20250808,000000,407.601,407.915,367.147,379.613,76.0853,0
GMEX.US,D,20250811,000000,378.28,384.081,360.64,368.323,92.5216,0
GMEX.US,D,20250812,000000,360.64,390.04,343.392,385.728,174.906,0
GMEX.US,D,20250813,000000,367.539,385.728,364.56,370.205,37.7091,0
GMEX.US,D,20250814,000000,368.48,439.197,368.48,391.451,135.006,0
GMEX.US,D,20250815,000000,376.32,399.84,376.32,377.496,45.4016,0
GMEX.US,D,20250818,000000,376.32,431.2,376.32,421.792,50.4463,0
GMEX.US,D,20250819,000000,408.464,426.025,376.32,404.387,142.241,0
GMEX.US,D,20250820,000000,381.024,387.767,376.32,376.32,29.973,0
GMEX.US,D,20250821,000000,376.32,391.216,344.96,383.376,57.8914,0
GMEX.US,D,20250822,000000,373.968,373.968,353.624,362.287,53.5369,0
GMEX.US,D,20250825,000000,381.024,391.999,358.288,360.64,43.6581,0
GMEX.US,D,20250826,000000,391.216,399.056,361.424,361.424,92.0228,0
GMEX.US,D,20250827,000000,360.64,384.16,360.64,368.48,19.9374,0
GMEX.US,D,20250828,000000,368.48,368.48,354.603,354.681,30.2448,0
GMEX.US,D,20250829,000000,354.368,376.241,354.368,360.875,25.9132,0
GMEX.US,D,20250902,000000,373.968,376.32,360.64,374.752,12.1951,0
GMEX.US,D,20250903,000000,370.753,378.985,367.539,367.696,23.7704,0
GMEX.US,D,20250904,000000,390.431,390.431,329.28,338.688,116.596,0
GMEX.US,D,20250905,000000,337.12,352.408,337.12,341.275,26.1644,0
GMEX.US,D,20250908,000000,341.275,344.881,313.913,324.105,167.284,0
GMEX.US,D,20250909,000000,313.6,329.201,306.544,319.559,92.6963,0
GMEX.US,D,20250910,000000,326.301,533.12,326.301,439.04,2066.38,0
GMEX.US,D,20250911,000000,423.36,478.24,412.933,446.331,406.448,0
GMEX.US,D,20250912,000000,415.52,461.776,415.52,461.776,178.651,0
GMEX.US,D,20250915,000000,452.133,454.72,399.84,427.201,126.428,0
GMEX.US,D,20250916,000000,373.655,407.601,341.824,368.951,4302.63,0
GMEX.US,D,20250917,000000,351.937,368.48,337.12,360.797,213.62,0
GMEX.US,D,20250918,000000,390.275,390.275,355.623,381.808,138.127,0
GMEX.US,D,20250919,000000,374.203,391.999,344.96,367.383,275.357,0
GMEX.US,D,20250922,000000,352.408,377.104,346.057,377.104,365.604,0
GMEX.US,D,20250923,000000,666.4,773.716,348.88,414.54,69715.5,0
GMEX.US,D,20250924,000000,358.19,371.91,304.78,325.85,9265.59,0
GMEX.US,D,20250925,000000,325.85,341.04,302.575,306.25,2304.44,0
GMEX.US,D,20250926,000000,301.35,306.25,275.38,287.14,2131.28,0
GMEX.US,D,20250929,000000,294.49,295.901,269.5,275.38,2278.97,0
GMEX.US,D,20250930,000000,282.24,283.073,245.495,261.66,1502.06,0
GMEX.US,D,20251001,000000,257.25,299.39,250.885,294.98,4507.4,0
GMEX.US,D,20251002,000000,267.05,287.63,249.9,260.68,8136.4,0
GMEX.US,D,20251003,000000,264.6,265.09,240.1,251.37,3835.22,0
GMEX.US,D,20251006,000000,251.37,251.37,232.265,245,2074.38,0
GMEX.US,D,20251007,000000,243.53,253.33,225.89,245.98,29041.7,0
GMEX.US,D,20251008,000000,269.5,299.356,255.29,288.61,21598.8,0
GMEX.US,D,20251009,000000,275.87,276.85,220.99,222.46,7451.63,0
GMEX.US,D,20251010,000000,232.75,250.39,231.77,235.2,4421.34,0
GMEX.US,D,20251013,000000,235.2,235.2,187.915,206.78,4493.95,0
GMEX.US,D,20251014,000000,197.47,211.655,173.46,208.25,1980.38,0
GMEX.US,D,20251015,000000,218.05,230.232,207.265,214.13,4171.75,0
GMEX.US,D,20251016,000000,222.95,240.095,210.21,220.99,4404.32,0
GMEX.US,D,20251017,000000,216.58,229.565,196.98,208.74,1495.3,0
GMEX.US,D,20251020,000000,198.94,210.205,195.02,202.86,1333.1,0
GMEX.US,D,20251021,000000,198.94,225.577,198.94,213.15,1602.75,0
GMEX.US,D,20251022,000000,205.8,211.19,193.06,196.49,1283.75,0
GMEX.US,D,20251023,000000,196.49,215.595,196.49,200.9,1003.87,0
GMEX.US,D,20251024,000000,200.41,216.09,200.41,204.33,685.244,0
GMEX.US,D,20251027,000000,197.47,215.11,197.47,205.8,558.183,0
GMEX.US,D,20251028,000000,208.74,212.577,187.67,192.57,1142.36,0
GMEX.US,D,20251029,000000,192.08,199.523,93.59,115.64,11300.8,0
GMEX.US,D,20251030,000000,119.56,137.2,117.6,133.28,5261.3,0
GMEX.US,D,20251031,000000,133.28,133.28,123.48,128.38,1450.91,0
GMEX.US,D,20251103,000000,133.28,133.28,118.585,121.52,1267.91,0
GMEX.US,D,20251104,000000,117.6,120.54,94.08,103.88,2851.65,0
GMEX.US,D,20251105,000000,103.88,112.21,98.9896,108.785,1192.34,0
GMEX.US,D,20251106,000000,167.09,171.01,71.05,73.99,1314303,0
GMEX.US,D,20251107,000000,66.64,67.62,49.98,64.68,43578.4,0
GMEX.US,D,20251110,000000,59.78,64.68,51.94,54.88,15450.1,0
GMEX.US,D,20251111,000000,51.45,53.41,49,49,11516.2,0
GMEX.US,D,20251112,000000,49,52.43,47.04,48.51,5920.2,0
GMEX.US,D,20251113,000000,44.1,49.49,41.16,43.5855,6302.2,0
GMEX.US,D,20251114,000000,40.67,46.4373,39.2,42.6741,4122.77,0
GMEX.US,D,20251117,000000,44.5851,44.5851,38.22,39.3151,3232.48,0
GMEX.US,D,20251118,000000,38.2298,40.8268,38.2298,39.9889,2491.24,0
GMEX.US,D,20251119,000000,37.9848,39.5185,35.0007,36.0591,2657.02,0
GMEX.US,D,20251120,000000,34.9762,38.7051,31.36,31.8451,3969.06,0
GMEX.US,D,20251121,000000,32.6487,34.2069,30.5368,31.7128,1543.73,0
GMEX.US,D,20251124,000000,31.9823,38.465,31.8549,34.79,6422.85,0
GMEX.US,D,20251125,000000,34.3,39.1902,32.634,35.623,1939.2,0
GMEX.US,D,20251126,000000,35.5152,41.16,34.3539,39.788,2396.44,0
GMEX.US,D,20251128,000000,40.1849,41.8681,39.2,41.65,3688.91,0
GMEX.US,D,20251201,000000,58.065,78.4,50.9649,58.8,1680692,0
GMEX.US,D,20251202,000000,89.18,98,58.31,58.31,2540582,0
GMEX.US,D,20251203,000000,60.025,64.68,46.256,46.256,139185,0
GMEX.US,D,20251204,000000,43.12,48.0195,39.4744,40.18,50497.3,0
GMEX.US,D,20251205,000000,40.67,46.0403,39.347,39.9301,48414.6,0
GMEX.US,D,20251208,000000,41.1208,45.3348,39.9301,42.434,29471.6,0
GMEX.US,D,20251209,000000,42.14,42.924,39.7831,40.523,18166.9,0
GMEX.US,D,20251210,000000,40.18,40.6602,33.7512,37.7888,16568.7,0
GMEX.US,D,20251211,000000,35.3878,40.523,34.0599,35.3927,22857.5,0
GMEX.US,D,20251212,000000,35.77,36.6863,33.6091,34.1628,11113,0
GMEX.US,D,20251215,000000,34.055,35.2751,32.7319,32.8349,14552,0
GMEX.US,D,20251216,000000,32.438,33.7953,29.8949,30.6593,11464.3,0
GMEX.US,D,20251217,000000,31.36,34.1873,29.988,31.0415,14016.7,0
GMEX.US,D,20251218,000000,31.8206,32.83,31.1493,31.7324,7481.93,0
GMEX.US,D,20251219,000000,32.585,32.683,31.0415,31.3649,5852.63,0
GMEX.US,D,20251222,000000,31.3698,31.7764,30.4143,31.0611,5369.87,0
GMEX.US,D,20251223,000000,31.36,36.75,30.87,34.2951,24807.9,0
GMEX.US,D,20251224,000000,32.34,34.4666,32.34,33.32,3355.24,0
GMEX.US,D,20251226,000000,32.83,38.2151,32.34,35.7651,102962,0
GMEX.US,D,20251229,000000,43.4434,45.57,37.24,39.2,519314,0
GMEX.US,D,20251230,000000,38.08,43.5512,36.96,38.2144,45035.9,0
GMEX.US,D,20251231,000000,34.16,34.72,26.264,27.44,47375.4,0
GMEX.US,D,20260102,000000,28.28,32.2,28.28,31.024,20575.6,0
GMEX.US,D,20260105,000000,31.9144,32.48,28.0448,28.28,30510.6,0
GMEX.US,D,20260106,000000,24.08,24.8808,22.4,22.848,25967.2,0
GMEX.US,D,20260107,000000,22.68,25.1832,20.384,25.172,31518.8,0
GMEX.US,D,20260108,000000,23.17,25.2,22.47,24.5,53906,0
GMEX.US,D,20260109,000000,24.57,25.515,23.1,24.85,43427.4,0
GMEX.US,D,20260112,000000,24.22,26.53,22.4,22.82,17998.7,0
GMEX.US,D,20260113,000000,22.82,23.1,21.49,21.49,16226.2,0
GMEX.US,D,20260114,000000,21.91,22.26,21.07,21.14,10953.8,0
GMEX.US,D,20260115,000000,21.35,24.5,21.2128,22.89,24701.5,0
GMEX.US,D,20260116,000000,22.89,23.8,22.4,22.54,16194.8,0
GMEX.US,D,20260120,000000,22.26,22.26,21,21,12168.8,0
GMEX.US,D,20260121,000000,21,22.7486,20.72,21.35,18107.5,0
GMEX.US,D,20260122,000000,22.89,24.85,22.12,23.59,48178.5,0
GMEX.US,D,20260123,000000,25.62,26.95,23.8,24.64,212822,0
GMEX.US,D,20260126,000000,24.64,24.64,19.81,21.63,79831.5,0
GMEX.US,D,20260127,000000,21.98,22.071,19.6,20.685,108159,0
GMEX.US,D,20260128,000000,20.51,20.7515,18.55,19.88,33346.1,0
GMEX.US,D,20260129,000000,19.46,19.5965,17.15,18.48,31075.5,0
GMEX.US,D,20260130,000000,19.39,19.39,16.45,17.08,25858.4,0
GMEX.US,D,20260202,000000,17.08,18.095,15.54,17.43,16997.8,0
GMEX.US,D,20260203,000000,16.45,17.78,16.31,16.38,7845.85,0
GMEX.US,D,20260204,000000,16.8,17.64,14.91,15.05,20162.1,0
GMEX.US,D,20260205,000000,14.28,14.7,13.0207,13.16,13287.2,0
GMEX.US,D,20260206,000000,12.81,15.19,12.11,14.7,28375.2,0
GMEX.US,D,20260209,000000,14.77,16.1,14.77,15.19,9742.57,0
GMEX.US,D,20260210,000000,15.89,15.96,14.2807,14.7,6075.57,0
GMEX.US,D,20260211,000000,14.49,14.98,13.86,14,5215.85,0
GMEX.US,D,20260212,000000,14.42,14.42,13.37,13.58,4618.71,0
GMEX.US,D,20260213,000000,13.51,14.35,13.51,13.93,4102.42,0
GMEX.US,D,20260217,000000,14.21,15.12,13.3942,13.44,3876.57,0
GMEX.US,D,20260218,000000,13.3,14.28,13.3,13.86,3649.28,0
GMEX.US,D,20260219,000000,14.07,14.56,13.72,14.14,4600.28,0
GMEX.US,D,20260220,000000,14.07,14.35,13.16,13.3,2747.57,0
GMEX.US,D,20260223,000000,13.02,13.02,11.55,11.9,6063.28,0
GMEX.US,D,20260224,000000,12.11,12.6,12.04,12.32,3823.14,0
GMEX.US,D,20260225,000000,12.3907,12.46,11.55,11.76,5285.71,0
GMEX.US,D,20260226,000000,11.9,12.25,11.55,11.9,5876,0
GMEX.US,D,20260227,000000,11.83,11.83,11.2,11.34,470,0
GMEX.US,D,20260302,000000,11.06,11.06,9.66,9.8,5340.85,0
GMEX.US,D,20260303,000000,9.73,10.08,9.275,9.66,5161.42,0
GMEX.US,D,20260304,000000,9.59,9.87,9.4234,9.73,3080.42,0
GMEX.US,D,20260305,000000,9.66,10.64,9.45,9.66,6720.14,0
GMEX.US,D,20260306,000000,10.01,12.53,9.87,11.9707,6754.42,0
GMEX.US,D,20260309,000000,11.76,11.83,10.78,11.13,470,0
GMEX.US,D,20260310,000000,11.06,11.27,10.08,11.06,5146.71,0
GMEX.US,D,20260311,000000,12.04,13.65,11.55,13.37,153526,0
GMEX.US,D,20260312,000000,11.62,11.872,9.1,10.71,552514,0
GMEX.US,D,20260313,000000,9.1,9.38,7.42,8.26,43557.1,0
GMEX.US,D,20260316,000000,8.26,8.26,7.21,7.56,17938.2,0
GMEX.US,D,20260317,000000,6.7907,6.7907,6.2342,6.51,19627.8,0
GMEX.US,D,20260318,000000,6.1481,6.44,5.95,6.3189,10926.1,0
GMEX.US,D,20260319,000000,6.02,6.3,5.95,6.2993,4334.57,0
GMEX.US,D,20260320,000000,6.16,6.16,5.026,5.81,19996.2,0
GMEX.US,D,20260323,000000,8.19,8.75,7,7.84,6513198,0
GMEX.US,D,20260324,000000,7.28,7.98,6.6283,7.21,340899,0
GMEX.US,D,20260325,000000,7.49,7.49,6.3658,6.5751,42347.2,0
GMEX.US,D,20260326,000000,6.3,6.4071,5.1072,6.3007,164138,0
GMEX.US,D,20260327,000000,7.49,7.49,3.9907,4.3757,1202385,0
GMEX.US,D,20260330,000000,4.116,4.76,3.94661,4.0264,82730.5,0
GMEX.US,D,20260331,000000,4.0565,4.466,3.9907,4.2,45807.8,0
GMEX.US,D,20260401,000000,4.347,4.347,3.3754,3.535,75962.5,0
GMEX.US,D,20260402,000000,3.4636,3.626,3.171,3.626,46130.8,0
GMEX.US,D,20260406,000000,3.773,4.0859,3.57,3.878,44711.2,0
GMEX.US,D,20260407,000000,3.6288,3.8255,3.43,3.4713,34740,0
GMEX.US,D,20260408,000000,3.5882,3.626,3.4041,3.4818,33477.5,0
GMEX.US,D,20260409,000000,3.4426,3.5868,3.2928,3.4293,32808.4,0
GMEX.US,D,20260410,000000,3.5,3.5868,3.1605,3.339,29316.1,0
GMEX.US,D,20260413,000000,3.423,3.6288,3.1773,3.535,36254.1,0
GMEX.US,D,20260414,000000,3.64,3.64,3.479,3.6113,15042.4,0
GMEX.US,D,20260415,000000,3.64,3.64,3.3985,3.563,24316.8,0
GMEX.US,D,20260416,000000,3.57,3.57,3.3607,3.5,22168.5,0
GMEX.US,D,20260417,000000,3.57,3.7653,3.2277,3.2319,74442.7,0
GMEX.US,D,20260420,000000,3.206,5.2409,3.171,3.57,3297856,0
GMEX.US,D,20260421,000000,3.2816,3.2816,2.45,2.5886,416621,0
GMEX.US,D,20260422,000000,2.6684,2.8,2.52,2.7293,106820,0
GMEX.US,D,20260423,000000,2.709,2.7293,2.45,2.618,180875,0
GMEX.US,D,20260424,000000,2.807,5.10993,2.807,3.276,12334792,0
GMEX.US,D,20260427,000000,2.7559,2.7846,2.3233,2.6488,389343,0
GMEX.US,D,20260428,000000,2.478,2.485,2.24,2.3793,985486,0
GMEX.US,D,20260429,000000,1.953,1.995,1.68,1.8865,438046,0
GMEX.US,D,20260430,000000,1.8228,2.149,1.7045,2.1007,318703,0
GMEX.US,D,20260501,000000,2.2,2.5,1.8317,2.14,663599,0
GMEX.US,D,20260504,000000,2.14,2.16,1.86,1.95,195029,0
GMEX.US,D,20260505,000000,1.93,2.1,1.75,1.87,995613,0
GMEX.US,D,20260506,000000,2.05,2.05,1.9,1.91,194505,0
GMEX.US,D,20260507,000000,2,2.49,1.91,2.17,1762454,0
GMEX.US,D,20260508,000000,1.86,2.3437,1.74,2.02,2317263,0
GMEX.US,D,20260511,000000,1.96,2.01,1.8,1.8,251634,0
GMEX.US,D,20260512,000000,1.83,1.83,1.44,1.58,192385,0
GMEX.US,D,20260513,000000,1.59,1.7096,1.55,1.63,151933,0
GMEX.US,D,20260514,000000,1.65,2.005,1.65,1.9,364133,0
GMEX.US,D,20260515,000000,1.83,1.99,1.8,1.8,125971,0
GMEX.US,D,20260518,000000,1.78,2.1,1.66,2,277485,0
GMEX.US,D,20260519,000000,2,2.02,1.71,1.71,121633,0
GMEX.US,D,20260520,000000,1.82,1.8276,1.6801,1.76,116838,0
GMEX.US,D,20260521,000000,1.82,1.895,1.73,1.83,118384,0
GMEX.US,D,20260522,000000,1.9,1.938,1.8307,1.91,70308,0
GMEX.US,D,20260526,000000,1.93,1.95,1.82,1.86,90662,0
GMEX.US,D,20260527,000000,1.88,1.89,1.735,1.75,51625,0
GMEX.US,D,20260528,000000,1.89,1.98,1.73,1.77,5306456,0
GMEX.US,D,20260529,000000,2.22,2.2499,1.45,1.47,39266132,0
GMEX.US,D,20260601,000000,1.3,1.31,1.07,1.15,3186410,0
GMEX.US,D,20260602,000000,1.21,1.32,1.1,1.28,21949513,0
GMEX.US,D,20260603,000000,1.14,1.24,1.09,1.15,1869380,0
GMEX.US,D,20260604,000000,1.02,1.21,1,1.1,1616221,0
GMEX.US,D,20260605,000000,1.07,1.07,0.7599,0.856,1621424,0
GMEX.US,D,20260608,000000,0.8,1.19,0.76,0.891,2658218,0
GMEX.US,D,20260609,000000,1.115,1.24,0.8,0.8253,37427083,0
GMEX.US,D,20260610,000000,0.9302,1.14,0.846,0.875,12320642,0
GMEX.US,D,20260611,000000,0.87,0.87,0.813,0.8277,1778173,0
GMEX.US,D,20260612,000000,0.778,0.7999,0.7139,0.789,1502122,0
GMEX.US,D,20260615,000000,0.7996,0.85065,0.76,0.8252,993602,0
GMEX.US,D,20260616,000000,0.7815,0.8073,0.72,0.7421,722366,0
GMEX.US,D,20260617,000000,0.73,0.7764,0.73,0.769,428600,0
GMEX.US,D,20260618,000000,0.7501,0.7501,0.7021,0.719,598554,0
GMEX.US,D,20260622,000000,0.7136,0.7198,0.67,0.7198,370855,0
GMEX.US,D,20260623,000000,0.685,0.7107,0.6205,0.676,594527,0
GMEX.US,D,20260624,000000,0.6756,0.6756,0.6028,0.6125,359575,0
