<TICKER>,<PER>,<DATE>,<TIME>,<OPEN>,<HIGH>,<LOW>,<CLOSE>,<VOL>,<OPENINT>
HAO.US,D,20240126,000000,13600,19904,13600,16896,992.5625,0
HAO.US,D,20240129,000000,16992,17440,15168.3,15232,92.969375,0
HAO.US,D,20240130,000000,13792,24736,13792,24736,306.4021875,0
HAO.US,D,20240131,000000,22432,27200,20864.3,24480,136.261875,0
HAO.US,D,20240201,000000,24448,26240,22560,22720,33.2971875,0
HAO.US,D,20240202,000000,22272,24320,19520,21280,37.5321875,0
HAO.US,D,20240205,000000,21312,23168,20800,22080,7.6621875,0
HAO.US,D,20240206,000000,20960.3,23136,19552,22912,8.203125,0
HAO.US,D,20240207,000000,24288,24288,21760,22848,8.5021875,0
HAO.US,D,20240208,000000,21728,24000,20864,22400,4.0665625,0
HAO.US,D,20240209,000000,21728,22528,20992,22144,2.57875,0
HAO.US,D,20240212,000000,21760,22560,21488,22490.2,4.79625,0
HAO.US,D,20240213,000000,22496,23680,21241.9,22496,1.4846875,0
HAO.US,D,20240214,000000,22368,25280,22368,23968,20.837812500000002,0
HAO.US,D,20240215,000000,23840,26848,22752.3,25696,12.131875,0
HAO.US,D,20240216,000000,25376,27808,24672,27456,9.925625,0
HAO.US,D,20240220,000000,28160,28256,25664,26112,7.0575,0
HAO.US,D,20240221,000000,26240,27421.7,25984,27200,2.6125000000000003,0
HAO.US,D,20240222,000000,26848,27200,23456,24320,10.7628125,0
HAO.US,D,20240223,000000,24383.7,27168,23584,24640,4.714375,0
HAO.US,D,20240226,000000,24640,25568,24000,24224,5.01125,0
HAO.US,D,20240227,000000,23520,24416,22784,24128,4.945625,0
HAO.US,D,20240228,000000,23129.3,24281,22944,23968,5.4915625,0
HAO.US,D,20240229,000000,23520,24480,20843.1,23040,48.5996875,0
HAO.US,D,20240301,000000,23008,23552,22016,23424,8.432500000000001,0
HAO.US,D,20240304,000000,25824,25824,21600.3,22560,4.075,0
HAO.US,D,20240305,000000,24608,24608,22080,22080,6.0928125,0
HAO.US,D,20240306,000000,22080,23968,17632,18912,25.3590625,0
HAO.US,D,20240307,000000,18880,19903.7,17024,17152,14.9825,0
HAO.US,D,20240308,000000,17280,21375.7,17280,20960,8.5940625,0
HAO.US,D,20240311,000000,21056,23936,21056,22880,7.143125,0
HAO.US,D,20240312,000000,23424,23712,22080,23040,5.9465625,0
HAO.US,D,20240313,000000,22432,24576,20832,24000,8.690625,0
HAO.US,D,20240314,000000,21472,24000,21472,22656,7.268125,0
HAO.US,D,20240315,000000,22624,22624,21552,22336,1.23625,0
HAO.US,D,20240318,000000,22336,23680,20929.5,22048,1.44875,0
HAO.US,D,20240319,000000,22944,25440,21600,23776,5.4375,0
HAO.US,D,20240320,000000,23121.7,23121.7,21232,22272,6.206875,0
HAO.US,D,20240321,000000,21319,23296,21248,23296,2.2800000000000002,0
HAO.US,D,20240322,000000,21952,22336,19200,20544,3.720625,0
HAO.US,D,20240325,000000,21004.8,22400,19040,20160,68.875,0
HAO.US,D,20240326,000000,19993.6,22144,19993.6,20480,2.9434375,0
HAO.US,D,20240327,000000,20448,20448,19776,20415.7,2.6584375000000002,0
HAO.US,D,20240328,000000,19808,20319.7,19200,19392,2.0178125000000002,0
HAO.US,D,20240401,000000,19936,19936,16960.3,17312,13.569062500000001,0
HAO.US,D,20240402,000000,16096,17440,16096,17056,0.4421875,0
HAO.US,D,20240403,000000,16672,16896,16352,16480,4.688125,0
HAO.US,D,20240404,000000,16960,16960,14464,14720,8.01625,0
HAO.US,D,20240405,000000,15200,15200,13952,14464,2.0378125000000002,0
HAO.US,D,20240408,000000,14112,14517.4,13952,13952,3.1946875,0
HAO.US,D,20240409,000000,12960,15232,12896,15104,3.1965625,0
HAO.US,D,20240410,000000,14821.1,15744,13888,13952,11.6234375,0
HAO.US,D,20240411,000000,13952,15760,13472,15040,21.9190625,0
HAO.US,D,20240412,000000,13888,16224,13888,15616,1.643125,0
HAO.US,D,20240415,000000,15456,16320,14080,14080,8.3675,0
HAO.US,D,20240416,000000,14083.2,15056,13984,14176,3.1709375,0
HAO.US,D,20240417,000000,14585.6,14585.6,14400,14400,0.9021875,0
HAO.US,D,20240418,000000,14112,16064,13984,15840,5.010625,0
HAO.US,D,20240419,000000,15686.4,16000,15136,15136,2.3528125,0
HAO.US,D,20240422,000000,14720,17056,14720,15456,34.5821875,0
HAO.US,D,20240423,000000,14784,16096,14666.2,15424,2.33375,0
HAO.US,D,20240424,000000,16000,16000,15712,15712,1.331875,0
HAO.US,D,20240425,000000,15552,17568,15552,17504,5.6759375,0
HAO.US,D,20240426,000000,16800,17760,15360,16640,5.1190625,0
HAO.US,D,20240429,000000,15797.5,16928,15680,16480,2.3728125,0
HAO.US,D,20240430,000000,17504,24496,16480.3,23488,94.69125,0
HAO.US,D,20240501,000000,21664,23776,16064,22528,73.313125,0
HAO.US,D,20240502,000000,22003.8,31345.9,21792,28512,40.9446875,0
HAO.US,D,20240503,000000,28544,33920,25792,27680,74.9234375,0
HAO.US,D,20240506,000000,27712,29728,23807.7,24672,71.21062500000001,0
HAO.US,D,20240507,000000,24320,27360,24160,24640,48.604687500000004,0
HAO.US,D,20240508,000000,25696,26560,24064,25088,52.335625,0
HAO.US,D,20240509,000000,26304,26304,24643.2,25568,68.614375,0
HAO.US,D,20240510,000000,26560,28192,24672,24768,71.9196875,0
HAO.US,D,20240513,000000,25088,27168,22752,24416,102.14875,0
HAO.US,D,20240514,000000,23648,25728,23045.4,25728,88.3340625,0
HAO.US,D,20240515,000000,25096.3,25096.3,23360,24576,75.8559375,0
HAO.US,D,20240516,000000,23840,26176,23648,25216,71.19437500000001,0
HAO.US,D,20240517,000000,24992,26416,23680,24608,92.50875,0
HAO.US,D,20240520,000000,24416,25216,20608,21056.3,133.37625,0
HAO.US,D,20240521,000000,21120,22432,18881.5,20448,88.141875,0
HAO.US,D,20240522,000000,19808,21772.8,19040,20025.6,14.7953125,0
HAO.US,D,20240523,000000,21696,22912,19744,21664,90.95156250000001,0
HAO.US,D,20240524,000000,21664,24608,20352,21824,99.6890625,0
HAO.US,D,20240528,000000,23232,24928,22656,23776,97.7625,0
HAO.US,D,20240529,000000,23744,23796.2,22432,22448,103.0975,0
HAO.US,D,20240530,000000,23328,25984,22665,25472,130.60093750000001,0
HAO.US,D,20240531,000000,24640,25216,22944,23200,113.0240625,0
HAO.US,D,20240603,000000,24064,25216,22688,23200,140.9721875,0
HAO.US,D,20240604,000000,22400,23392,21056,21280,111.964375,0
HAO.US,D,20240605,000000,21999,22016,18752,19520,138.6984375,0
HAO.US,D,20240606,000000,20314.9,21809.7,19136,21696,111.2071875,0
HAO.US,D,20240607,000000,20896,23936,20896,22368,127.4015625,0
HAO.US,D,20240610,000000,21344,22398.1,20448,21696,137.50375,0
HAO.US,D,20240611,000000,21856,22896,18432,19200,161.9615625,0
HAO.US,D,20240612,000000,20441.6,21024,18880,20032,120.753125,0
HAO.US,D,20240613,000000,19840,20768,18816,20512,149.4940625,0
HAO.US,D,20240614,000000,19392,20368,16934.4,17920,206.07125,0
HAO.US,D,20240617,000000,19104,19104,15584,18336,189.415625,0
HAO.US,D,20240618,000000,17632,17888,12952.1,14720,223.65625,0
HAO.US,D,20240620,000000,14048,21088,14048,19904,216.6425,0
HAO.US,D,20240621,000000,17792,18879.7,15744,17312,181.86125,0
HAO.US,D,20240624,000000,16992,18912,15584.3,18592,165.564375,0
HAO.US,D,20240625,000000,18688,18688,16640,17536,189.9928125,0
HAO.US,D,20240626,000000,16640,18688,15360,15616,214.28375,0
HAO.US,D,20240627,000000,16032,16736,14464,16384,209.775,0
HAO.US,D,20240628,000000,15488,17887.7,15200,17088,230.77625,0
HAO.US,D,20240701,000000,17088,17600,15808,16416,248.09,0
HAO.US,D,20240702,000000,15712,17248,14736,15360,230.2678125,0
HAO.US,D,20240703,000000,15552,17056,14976,17024,169.51250000000002,0
HAO.US,D,20240705,000000,16512,17664,15526.4,16096,232.9815625,0
HAO.US,D,20240708,000000,15552,17308.8,15360,16768,244.353125,0
HAO.US,D,20240709,000000,17792,22048,16390.4,21120,324.9640625,0
HAO.US,D,20240710,000000,18688,22176,18688,20736,204.479375,0
HAO.US,D,20240711,000000,19616,22108.8,19616,20896,191.3546875,0
HAO.US,D,20240712,000000,20896,21664,17632,18047.7,171.6121875,0
HAO.US,D,20240715,000000,17920,19488,16961.7,17856,204.084375,0
HAO.US,D,20240716,000000,17920,21439.7,17280,19424,248.0434375,0
HAO.US,D,20240717,000000,18624,20864,18336,19104,211.95656250000002,0
HAO.US,D,20240718,000000,18784,20128,15680,15904,216.6090625,0
HAO.US,D,20240719,000000,16352,16352,12448,12672,214.5903125,0
HAO.US,D,20240722,000000,13280,13582.1,12480,12704,213.0521875,0
HAO.US,D,20240723,000000,12576,12576,11200,12096,202.4390625,0
HAO.US,D,20240724,000000,12384,14880,12096,13952,229.59968750000002,0
HAO.US,D,20240725,000000,13568,14272,12256,12608,209.59312500000001,0
HAO.US,D,20240726,000000,12608,12864,11872,12320,194.06,0
HAO.US,D,20240729,000000,12608,13506.9,11712,11936,194.501875,0
HAO.US,D,20240730,000000,12032,12352,11424,12000,204.77625,0
HAO.US,D,20240731,000000,12096,14432,11648,13440,217.2475,0
HAO.US,D,20240801,000000,13376,14144,12192,12864,191.313125,0
HAO.US,D,20240802,000000,12608,13184,11584,11616,201.775,0
HAO.US,D,20240805,000000,11872,13248,11200,12960,205.3709375,0
HAO.US,D,20240806,000000,12768,13119.6,11840,11840,200.050625,0
HAO.US,D,20240807,000000,12448,12574.4,10848,11200,201.801875,0
HAO.US,D,20240808,000000,11296,11584,10176,11584,193.191875,0
HAO.US,D,20240809,000000,11424,12064,11044.8,11072,187.63218750000001,0
HAO.US,D,20240812,000000,11008,11552,8704,8896,226.59187500000002,0
HAO.US,D,20240813,000000,9024,9920,7936,9376,229.893125,0
HAO.US,D,20240814,000000,8928,10240,8928,10144,210.0353125,0
HAO.US,D,20240815,000000,9888,10944,9568,9824,202.290625,0
HAO.US,D,20240816,000000,9792,10784,9568,10496,207.32125,0
HAO.US,D,20240819,000000,10560,12543.7,10240,12448,199.6775,0
HAO.US,D,20240820,000000,12192,12512,10880,11680,198.6228125,0
HAO.US,D,20240821,000000,11904,13696,11435.8,13408,201.3621875,0
HAO.US,D,20240822,000000,13504,14816,12096,12128,206.53593750000002,0
HAO.US,D,20240823,000000,12128,13727.7,11264,11808,192.1146875,0
HAO.US,D,20240826,000000,11328,12768,11008,12416,187.23,0
HAO.US,D,20240827,000000,12736,12736,11200,11200,190.6303125,0
HAO.US,D,20240828,000000,11072,11776,10656,11520,184.736875,0
HAO.US,D,20240829,000000,11744,12032,10912,11040,199.52875,0
HAO.US,D,20240830,000000,11104,12048,10432,10624,202.72625,0
HAO.US,D,20240903,000000,10304,11808,10144,11264,196.415,0
HAO.US,D,20240904,000000,11168,12160,10880,11744,196.456875,0
HAO.US,D,20240905,000000,11808,13024,11680,12704,206.6209375,0
HAO.US,D,20240906,000000,12544,13312,10976,11360,209.66125,0
HAO.US,D,20240909,000000,11200,11872,10080,11104,128.97125,0
HAO.US,D,20240910,000000,11008,13376,10848,12768,201.411875,0
HAO.US,D,20240911,000000,13376,14784,11808,14208,134.6028125,0
HAO.US,D,20240912,000000,14048,15904,13312,13824,212.8884375,0
HAO.US,D,20240913,000000,13856,14752,11744,12160,137.5175,0
HAO.US,D,20240916,000000,12192,12192,10720,11392,221.12,0
HAO.US,D,20240917,000000,11680,12096,8800,9056,193.4078125,0
HAO.US,D,20240918,000000,9120,10976,8032,9600,242.753125,0
HAO.US,D,20240919,000000,2816,3104,1920,2560,2587.1753125,0
HAO.US,D,20240920,000000,2543.68,2543.68,1792,1856,831.99625,0
HAO.US,D,20240923,000000,1862.4,1982.4,1438.08,1536,641.288125,0
HAO.US,D,20240924,000000,1583.68,1599.68,1176.64,1280,739.631875,0
HAO.US,D,20240925,000000,1283.52,1446.4,1232.32,1424.32,480.45468750000003,0
HAO.US,D,20240926,000000,1428.8,1433.6,1232.32,1366.4,265.1203125,0
HAO.US,D,20240927,000000,1343.04,1404.48,1286.4,1328,172.836875,0
HAO.US,D,20240930,000000,1318.72,1375.68,1120.96,1152.32,260.2671875,0
HAO.US,D,20241001,000000,1152,1182.08,1025.6,1056.32,336.4359375,0
HAO.US,D,20241002,000000,1056.32,1102.72,928.32,935.36,1024.22,0
HAO.US,D,20241003,000000,879.36,896,808,854.4,474.411875,0
HAO.US,D,20241004,000000,854.4,959.36,849.28,915.52,571.23125,0
HAO.US,D,20241007,000000,810.88,818.56,672,683.2,2194.493125,0
HAO.US,D,20241008,000000,645.44,649.28,537.6,566.4,1742.2746875,0
HAO.US,D,20241009,000000,530.24,542.08,463.68,487.04,6826.9334375,0
HAO.US,D,20241010,000000,487.04,564.16,464,515.2,1618.610625,0
HAO.US,D,20241011,000000,531.2,549.76,515.2,546.24,900.1175000000001,0
HAO.US,D,20241014,000000,535.04,575.68,521.6,550.4,612.9521875,0
HAO.US,D,20241015,000000,550.4,598.4,531.52,584.96,2488.48375,0
HAO.US,D,20241016,000000,613.12,736,592.32,640,3414.6971875,0
HAO.US,D,20241017,000000,633.6,719.68,577.92,672.64,2036.4325000000001,0
HAO.US,D,20241018,000000,675.2,732.8,640.96,654.4,1648.6571875,0
HAO.US,D,20241021,000000,635.84,699.52,588.8,628.16,1204.6853125,0
HAO.US,D,20241022,000000,620.8,633.92,590.72,609.28,778.88375,0
HAO.US,D,20241023,000000,624,632.96,585.6,595.2,635.348125,0
HAO.US,D,20241024,000000,577.6,602.24,521.28,544,914.0959375,0
HAO.US,D,20241025,000000,527.68,576,489.92,559.68,622.2059375,0
HAO.US,D,20241028,000000,550.4,581.76,544.32,553.6,167.66625,0
HAO.US,D,20241029,000000,583.04,616,547.2,576,2981.936875,0
HAO.US,D,20241030,000000,806.4,856,636.48,648,24628.85875,0
HAO.US,D,20241031,000000,602.24,719.04,577.6,667.2,2172.256875,0
HAO.US,D,20241101,000000,668.48,697.6,614.4,665.6,1059.008125,0
HAO.US,D,20241104,000000,595.2,664.96,576,592.32,966.3609375,0
HAO.US,D,20241105,000000,586.56,639.36,586.56,607.68,331.088125,0
HAO.US,D,20241106,000000,589.44,604.16,544,560,551.6475,0
HAO.US,D,20241107,000000,560,650.88,560,632.64,2348.5628125,0
HAO.US,D,20241108,000000,704,832,569.92,607.68,6601.469375000001,0
HAO.US,D,20241111,000000,592,652.48,582.4,650.56,1040.440625,0
HAO.US,D,20241112,000000,608.32,640,592.64,614.08,546.8565625,0
HAO.US,D,20241113,000000,632.96,632.96,577.92,617.6,440.493125,0
HAO.US,D,20241114,000000,608,713.6,589.44,683.52,2972.8490625,0
HAO.US,D,20241115,000000,710.08,765.12,634.24,664,2849.4425,0
HAO.US,D,20241118,000000,687.68,705.6,656.64,704,2206.723125,0
HAO.US,D,20241119,000000,710.4,869.12,684.48,722.88,5136.7690625000005,0
HAO.US,D,20241120,000000,664.96,724.8,664.96,720,994.3128125000001,0
HAO.US,D,20241121,000000,726.08,832,688.64,796.8,1257.145625,0
HAO.US,D,20241122,000000,832,850.56,752,784,951.84,0
HAO.US,D,20241125,000000,755.2,783.68,720,752,588.729375,0
HAO.US,D,20241126,000000,718.4,732.16,636.16,656,961.5134375,0
HAO.US,D,20241127,000000,380.16,464,369.6,416,11692.7440625,0
HAO.US,D,20241129,000000,415.36,430.4,391.36,420.48,3188.2025,0
HAO.US,D,20241202,000000,414.4,426.56,384,408,1971.9946875,0
HAO.US,D,20241203,000000,403.2,411.2,387.84,401.6,1246.3084375,0
HAO.US,D,20241204,000000,402.88,505.6,393.6,501.44,5965.16,0
HAO.US,D,20241205,000000,462.08,462.08,404.8,420.8,2153.9121875,0
HAO.US,D,20241206,000000,421.12,439.04,395.84,411.84,1321.8165625,0
HAO.US,D,20241209,000000,438.72,478.08,400,466.88,4222.3040625,0
HAO.US,D,20241210,000000,460.48,495.68,422.4,454.4,3693.9346875,0
HAO.US,D,20241211,000000,429.76,440.96,412.8,424,1199.5128125,0
HAO.US,D,20241212,000000,416,454.4,404.16,444.16,1535.3087500000001,0
HAO.US,D,20241213,000000,416,434.88,409.6,421.76,656.6471875,0
HAO.US,D,20241216,000000,416,428.16,384.96,390.72,786.7225,0
HAO.US,D,20241217,000000,387.52,441.6,387.52,436.48,1582.413125,0
HAO.US,D,20241218,000000,448,448,393.6,400,918.968125,0
HAO.US,D,20241219,000000,406.4,416,377.6,380.8,1226.37125,0
HAO.US,D,20241220,000000,350.72,350.72,294.4,320,1720.5665625000001,0
HAO.US,D,20241223,000000,327.04,328.32,301.44,312.32,875.0340625,0
HAO.US,D,20241224,000000,326.4,370.88,315.52,347.2,1395.4165625,0
HAO.US,D,20241226,000000,352,404.8,349.76,399.68,1434.465625,0
HAO.US,D,20241227,000000,394.88,411.2,372.16,405.76,878.399375,0
HAO.US,D,20241230,000000,412.48,446.08,379.52,425.6,1904.4628125,0
HAO.US,D,20241231,000000,499.52,568,455.68,480,15291.879375,0
HAO.US,D,20250102,000000,512,512,451.84,474.56,1847.360625,0
HAO.US,D,20250103,000000,480,587.84,448.32,527.68,6509.2634375,0
HAO.US,D,20250106,000000,576,638.4,520.32,551.04,4308.9640625,0
HAO.US,D,20250107,000000,592,592,521.6,535.04,1618.8287500000001,0
HAO.US,D,20250108,000000,488.32,504.64,451.52,476.8,1233.9065625,0
HAO.US,D,20250110,000000,449.92,502.4,429.12,487.04,1004.3903125,0
HAO.US,D,20250113,000000,467.52,487.04,429.12,448,485.695,0
HAO.US,D,20250114,000000,476.8,476.8,448,455.04,261.3965625,0
HAO.US,D,20250115,000000,439.68,452.8,432.32,441.28,318.6615625,0
HAO.US,D,20250116,000000,432,512,419.2,441.6,1816.73375,0
HAO.US,D,20250117,000000,416,473.92,411.84,448,393.5425,0
HAO.US,D,20250121,000000,435.2,455.36,392.32,447.36,331.3471875,0
HAO.US,D,20250122,000000,440.64,442.56,396.8,430.72,336.9765625,0
HAO.US,D,20250123,000000,319.68,351.68,317.12,334.08,1794.234375,0
HAO.US,D,20250124,000000,346.56,346.56,310.4,330.56,882.1634375,0
HAO.US,D,20250127,000000,313.6,399.36,294.4,321.28,4660.9296875,0
HAO.US,D,20250128,000000,322.56,512,308.48,473.6,21972.7734375,0
HAO.US,D,20250129,000000,354.56,376.32,320,323.84,3788.625,0
HAO.US,D,20250130,000000,318.72,352,299.827,320,1329.5703125,0
HAO.US,D,20250131,000000,327.68,346.88,294.4,298.24,2036.609375,0
HAO.US,D,20250203,000000,294.4,303.36,256,295.68,1293.9765625,0
HAO.US,D,20250204,000000,285.44,292.416,271.36,273.92,1376.34375,0
HAO.US,D,20250205,000000,279.04,279.04,257.28,268.8,1227.578125,0
HAO.US,D,20250206,000000,280.307,280.307,232.179,249.6,855.4140625,0
HAO.US,D,20250207,000000,245.76,258.854,238.08,243.2,649.8984375,0
HAO.US,D,20250210,000000,236.8,253.44,224.307,248.32,1021.0703125,0
HAO.US,D,20250211,000000,245.76,258.56,229.12,234.24,658.3359375,0
HAO.US,D,20250212,000000,236.8,254.72,236.8,247.04,691.3984375,0
HAO.US,D,20250213,000000,245.76,263.68,243.2,256,549.46875,0
HAO.US,D,20250214,000000,254.72,268.787,253.44,256,403,0
HAO.US,D,20250218,000000,259.84,270.08,218.88,250.88,824.890625,0
HAO.US,D,20250219,000000,244.48,248.333,232.96,242.56,567.484375,0
HAO.US,D,20250220,000000,236.8,244.48,229.12,238.08,356.8046875,0
HAO.US,D,20250221,000000,239.36,240,226.56,236.8,783,0
HAO.US,D,20250224,000000,239.36,277.76,234.24,256,1396.0625,0
HAO.US,D,20250225,000000,254.72,264.96,235.52,243.2,953.28125,0
HAO.US,D,20250226,000000,243.2,272.627,239.36,253.44,845.140625,0
HAO.US,D,20250227,000000,253.44,256,239.36,244.48,357.1015625,0
HAO.US,D,20250228,000000,240.666,242.79,225.28,231.04,587.25,0
HAO.US,D,20250303,000000,231.68,236.954,218.88,218.88,455.40625,0
HAO.US,D,20250304,000000,222.72,222.72,179.2,212.48,522.0390625,0
HAO.US,D,20250305,000000,212.48,224,208.64,221.44,134.4609375,0
HAO.US,D,20250306,000000,220.16,220.16,206.157,211.2,136.0859375,0
HAO.US,D,20250307,000000,212.48,216.32,208.64,208.64,167.21875,0
HAO.US,D,20250310,000000,198.4,220.16,198.4,204.8,267.8046875,0
HAO.US,D,20250311,000000,207.36,207.36,192,199.68,364.484375,0
HAO.US,D,20250312,000000,195.84,198.4,192,198.4,92.71875,0
HAO.US,D,20250313,000000,200.96,209.92,198.4,199.68,99.1484375,0
HAO.US,D,20250314,000000,199.68,210.726,198.4,209.92,92.25,0
HAO.US,D,20250317,000000,207.36,217.472,204.813,212.48,81.171875,0
HAO.US,D,20250318,000000,211.2,234.24,208.64,216.32,116.9921875,0
HAO.US,D,20250319,000000,222.72,230.4,216.653,225.28,135.84375,0
HAO.US,D,20250320,000000,224.64,275.699,224.64,252.16,592.515625,0
HAO.US,D,20250321,000000,253.44,253.44,225.28,229.12,421.3359375,0
HAO.US,D,20250324,000000,229.12,234.24,212.48,225.28,408.6953125,0
HAO.US,D,20250325,000000,222.72,224,217.6,224,206.03125,0
HAO.US,D,20250326,000000,218.88,234.227,218.88,226.56,143.78125,0
HAO.US,D,20250327,000000,216.32,226.56,213.76,213.76,67.3671875,0
HAO.US,D,20250328,000000,207.36,211.878,184.32,185.6,224.1015625,0
HAO.US,D,20250331,000000,184.32,184.32,154.88,162.163,627.34375,0
HAO.US,D,20250401,000000,162.56,162.56,107.213,135.68,1877.8828125,0
HAO.US,D,20250402,000000,135.68,159.987,129.28,156.16,1145.625,0
HAO.US,D,20250403,000000,156.16,167.68,130.56,147.2,387,0
HAO.US,D,20250404,000000,147.2,147.738,125.44,125.44,582.8125,0
HAO.US,D,20250407,000000,125.248,134.4,117.76,129.28,257.984375,0
HAO.US,D,20250408,000000,130.56,145.92,130.56,134.4,225.078125,0
HAO.US,D,20250409,000000,133.12,189.005,133.12,179.2,2493.09375,0
HAO.US,D,20250410,000000,175.36,177.92,162.56,162.56,220.3671875,0
HAO.US,D,20250411,000000,163.84,176.64,163.84,163.994,189.8359375,0
HAO.US,D,20250414,000000,163.84,178.547,161.28,165.12,176.8828125,0
HAO.US,D,20250415,000000,165.133,176.64,142.08,172.8,501.4140625,0
HAO.US,D,20250416,000000,167.68,174.08,151.04,151.04,136.4140625,0
HAO.US,D,20250417,000000,149.76,165.12,135.68,149.76,472.140625,0
HAO.US,D,20250421,000000,154.829,162.944,139.52,142.08,321.828125,0
HAO.US,D,20250422,000000,143.36,148.48,138.24,147.2,259.828125,0
HAO.US,D,20250423,000000,152.32,156.16,150.016,156.16,105.890625,0
HAO.US,D,20250424,000000,154.88,185.6,154.88,171.52,402.3828125,0
HAO.US,D,20250425,000000,170.227,186.739,165.12,180.48,313.9765625,0
HAO.US,D,20250428,000000,176.64,185.6,175.36,185.6,136.4453125,0
HAO.US,D,20250429,000000,185.6,185.6,138.24,153.728,361.109375,0
HAO.US,D,20250430,000000,157.44,190.72,157.44,162.56,462.7421875,0
HAO.US,D,20250501,000000,165.12,172.8,163.366,164.544,50.4296875,0
HAO.US,D,20250502,000000,170.88,170.88,168.486,168.96,35.2578125,0
HAO.US,D,20250505,000000,167.04,174.08,167.04,168.96,72.1328125,0
HAO.US,D,20250506,000000,168.96,182.259,161.28,177.92,189.25,0
HAO.US,D,20250507,000000,180.979,224,179.84,212.806,702.46875,0
HAO.US,D,20250508,000000,211.2,211.84,180.954,190.72,293.2890625,0
HAO.US,D,20250509,000000,190.72,204.8,167.68,196.48,908.0390625,0
HAO.US,D,20250512,000000,193.856,207.36,186.88,207.36,253.5234375,0
HAO.US,D,20250513,000000,203.52,217.6,175.488,186.88,543.1328125,0
HAO.US,D,20250514,000000,185.6,202.24,185.6,193.28,627.3984375,0
HAO.US,D,20250515,000000,202.24,202.24,185.6,189.44,111.453125,0
HAO.US,D,20250516,000000,188.16,198.643,179.2,179.2,217.4609375,0
HAO.US,D,20250519,000000,180.48,185.6,170.253,175.36,127.1015625,0
HAO.US,D,20250520,000000,172.8,188.16,167.68,180.48,172.6640625,0
HAO.US,D,20250521,000000,184.32,202.24,177.92,177.92,171.8984375,0
HAO.US,D,20250522,000000,187.84,192,170.24,185.6,189.796875,0
HAO.US,D,20250523,000000,179.2,295.68,170.24,203.52,7322.28125,0
HAO.US,D,20250527,000000,200.96,204.8,167.68,176.64,749.71875,0
HAO.US,D,20250528,000000,171.52,193.293,122.24,152.32,2411.9296875,0
HAO.US,D,20250529,000000,152.32,186.88,151.04,179.2,565.96875,0
HAO.US,D,20250530,000000,168.96,235.507,168.96,194.56,5201.21875,0
HAO.US,D,20250602,000000,189.44,202.24,176.64,186.88,753.7265625,0
HAO.US,D,20250603,000000,186.88,197.12,175.36,180.48,448.328125,0
HAO.US,D,20250604,000000,182.118,198.093,176.64,186.88,236.8671875,0
HAO.US,D,20250605,000000,186.24,186.24,172.8,172.8,431.1640625,0
HAO.US,D,20250606,000000,174.08,182.054,168.973,177.92,318.0234375,0
HAO.US,D,20250609,000000,177.92,183.04,172.813,175.36,217.7890625,0
HAO.US,D,20250610,000000,175.36,181.12,175.36,176.64,83.5234375,0
HAO.US,D,20250611,000000,176,185.6,171.52,174.08,150.3046875,0
HAO.US,D,20250612,000000,174.08,176.64,163.84,163.84,242.4140625,0
HAO.US,D,20250613,000000,165.12,167.68,161.28,166.4,136.5078125,0
HAO.US,D,20250616,000000,166.4,171.52,151.04,154.88,158.7890625,0
HAO.US,D,20250617,000000,157.44,166.4,157.44,163.622,199.578125,0
HAO.US,D,20250618,000000,163.84,165.107,160,163.84,77.0625,0
HAO.US,D,20250620,000000,163.84,164.083,140.032,147.2,755.2890625,0
HAO.US,D,20250623,000000,147.2,151.027,142.08,149.76,205.625,0
HAO.US,D,20250624,000000,156.147,162.56,151.04,158.733,378.546875,0
HAO.US,D,20250625,000000,167.04,167.04,161.28,165.12,37.5703125,0
HAO.US,D,20250626,000000,160.486,165.914,151.04,161.28,412.2109375,0
HAO.US,D,20250627,000000,161.28,171.52,151.142,166.4,95.9140625,0
HAO.US,D,20250630,000000,167.68,167.68,165.018,166.4,30.984375,0
HAO.US,D,20250701,000000,165.12,174.08,158.72,162.56,110.0234375,0
HAO.US,D,20250702,000000,162.56,163.84,160,160.845,27.265625,0
HAO.US,D,20250703,000000,162.56,185.6,156.416,179.2,435.6953125,0
HAO.US,D,20250707,000000,176.64,190.272,173.888,186.88,267.625,0
HAO.US,D,20250708,000000,181.76,183.987,165.12,166.4,391.140625,0
HAO.US,D,20250709,000000,166.4,172.8,166.4,170.24,126.6640625,0
HAO.US,D,20250710,000000,167.68,180.48,167.68,176.64,211.78125,0
HAO.US,D,20250711,000000,176.64,177.907,172.8,174.08,80.890625,0
HAO.US,D,20250714,000000,174.054,179.2,171.52,179.2,68.875,0
HAO.US,D,20250715,000000,177.92,189.44,175.36,184.32,350.453125,0
HAO.US,D,20250716,000000,178.022,185.6,166.4,174.08,632.6484375,0
HAO.US,D,20250717,000000,171.52,184.32,168.96,179.2,549.8125,0
HAO.US,D,20250718,000000,176.64,183.04,172.928,183.04,162.9765625,0
HAO.US,D,20250721,000000,183.245,184.96,176.64,180.48,238.9375,0
HAO.US,D,20250722,000000,176.55,185.6,176.55,181.76,73.09375,0
HAO.US,D,20250723,000000,176.64,180.48,174.08,179.2,91.2734375,0
HAO.US,D,20250724,000000,174.733,179.2,161.28,176.64,131.3203125,0
HAO.US,D,20250725,000000,176.499,176.499,167.13,172.787,20.0859375,0
HAO.US,D,20250728,000000,172.8,177.92,172.8,177.907,34.46875,0
HAO.US,D,20250729,000000,179.226,179.226,171.52,173.056,33,0
HAO.US,D,20250730,000000,170.24,177.498,161.613,161.613,54.1015625,0
HAO.US,D,20250731,000000,163.84,175.36,162.56,174.08,26.0703125,0
HAO.US,D,20250801,000000,168.32,168.32,154.88,160,92.203125,0
HAO.US,D,20250804,000000,160,160,156.16,157.44,76.453125,0
HAO.US,D,20250805,000000,161.28,161.28,157.44,157.44,42.7265625,0
HAO.US,D,20250806,000000,157.44,157.44,149.76,154.906,111.875,0
HAO.US,D,20250807,000000,160,160,149.76,151.04,30.8203125,0
HAO.US,D,20250808,000000,149.76,150.95,149.76,149.76,22.8359375,0
HAO.US,D,20250811,000000,152.32,154.88,147.2,147.2,78.2265625,0
HAO.US,D,20250812,000000,147.2,153.933,147.2,148.48,80.4375,0
HAO.US,D,20250813,000000,148.48,155.712,148.48,152.32,65.8671875,0
HAO.US,D,20250814,000000,152.32,158.72,144.64,148.378,185.625,0
HAO.US,D,20250815,000000,149.76,158.72,142.08,152.32,375.0625,0
HAO.US,D,20250818,000000,151.04,174.08,151.04,156.8,208.328125,0
HAO.US,D,20250819,000000,160,161.498,127.872,145.907,574.2265625,0
HAO.US,D,20250820,000000,144.627,152.32,136.96,147.2,165.390625,0
HAO.US,D,20250821,000000,148.48,149.76,147.366,149.76,57.5078125,0
HAO.US,D,20250822,000000,148.48,154.867,148.48,152.32,36.03125,0
HAO.US,D,20250825,000000,156.16,198.4,140.8,140.8,3889.078125,0
HAO.US,D,20250826,000000,144.64,160.883,140.8,156.16,304.59375,0
HAO.US,D,20250827,000000,153.6,156.16,142.08,153.088,113.484375,0
HAO.US,D,20250828,000000,152.32,152.32,143.36,152.32,196.7421875,0
HAO.US,D,20250829,000000,149.76,151.04,146.842,150.272,31.28125,0
HAO.US,D,20250902,000000,149.76,154.15,148.838,151.04,129.4140625,0
HAO.US,D,20250903,000000,151.04,152.614,149.76,149.76,103.828125,0
HAO.US,D,20250904,000000,147.469,149.427,144.64,144.64,95.46875,0
HAO.US,D,20250905,000000,143.36,147.2,141.12,145.92,54.8125,0
HAO.US,D,20250908,000000,144.64,158.72,141.466,152.32,306.1953125,0
HAO.US,D,20250909,000000,153.6,192,153.6,175.475,1721.8515625,0
HAO.US,D,20250910,000000,168.96,175.36,160,160,631.6796875,0
HAO.US,D,20250911,000000,186.88,285.44,168.96,189.44,208156.265625,0
HAO.US,D,20250912,000000,185.6,186.88,167.68,168.96,2574.7890625,0
HAO.US,D,20250915,000000,166.4,177.92,156.16,163.84,1104.765625,0
HAO.US,D,20250916,000000,163.84,167.68,156.416,160,461.09375,0
HAO.US,D,20250917,000000,157.44,168.96,157.44,165.12,611.4609375,0
HAO.US,D,20250918,000000,160,166.374,157.44,158.72,664.8828125,0
HAO.US,D,20250919,000000,153.6,169.971,153.6,158.72,514.890625,0
HAO.US,D,20250922,000000,160.256,167.808,156.16,161.28,250.984375,0
HAO.US,D,20250923,000000,158.976,167.68,157.44,157.44,406.5078125,0
HAO.US,D,20250924,000000,157.44,166.4,157.44,160,565.2109375,0
HAO.US,D,20250925,000000,160,166.4,153.6,163.84,314.3046875,0
HAO.US,D,20250926,000000,162.56,162.56,153.6,160,305.8828125,0
HAO.US,D,20250929,000000,160,170.163,156.16,157.44,244.6796875,0
HAO.US,D,20250930,000000,160,160,153.6,153.6,237.1875,0
HAO.US,D,20251001,000000,153.6,197.44,153.6,167.68,5164.625,0
HAO.US,D,20251002,000000,160,165.12,157.44,163.84,361.8984375,0
HAO.US,D,20251003,000000,165.12,168.96,161.28,166.4,179.4140625,0
HAO.US,D,20251006,000000,158.72,165.12,158.72,163.84,58.671875,0
HAO.US,D,20251007,000000,163.84,170.227,159.36,165.12,385.4453125,0
HAO.US,D,20251008,000000,159.232,166.4,156.275,165.12,278.65625,0
HAO.US,D,20251009,000000,162.56,165.12,148.493,160,480.2109375,0
HAO.US,D,20251010,000000,161.28,161.28,138.24,153.6,530.5234375,0
HAO.US,D,20251013,000000,152.294,153.6,139.533,151.04,181.3671875,0
HAO.US,D,20251014,000000,151.04,151.04,142.08,145.92,234.578125,0
HAO.US,D,20251015,000000,147.2,152.32,139.52,139.52,172.4609375,0
HAO.US,D,20251016,000000,143.36,148.48,140.8,143.36,226.6640625,0
HAO.US,D,20251017,000000,144.64,146.483,138.24,145.92,140.1171875,0
HAO.US,D,20251020,000000,142.08,149.76,138.253,143.36,269,0
HAO.US,D,20251021,000000,143.36,149.76,143.36,147.2,209.71875,0
HAO.US,D,20251022,000000,145.92,153.6,142.08,148.48,236.9765625,0
HAO.US,D,20251023,000000,147.2,153.6,145.92,148.48,273.7890625,0
HAO.US,D,20251024,000000,140.8,158.72,140.8,156.16,266.28125,0
HAO.US,D,20251027,000000,156.16,156.16,151.04,153.6,323.7421875,0
HAO.US,D,20251028,000000,152.32,154.88,144.64,144.64,130.234375,0
HAO.US,D,20251029,000000,151.04,151.04,144.64,148.48,42.609375,0
HAO.US,D,20251030,000000,147.2,152.32,145.92,147.2,229.7421875,0
HAO.US,D,20251031,000000,144.64,148.48,142.08,145.92,173.4296875,0
HAO.US,D,20251103,000000,143.36,143.36,129.357,131.84,346.921875,0
HAO.US,D,20251104,000000,133.12,139.52,133.12,136.96,159.3125,0
HAO.US,D,20251105,000000,134.4,136.96,133.12,136.96,85.7578125,0
HAO.US,D,20251106,000000,133.12,134.4,118.246,129.28,499.5703125,0
HAO.US,D,20251107,000000,125.402,126.72,119.04,125.03,233.2265625,0
HAO.US,D,20251110,000000,118.528,124.16,118.528,119.424,220.8515625,0
HAO.US,D,20251111,000000,118.528,119.04,110.08,110.08,97.78125,0
HAO.US,D,20251112,000000,108.8,120.192,106.253,120.192,309.890625,0
HAO.US,D,20251113,000000,120.23,122.88,108.8,116.045,83.6484375,0
HAO.US,D,20251114,000000,110.17,116.48,105.101,112.64,260.7890625,0
HAO.US,D,20251117,000000,116.48,120.32,106.368,115.2,73.9140625,0
HAO.US,D,20251118,000000,112.64,113.92,110.08,113.92,149.265625,0
HAO.US,D,20251119,000000,112.64,112.64,105.687,108.8,45.4140625,0
HAO.US,D,20251120,000000,112,115.187,108.8,115.187,226.375,0
HAO.US,D,20251121,000000,115.213,115.213,110.08,115.2,32.7734375,0
HAO.US,D,20251124,000000,104.96,117.12,104.96,116.48,48.8515625,0
HAO.US,D,20251125,000000,114.56,114.56,112,113.92,8.46875,0
HAO.US,D,20251126,000000,122.88,124.16,121.037,122.88,461.9375,0
HAO.US,D,20251128,000000,126.029,136.96,125.338,136.96,173.078125,0
HAO.US,D,20251201,000000,127.373,133.12,126.72,131.84,88.828125,0
HAO.US,D,20251202,000000,124.16,131.84,122.88,131.84,21.0859375,0
HAO.US,D,20251203,000000,133.12,133.12,128.013,131.84,70.625,0
HAO.US,D,20251204,000000,128,133.76,126.016,133.12,97.375,0
HAO.US,D,20251205,000000,116.493,131.84,116.493,128,46.2421875,0
HAO.US,D,20251208,000000,131.2,136.96,125.427,125.875,701.84375,0
HAO.US,D,20251209,000000,124.902,135.04,123.085,132.992,100.8671875,0
HAO.US,D,20251210,000000,130.56,143.36,128,135.68,367.1484375,0
HAO.US,D,20251211,000000,133.76,143.36,128.013,136.96,253.9140625,0
HAO.US,D,20251212,000000,131.84,143.36,129.28,134.4,154.8984375,0
HAO.US,D,20251215,000000,134.4,139.264,128,133.12,318.3359375,0
HAO.US,D,20251216,000000,134.4,136.96,128,135.68,25.3046875,0
HAO.US,D,20251217,000000,135.68,135.68,130.56,132.48,17.140625,0
HAO.US,D,20251218,000000,135.411,139.52,124.16,126.08,505.171875,0
HAO.US,D,20251219,000000,133.12,138.24,126.976,128,237.0546875,0
HAO.US,D,20251222,000000,124.301,131.2,124.301,126.925,174.2421875,0
HAO.US,D,20251223,000000,126.925,130.56,126.72,126.976,79.71875,0
HAO.US,D,20251224,000000,131.84,134.4,129.28,129.997,77.6171875,0
HAO.US,D,20251226,000000,128,133.12,128,131.84,26.03125,0
HAO.US,D,20251229,000000,129.28,134.4,129.28,133.12,66.640625,0
HAO.US,D,20251230,000000,128,133.12,128,133.12,84.7734375,0
HAO.US,D,20251231,000000,130.56,139.52,130.56,136.96,117.4296875,0
HAO.US,D,20260102,000000,136.96,138.24,133.12,133.12,81.0703125,0
HAO.US,D,20260105,000000,136.96,140.8,131.84,131.84,431.6328125,0
HAO.US,D,20260106,000000,132.8,132.8,132.8,132.8,9.96875,0
HAO.US,D,20260107,000000,132.954,134.426,130.56,131.853,143.0234375,0
HAO.US,D,20260108,000000,136.333,151.04,131.84,148.48,747.5078125,0
HAO.US,D,20260109,000000,151.04,192,144,186.88,2283.0390625,0
HAO.US,D,20260112,000000,188.16,208.64,172.8,200.96,728.5234375,0
HAO.US,D,20260113,000000,200.96,208.64,177.92,204.8,558.9921875,0
HAO.US,D,20260114,000000,199.68,200.96,142.08,189.44,261.234375,0
HAO.US,D,20260115,000000,181.914,192,180.48,192,155.6328125,0
HAO.US,D,20260116,000000,195.789,217.6,195.789,204.8,357.828125,0
HAO.US,D,20260120,000000,204.8,204.8,198.4,199.68,173.03125,0
HAO.US,D,20260121,000000,198.4,209.894,171.955,202.24,155.9375,0
HAO.US,D,20260122,000000,199.68,203.52,194.56,200.96,162.40625,0
HAO.US,D,20260123,000000,194.56,206.08,185.6,193.28,260.546875,0
HAO.US,D,20260126,000000,192,192.64,186.88,189.44,64.0234375,0
HAO.US,D,20260127,000000,186.88,192,179.2,187.891,578.0703125,0
HAO.US,D,20260128,000000,183.04,192,179.2,180.48,193.5234375,0
HAO.US,D,20260129,000000,176.64,185.6,176.64,180.48,133.109375,0
HAO.US,D,20260130,000000,180.352,183.565,176.64,176.64,71.0390625,0
HAO.US,D,20260202,000000,181.76,183.68,177.92,177.92,14.4375,0
HAO.US,D,20260203,000000,174.08,179.84,174.08,175.36,86.0234375,0
HAO.US,D,20260204,000000,172.8,174.464,170.24,170.24,52.546875,0
HAO.US,D,20260205,000000,172.8,175.36,154.88,157.44,187.59375,0
HAO.US,D,20260206,000000,147.2,154.88,121.6,140.8,947.703125,0
HAO.US,D,20260209,000000,142.08,154.88,140.8,154.88,215.984375,0
HAO.US,D,20260210,000000,149.76,160,149.76,157.44,79.8828125,0
HAO.US,D,20260211,000000,157.44,181.978,157.44,158.72,54.375,0
HAO.US,D,20260212,000000,158.733,160,157.44,157.44,51.390625,0
HAO.US,D,20260213,000000,157.44,158.72,138.253,154.88,182.90625,0
HAO.US,D,20260217,000000,156.16,156.352,154.88,154.88,43.6484375,0
HAO.US,D,20260218,000000,152.32,152.32,149.76,149.76,32.5234375,0
HAO.US,D,20260219,000000,143.36,143.36,143.36,143.36,4.78125,0
HAO.US,D,20260220,000000,138.24,140.8,138.24,140.8,11.3515625,0
HAO.US,D,20260223,000000,136.96,145.92,136.96,145.92,4.1796875,0
HAO.US,D,20260224,000000,147.2,147.213,147.2,147.213,9.375,0
HAO.US,D,20260225,000000,176.64,190.72,148.493,160,94.65625,0
HAO.US,D,20260226,000000,177.92,179.2,155.52,155.52,28133.0625,0
HAO.US,D,20260227,000000,149.786,164.48,149.786,164.48,28133.0625,0
HAO.US,D,20260303,000000,153.6,160,142.08,143.36,214.9140625,0
HAO.US,D,20260304,000000,143.36,147.2,140.864,147.2,59.4375,0
HAO.US,D,20260305,000000,142.08,142.08,140.8,140.8,13.4140625,0
HAO.US,D,20260306,000000,139.52,154.24,139.52,153.6,32.6875,0
HAO.US,D,20260309,000000,142.08,144.64,142.08,144.64,28133.21875,0
HAO.US,D,20260310,000000,149.76,149.76,148.48,148.48,28133.140625,0
HAO.US,D,20260311,000000,143.36,147.2,143.36,147.2,2.5078125,0
HAO.US,D,20260312,000000,151.091,151.091,151.091,151.091,6.0546875,0
HAO.US,D,20260313,000000,151.04,151.04,151.04,151.04,7.109375,0
HAO.US,D,20260316,000000,139.52,140.877,139.52,140.8,4.078125,0
HAO.US,D,20260317,000000,138.24,145.92,138.24,145.92,17.3203125,0
HAO.US,D,20260318,000000,145.92,156.16,145.92,148.493,79.3515625,0
HAO.US,D,20260319,000000,141.21,153.6,141.21,150.4,54.265625,0
HAO.US,D,20260320,000000,147.2,156.16,140.8,149.12,140.3984375,0
HAO.US,D,20260323,000000,156.16,162.022,153.6,161.28,222.828125,0
HAO.US,D,20260324,000000,160,166.4,160,162.56,66.7265625,0
HAO.US,D,20260325,000000,151.04,167.68,151.04,160,130.2890625,0
HAO.US,D,20260326,000000,157.44,166.4,154.88,166.4,39.984375,0
HAO.US,D,20260327,000000,151.68,151.68,124.16,142.08,611.84375,0
HAO.US,D,20260330,000000,135.68,139.52,134.4,134.4,131.46875,0
HAO.US,D,20260331,000000,129.28,135.68,129.28,130.56,20.34375,0
HAO.US,D,20260401,000000,129.28,136.96,129.28,133.12,38.3828125,0
HAO.US,D,20260402,000000,133.12,136.96,129.28,129.28,13.59375,0
HAO.US,D,20260406,000000,131.84,142.787,131.84,134.4,27.203125,0
HAO.US,D,20260407,000000,139.52,145.92,130.56,130.56,31.28125,0
HAO.US,D,20260408,000000,143.36,143.36,133.12,138.24,19.84375,0
HAO.US,D,20260409,000000,139.52,143.36,136.96,142.08,14.0390625,0
HAO.US,D,20260410,000000,143.36,143.36,131.84,136.96,57.875,0
HAO.US,D,20260413,000000,138.24,145.28,134.4,138.24,17.1015625,0
HAO.US,D,20260414,000000,145.92,145.92,138.24,144.64,14.7421875,0
HAO.US,D,20260415,000000,144.64,145.28,138.24,143.36,19.0703125,0
HAO.US,D,20260416,000000,142.08,143.36,139.52,140.8,66.921875,0
HAO.US,D,20260417,000000,144,144,143.36,143.36,8.96875,0
HAO.US,D,20260420,000000,139.52,144.64,138.24,140.8,42.59375,0
HAO.US,D,20260421,000000,142.72,142.72,136.973,142.08,18.09375,0
HAO.US,D,20260422,000000,143.36,151.04,138.24,147.2,931.59375,0
HAO.US,D,20260423,000000,143.36,147.2,129.293,140.8,76.53125,0
HAO.US,D,20260424,000000,147.2,147.2,136.96,145.92,53.8984375,0
HAO.US,D,20260427,000000,148.48,151.04,134.4,142.08,141.3515625,0
HAO.US,D,20260428,000000,144.64,144.64,133.12,135.68,51.5234375,0
HAO.US,D,20260429,000000,138.24,138.24,111.488,121.6,420.5390625,0
HAO.US,D,20260430,000000,121.6,121.6,57.6,92.8,3750.1171875,0
HAO.US,D,20260501,000000,88.064,99.84,66.6368,94.7199,1580.3046875,0
HAO.US,D,20260504,000000,92.8256,97.664,84.5056,91.0208,246.90625,0
HAO.US,D,20260505,000000,90.8186,94.3616,80.7808,86.6432,299.125,0
HAO.US,D,20260506,000000,94.72,94.72,85.76,85.76,81.4765625,0
HAO.US,D,20260507,000000,96.0896,107.942,85.12,90.624,237.1328125,0
HAO.US,D,20260508,000000,87.9104,96,81.9201,93.44,57.65625,0
HAO.US,D,20260511,000000,8.128,8.4992,5.1584,5.76,2121278.953125,0
HAO.US,D,20260512,000000,5.12,5.3248,4.6336,5.2096,3395158.125,0
HAO.US,D,20260513,000000,4.3392,4.864,3.5968,4.416,1949587.1015625,0
HAO.US,D,20260514,000000,3.52,3.5968,2.9824,3.3664,1245743.2890625,0
HAO.US,D,20260515,000000,2.6368,3.136,2.6368,2.88,822509.7265625,0
HAO.US,D,20260518,000000,2.6496,2.6496,2.0352,2.2784,762680.46875,0
HAO.US,D,20260519,000000,1.9456,2.1248,1.6512,1.792,6799430.9453125,0
HAO.US,D,20260520,000000,1.9328,2.1248,1.5616,1.8048,2571421.515625,0
HAO.US,D,20260521,000000,1.63,1.65,1.39,1.54,488197,0
HAO.US,D,20260522,000000,1.35,1.35,1.22,1.34,595767,0
HAO.US,D,20260526,000000,1.11,1.1497,1.015,1.09,518831,0
HAO.US,D,20260527,000000,0.91,0.9923,0.78,0.9886,471906,0
HAO.US,D,20260528,000000,0.8833,1.06,0.8833,1.02,201956,0
HAO.US,D,20260529,000000,1,1.06,0.9,1.05,237216,0
HAO.US,D,20260601,000000,1.02,1.265,1.015,1.21,380221,0
HAO.US,D,20260602,000000,1.25,1.33,1.17,1.23,231892,0
HAO.US,D,20260603,000000,1.22,1.22,1.03,1.09,142581,0
HAO.US,D,20260604,000000,1.04,1.2,1.01,1.2,112363,0
HAO.US,D,20260605,000000,1.12,1.12,0.84,0.8847,479564,0
HAO.US,D,20260608,000000,0.882,2.04,0.8043,0.9601,5011018,0
HAO.US,D,20260609,000000,0.95,1.1,0.85,0.978,6917241,0
HAO.US,D,20260610,000000,0.95,1.18,0.9201,1.13,2063903,0
HAO.US,D,20260611,000000,1.05,1.145,0.9601,1.05,565099,0
HAO.US,D,20260612,000000,0.96,1,0.911,0.95,173252,0
HAO.US,D,20260615,000000,0.9385,1.04,0.9205,1.035,174320,0
HAO.US,D,20260616,000000,1.03,1.12,0.9888,1.06,204573,0
HAO.US,D,20260617,000000,1.02,1.2,0.97,1.08,4328023,0
HAO.US,D,20260618,000000,1.04,1.19,1.02,1.18,224714,0
HAO.US,D,20260622,000000,1.14,1.15,1.05,1.12,135049,0
HAO.US,D,20260623,000000,1.09,1.19,1.04,1.15,1401971,0
HAO.US,D,20260624,000000,1.09,1.12,1.07,1.11,146945,0
