<TICKER>,<PER>,<DATE>,<TIME>,<OPEN>,<HIGH>,<LOW>,<CLOSE>,<VOL>,<OPENINT>
HKIT.US,D,20230331,000000,750,974.985,750,834,11597.9999988402,0
HKIT.US,D,20230403,000000,925.5,1027.5,907.65,946.5,6885.9333326447395,0
HKIT.US,D,20230404,000000,975,1000.5,810,833.25,3499.83333298335,0
HKIT.US,D,20230405,000000,814.5,839.25,660,792,2533.5999997466397,0
HKIT.US,D,20230406,000000,810,817.5,793.5,796.5,939.3933332393939,0
HKIT.US,D,20230410,000000,783,792,709.5,729,621.719999937828,0
HKIT.US,D,20230411,000000,714,756,705.015,717,345.639999965436,0
HKIT.US,D,20230412,000000,705,719.955,684,684,416.35999995836397,0
HKIT.US,D,20230413,000000,684,747,663,711,480.626666618604,0
HKIT.US,D,20230414,000000,733.5,735,720,724.875,78.819999992118,0
HKIT.US,D,20230417,000000,750,751.5,715.5,727.5,169.573333316376,0
HKIT.US,D,20230418,000000,753,823.5,735,784.5,406.473333292686,0
HKIT.US,D,20230419,000000,820.5,823.5,742.5,751.5,190.319999980968,0
HKIT.US,D,20230420,000000,738,814.5,738,750,177.886666648878,0
HKIT.US,D,20230421,000000,750.405,804,750,766.5,204.09999997959002,0
HKIT.US,D,20230424,000000,777,780,765,765,153.406666651326,0
HKIT.US,D,20230425,000000,778.5,780,769.5,772.5,77.513333325582,0
HKIT.US,D,20230426,000000,787.5,792,772.5,792,129.253333320408,0
HKIT.US,D,20230427,000000,792,801.03,787.5,787.5,174.71333331586197,0
HKIT.US,D,20230428,000000,825,867,714,858,2061.173333127216,0
HKIT.US,D,20230501,000000,843,1029.15,843,946.5,708.2399999291761,0
HKIT.US,D,20230502,000000,919.5,951,900,904.5,273.55333330597796,0
HKIT.US,D,20230503,000000,937.5,940.5,894,895.5,123.03999998769599,0
HKIT.US,D,20230504,000000,907.5,940.5,907.5,925.5,68.51999999314799,0
HKIT.US,D,20230505,000000,925.5,943.5,924,927.54,72.19999999278,0
HKIT.US,D,20230508,000000,916.5,946.5,911.91,942,233.279999976672,0
HKIT.US,D,20230509,000000,925.5,1105.5,915,939,780.279999921972,0
HKIT.US,D,20230510,000000,940.5,1057.5,940.5,1000.5,444.1133332889219,0
HKIT.US,D,20230511,000000,1040.6,1041,945,999,111.79999998882,0
HKIT.US,D,20230512,000000,1017,1031.91,974.82,999,134.719999986528,0
HKIT.US,D,20230515,000000,999,1042.5,978,997.5,199.653333313368,0
HKIT.US,D,20230516,000000,1014,1048.5,982.5,1023,157.26666665093998,0
HKIT.US,D,20230517,000000,1020,1123.5,1020,1122,300.259999969974,0
HKIT.US,D,20230518,000000,1125,1366.5,1107.15,1297.5,815.386666585128,0
HKIT.US,D,20230519,000000,1350,1572,1245.75,1263,1014.7866665651879,0
HKIT.US,D,20230522,000000,1269,1545,1269,1492.5,529.793333280354,0
HKIT.US,D,20230523,000000,1477.5,1560,1443,1482,348.61333329847196,0
HKIT.US,D,20230524,000000,1459.5,1498.5,1425,1498.5,191.353333314198,0
HKIT.US,D,20230525,000000,1482,1498.5,1428,1450.5,168.086666649858,0
HKIT.US,D,20230526,000000,1452,1491,1425.41,1491,98.886666656778,0
HKIT.US,D,20230530,000000,1447.26,1500,1351.5,1462.5,365.33999996346597,0
HKIT.US,D,20230531,000000,1478.28,1593,1461.75,1588.5,931.4133332401921,0
HKIT.US,D,20230601,000000,1650,1719.68,1575,1626,277.573333305576,0
HKIT.US,D,20230602,000000,1659,1662,1575,1620,131.54666665351198,0
HKIT.US,D,20230605,000000,1593,1620,1449,1537.52,211.57999997884198,0
HKIT.US,D,20230606,000000,1506,1611,1500.02,1590,152.806666651386,0
HKIT.US,D,20230607,000000,1538.25,1566,1509,1564.5,99.18666665674799,0
HKIT.US,D,20230608,000000,1579.5,1579.5,1491.75,1536,65.326666660134,0
HKIT.US,D,20230609,000000,1524,1545,1476,1476,105.76666665609,0
HKIT.US,D,20230612,000000,1518,1575,1455,1575,146.78666665198799,0
HKIT.US,D,20230613,000000,1503,1573.5,1503,1551,58.559999994144,0
HKIT.US,D,20230614,000000,1513.16,1558.5,1508.94,1536,32.359999996763996,0
HKIT.US,D,20230615,000000,1539,1539,1486.5,1500,59.83333332735,0
HKIT.US,D,20230616,000000,1497,1563,1495.5,1512,38.506666662815995,0
HKIT.US,D,20230620,000000,1510.26,1633.5,721.5,904.5,7245.53333260878,0
HKIT.US,D,20230621,000000,885,970.5,865.5,903,564.519999943548,0
HKIT.US,D,20230622,000000,892.5,907.5,789,790.5,426.539999957346,0
HKIT.US,D,20230623,000000,840,840,787.5,787.5,127.159999987284,0
HKIT.US,D,20230626,000000,765,780,616.5,697.5,426.63333329067,0
HKIT.US,D,20230627,000000,675,690,655.5,657,211.039999978896,0
HKIT.US,D,20230628,000000,678,810.285,678,810,1384.7466665281918,0
HKIT.US,D,20230629,000000,794.88,795,757.5,775.5,466.386666620028,0
HKIT.US,D,20230630,000000,798,808.62,735,736.5,225.986666644068,0
HKIT.US,D,20230703,000000,738,745.5,694.5,705,336.859999966314,0
HKIT.US,D,20230705,000000,705.015,739.5,705.015,717,50.026666661664,0
HKIT.US,D,20230706,000000,721.5,738.51,697.5,700.5,103.54666665631198,0
HKIT.US,D,20230707,000000,691.5,896.91,691.5,838.5,9021.273332431205,0
HKIT.US,D,20230710,000000,802.5,840,720,825,1296.8733332036459,0
HKIT.US,D,20230711,000000,825,906,754.5,886.5,1150.073333218326,0
HKIT.US,D,20230712,000000,843,1078.5,820.755,916.5,7112.653332622067,0
HKIT.US,D,20230713,000000,916.5,960,864,912,2032.5666664634098,0
HKIT.US,D,20230714,000000,910.5,949.5,886.5,937.5,739.553333259378,0
HKIT.US,D,20230717,000000,910.5,934.5,894,906,235.31999997646798,0
HKIT.US,D,20230718,000000,907.5,913.5,750,777,10463.726665620294,0
HKIT.US,D,20230719,000000,756,795,750,763.5,1186.1399998813858,0
HKIT.US,D,20230720,000000,790.5,963,786,876,9054.653332427868,0
HKIT.US,D,20230721,000000,861,993,847.5,993,5392.193332794113,0
HKIT.US,D,20230724,000000,880.5,997.5,832.5,975,5328.959999467104,0
HKIT.US,D,20230725,000000,928.5,1050,925.5,1032,502.63999994973597,0
HKIT.US,D,20230726,000000,979.5,1216.5,964.5,1171.5,2132.706666453396,0
HKIT.US,D,20230727,000000,1171.5,1366.5,1166.55,1278,1862.393333147094,0
HKIT.US,D,20230728,000000,1312.5,1527,1285.5,1492.49,2290.7466664375916,0
HKIT.US,D,20230731,000000,1440,1564.31,1358.69,1360.5,1132.26666655344,0
HKIT.US,D,20230801,000000,1429.5,1439.25,1275,1360.5,593.393333273994,0
HKIT.US,D,20230802,000000,1339.5,1483.5,1279.5,1470,2066.19999979338,0
HKIT.US,D,20230803,000000,1395,1620,1395,1590,990.326666567634,0
HKIT.US,D,20230804,000000,1602,1605,1504.5,1522.5,521.36666661453,0
HKIT.US,D,20230807,000000,1530,1567.5,1500,1567.5,353.99999996459997,0
HKIT.US,D,20230808,000000,1473,1874.99,1464,1620,1376.246666529042,0
HKIT.US,D,20230809,000000,1624.5,1725,1590,1621.5,904.5133332428819,0
HKIT.US,D,20230810,000000,1650.17,1725,1633.5,1657.5,352.43999996475594,0
HKIT.US,D,20230811,000000,1798.5,2054.99,1674,2008.5,4331.7666662334905,0
HKIT.US,D,20230814,000000,1893,2470.49,1881,2238,2440.906666422576,0
HKIT.US,D,20230815,000000,2325,2475,2238,2400,1378.1799998621818,0
HKIT.US,D,20230816,000000,2439,2730,2418,2640,7499.026665916764,0
HKIT.US,D,20230817,000000,2601,3348,1282.5,2731.5,26728.31999732717,0
HKIT.US,D,20230818,000000,2599.5,4060.5,2538.84,3223.5,12009.339998799067,0
HKIT.US,D,20230821,000000,3205.5,3375,3031.5,3375,1669.0399998330959,0
HKIT.US,D,20230822,000000,3547.5,5056.5,3528,4170,5866.273332746706,0
HKIT.US,D,20230823,000000,4612.5,5700,4500,5092.5,6229.63333271037,0
HKIT.US,D,20230824,000000,5448,5969.43,4215,5100,6957.366665970931,0
HKIT.US,D,20230825,000000,4581,4945.5,4350,4725,2242.506666442416,0
HKIT.US,D,20230828,000000,4342.5,4710,3766.8,4099.5,1512.9333331820399,0
HKIT.US,D,20230829,000000,3600,4230,2230.5,3703.5,6123.539999387645,0
HKIT.US,D,20230830,000000,3714,3714,3390,3486,352.513333298082,0
HKIT.US,D,20230831,000000,3435,3889.5,3300,3702,630.13333327032,0
HKIT.US,D,20230901,000000,3748.5,4876.44,3678,4618.5,2933.593333039974,0
HKIT.US,D,20230905,000000,4722,5025,3900,4104,3219.4866663447183,0
HKIT.US,D,20230906,000000,4777.5,4972.5,540,540,84374.31999156256,0
HKIT.US,D,20230907,000000,693,787.5,547.5,636,81569.81332517635,0
HKIT.US,D,20230908,000000,607.5,615,451.5,477,22060.139997793984,0
HKIT.US,D,20230911,000000,442.5,445.5,352.5,352.5,15871.759998412823,0
HKIT.US,D,20230912,000000,336,457.5,315.015,361.5,35032.29332983011,0
HKIT.US,D,20230913,000000,348,366.945,321,343.5,6910.819999308917,0
HKIT.US,D,20230914,000000,336,352.5,322.5,325.5,4242.306666242435,0
HKIT.US,D,20230915,000000,333,363,319.5,352.5,9379.999999062,0
HKIT.US,D,20230918,000000,346.5,405,339,370.5,7859.573332547376,0
HKIT.US,D,20230919,000000,366,400.5,355.5,400.5,3007.26666636594,0
HKIT.US,D,20230920,000000,390,403.5,349.5,354,3524.89999964751,0
HKIT.US,D,20230921,000000,352.5,375,334.5,343.5,2565.859999743414,0
HKIT.US,D,20230922,000000,366,367.5,337.5,349.5,1960.059999803994,0
HKIT.US,D,20230925,000000,352.5,382.5,345,370.5,1640.359999835964,0
HKIT.US,D,20230926,000000,364.5,402,357.015,369,2202.973333113036,0
HKIT.US,D,20230927,000000,379.5,379.5,346.8,358.5,1352.779999864722,0
HKIT.US,D,20230928,000000,355.5,360,337.5,349.5,1173.96666654927,0
HKIT.US,D,20230929,000000,357,364.5,339,346.5,1395.2999998604698,0
HKIT.US,D,20231002,000000,348.03,352.5,327,328.5,1374.006666529266,0
HKIT.US,D,20231003,000000,330,343.5,316.5,316.5,941.8866665724779,0
HKIT.US,D,20231004,000000,313.5,320.13,249.3,256.5,3883.446666278322,0
HKIT.US,D,20231005,000000,256.5,262.5,241.5,250.515,1169.613333216372,0
HKIT.US,D,20231006,000000,256.5,297,250.5,279,1805.126666486154,0
HKIT.US,D,20231009,000000,267,288,265.5,276,641.113333269222,0
HKIT.US,D,20231010,000000,267,294,262.5,292.5,636.059999936394,0
HKIT.US,D,20231011,000000,295.5,316.5,291,297,850.8266665815839,0
HKIT.US,D,20231012,000000,297,297,270,277.5,481.75333328515796,0
HKIT.US,D,20231013,000000,259.5,279,259.5,267,535.826666613084,0
HKIT.US,D,20231016,000000,276,282,267,274.5,331.113333300222,0
HKIT.US,D,20231017,000000,273,291,272.775,282,267.613333306572,0
HKIT.US,D,20231018,000000,280.5,285,271.5,280.5,291.379999970862,0
HKIT.US,D,20231019,000000,270,276,258,258,441.173333289216,0
HKIT.US,D,20231020,000000,252,259.5,240,241.5,551.36666661153,0
HKIT.US,D,20231023,000000,247.5,252,215.925,219,681.446666598522,0
HKIT.US,D,20231024,000000,222,230.55,219,219,411.73333329216,0
HKIT.US,D,20231025,000000,219,226.5,205.5,213,489.61999995103804,0
HKIT.US,D,20231026,000000,204,214.5,193.5,193.5,587.473333274586,0
HKIT.US,D,20231027,000000,187.5,190.5,165,174,755.09999992449,0
HKIT.US,D,20231030,000000,168,184.5,168,177,487.60666661790594,0
HKIT.US,D,20231031,000000,179.505,211.5,178.5,193.5,1113.686666555298,0
HKIT.US,D,20231101,000000,187.5,201,181.5,181.5,501.473333283186,0
HKIT.US,D,20231102,000000,183.15,189,183,187.5,223.333333311,0
HKIT.US,D,20231103,000000,193.5,201,189,199.5,497.93999995020596,0
HKIT.US,D,20231106,000000,205.5,207,190.5,190.5,348.253333298508,0
HKIT.US,D,20231107,000000,184.53,190.5,178.5,178.5,267.339999973266,0
HKIT.US,D,20231108,000000,175.5,181.5,172.5,180,124.14666665425199,0
HKIT.US,D,20231109,000000,178.5,180,160.5,162,441.91999995580795,0
HKIT.US,D,20231110,000000,163.5,169.5,162,169.5,183.79999998161998,0
HKIT.US,D,20231113,000000,162,169.5,162,164.37,536.373333279696,0
HKIT.US,D,20231114,000000,175.5,184.5,168,172.5,485.23999995147597,0
HKIT.US,D,20231115,000000,177,187.5,168,177,884.8533332448479,0
HKIT.US,D,20231116,000000,181.5,183,165,168,158.14666665085198,0
HKIT.US,D,20231117,000000,168,181.5,165,177,439.33333328939995,0
HKIT.US,D,20231120,000000,177,195,174,189,375.79999996242003,0
HKIT.US,D,20231121,000000,175.5,208.5,175.5,204,1087.546666557912,0
HKIT.US,D,20231122,000000,204,213.9,181.5,195,792.519999920748,0
HKIT.US,D,20231124,000000,186.015,216,186.015,207,537.5933332795739,0
HKIT.US,D,20231127,000000,189,202.5,189,201,207.05999997929402,0
HKIT.US,D,20231128,000000,201,211.5,193.5,198,325.83999996741596,0
HKIT.US,D,20231129,000000,196.5,202.5,192,198,259.42666664072397,0
HKIT.US,D,20231130,000000,192,196.5,181.5,183,462.52666662041395,0
HKIT.US,D,20231201,000000,181.5,183,168,175.5,444.29999995557,0
HKIT.US,D,20231204,000000,172.5,180,172.5,175.5,244.159999975584,0
HKIT.US,D,20231205,000000,177.96,180,168,172.5,637.9133332695419,0
HKIT.US,D,20231206,000000,169.5,177.75,163.5,171,294.293333303904,0
HKIT.US,D,20231207,000000,180,180,171,177,410.58666662560796,0
HKIT.US,D,20231208,000000,183,216,175.5,198,1613.739999838626,0
HKIT.US,D,20231211,000000,199.5,199.5,180,180,527.459999947254,0
HKIT.US,D,20231212,000000,187.5,187.5,172.5,176.955,288.986666637768,0
HKIT.US,D,20231213,000000,174,183,157.5,177,710.706666595596,0
HKIT.US,D,20231214,000000,180,183.75,169.5,172.5,507.27999994927194,0
HKIT.US,D,20231215,000000,171.015,178.725,159,159,456.58666662100796,0
HKIT.US,D,20231218,000000,162,171,159,162,777.83333325555,0
HKIT.US,D,20231219,000000,172.5,175.095,163.5,168,485.719999951428,0
HKIT.US,D,20231220,000000,166.5,193.5,165,177,849.419999915058,0
HKIT.US,D,20231221,000000,169.605,185.985,169.605,185.985,600.86666660658,0
HKIT.US,D,20231222,000000,178.5,183.315,168.015,175.5,423.559999957644,0
HKIT.US,D,20231226,000000,178.5,178.5,163.5,163.5,347.63333329857,0
HKIT.US,D,20231227,000000,171,171,154.5,157.5,851.959999914804,0
HKIT.US,D,20231228,000000,159,172.5,159,168,855.73333324776,0
HKIT.US,D,20231229,000000,172.485,172.485,154.5,157.5,615.5799999384419,0
HKIT.US,D,20240102,000000,162,162,153,156,450.126666621654,0
HKIT.US,D,20240103,000000,156,157.5,151.5,157.5,220.693333311264,0
HKIT.US,D,20240104,000000,156,156,91.5,118.5,4370.553332896277,0
HKIT.US,D,20240105,000000,119.835,147,119.835,124.65,3837.6866662828975,0
HKIT.US,D,20240108,000000,125.25,128.588,115.5,119.25,498.293333283504,0
HKIT.US,D,20240109,000000,117,122.115,115.5,119.925,170.49999998295,0
HKIT.US,D,20240110,000000,115.77,120,112.5,115.65,279.34666663873196,0
HKIT.US,D,20240111,000000,115.65,118.05,105.015,105.015,241.586666642508,0
HKIT.US,D,20240112,000000,105.015,107.423,98.625,103.05,208.759999979124,0
HKIT.US,D,20240116,000000,106.125,106.245,102,105.9,359.26666663073996,0
HKIT.US,D,20240117,000000,103.86,104.715,99.915,103.5,264.279999973572,0
HKIT.US,D,20240118,000000,103.5,103.5,96,99.3,240.63999997593598,0
HKIT.US,D,20240119,000000,94.965,97.65,91.8,95.985,233.359999976664,0
HKIT.US,D,20240122,000000,96.4296,96.4296,93.1515,93.81,90.793333324254,0
HKIT.US,D,20240123,000000,93.81,97.83,91.815,94.5,206.079999979392,0
HKIT.US,D,20240124,000000,94.5,95.28,92.07,92.07,137.379999986262,0
HKIT.US,D,20240125,000000,92.07,93.795,84.81,87.765,423.67999995763194,0
HKIT.US,D,20240126,000000,87.765,89.94,85.35,85.35,150.53999998494598,0
HKIT.US,D,20240129,000000,85.515,88.395,81.495,88.35,487.36666661793004,0
HKIT.US,D,20240130,000000,88.35,97.485,87.1878,97.35,179.286666648738,0
HKIT.US,D,20240131,000000,96,100.8,90.03,96,139.219999986078,0
HKIT.US,D,20240201,000000,97.98,101.235,96,96,215.373333311796,0
HKIT.US,D,20240202,000000,93.24,97.65,93.24,94.9743,69.84666665968199,0
HKIT.US,D,20240205,000000,95.715,101.085,95.715,100.47,202.606666646406,0
HKIT.US,D,20240206,000000,101.25,109.515,101.168,105.75,460.986666620568,0
HKIT.US,D,20240207,000000,106.5,193.5,106.5,171,87269.22665793974,0
HKIT.US,D,20240208,000000,852,972,436.5,544.5,509401.5599490598,0
HKIT.US,D,20240209,000000,417,468,360,405,33243.82666334228,0
HKIT.US,D,20240212,000000,321,364.5,262.5,312,21263.93333120694,0
HKIT.US,D,20240213,000000,319.5,520.5,312,348,85477.47999145224,0
HKIT.US,D,20240214,000000,343.5,390,331.5,331.5,7403.679999259632,0
HKIT.US,D,20240215,000000,333,373.5,322.5,357,6609.353332672398,0
HKIT.US,D,20240216,000000,357,609,330,532.5,62841.18666038254,0
HKIT.US,D,20240220,000000,532.5,539.4,408,423,10918.913332241442,0
HKIT.US,D,20240221,000000,400.5,418.5,352.5,378,3222.39999967776,0
HKIT.US,D,20240222,000000,381,403.5,360.165,363,1558.906666510776,0
HKIT.US,D,20240223,000000,363,363,301.5,310.5,1687.9866664978679,0
HKIT.US,D,20240226,000000,321,352.5,310.5,342,4049.846666261682,0
HKIT.US,D,20240227,000000,342,345,313.5,315,1022.126666564454,0
HKIT.US,D,20240228,000000,309,311.985,278.25,278.25,2041.186666462548,0
HKIT.US,D,20240229,000000,286.5,286.5,240,243,952.786666571388,0
HKIT.US,D,20240301,000000,240,330,240,270,5148.706666151796,0
HKIT.US,D,20240304,000000,271.5,283.5,247.47,268.5,1505.279999849472,0
HKIT.US,D,20240305,000000,273,273,252.105,262.5,859.786666580688,0
HKIT.US,D,20240306,000000,262.5,289.5,262.5,270,1375.2066665291459,0
HKIT.US,D,20240307,000000,270,282,262.5,268.5,737.2199999262779,0
HKIT.US,D,20240308,000000,277.5,277.5,259.665,265.5,759.0466665907619,0
HKIT.US,D,20240311,000000,262.5,268.5,247.5,247.5,357.953333297538,0
HKIT.US,D,20240312,000000,252,279,247.5,258,1923.6399998076358,0
HKIT.US,D,20240313,000000,270,297,259.5,276,3633.846666303282,0
HKIT.US,D,20240314,000000,280.5,310.485,249,253.5,1847.179999815282,0
HKIT.US,D,20240315,000000,250.5,258.99,226.5,235.5,678.886666598778,0
HKIT.US,D,20240318,000000,228,244.5,228,235.5,418.17999995818195,0
HKIT.US,D,20240319,000000,229.5,242.82,207,225,890.09999991099,0
HKIT.US,D,20240320,000000,225,241.5,217.515,231,325.886666634078,0
HKIT.US,D,20240321,000000,229.5,252,229.5,242.25,443.50666662231595,0
HKIT.US,D,20240322,000000,238.5,244.5,222,223.5,500.373333283296,0
HKIT.US,D,20240325,000000,225,228,208.5,217.5,361.50666663051595,0
HKIT.US,D,20240326,000000,217.5,223.125,210,213,367.85333329654793,0
HKIT.US,D,20240327,000000,217.5,276,217.5,261,29516.679997048333,0
HKIT.US,D,20240328,000000,244.5,249,229.5,232.5,2489.339999751066,0
HKIT.US,D,20240401,000000,226.5,253.5,220.5,241.5,1571.3999998428599,0
HKIT.US,D,20240402,000000,235.5,261,235.5,253.5,1171.89999988281,0
HKIT.US,D,20240403,000000,247.5,255,240,244.5,549.999999945,0
HKIT.US,D,20240404,000000,258,265.485,232.5,234,815.279999918472,0
HKIT.US,D,20240405,000000,237,240,229.5,238.5,260.306666640636,0
HKIT.US,D,20240408,000000,240,240,221.475,225,751.846666591482,0
HKIT.US,D,20240409,000000,237,237,196.5,207,931.1799999068819,0
HKIT.US,D,20240410,000000,202.5,217.5,198,204,409.313333292402,0
HKIT.US,D,20240411,000000,204,204,181.5,195,484.3333332849,0
HKIT.US,D,20240412,000000,189,199.5,157.5,162,878.759999912124,0
HKIT.US,D,20240415,000000,166.5,178.5,166.5,168,421.77333329115595,0
HKIT.US,D,20240416,000000,172.485,175.485,168,170.25,160.35999998396397,0
HKIT.US,D,20240417,000000,175.5,175.5,166.5,175.5,151.22666665154398,0
HKIT.US,D,20240418,000000,166.5,186,166.5,171,883.473333244986,0
HKIT.US,D,20240419,000000,169.5,175.5,154.5,160.68,213.626666645304,0
HKIT.US,D,20240422,000000,160.5,160.5,150,153,564.419999943558,0
HKIT.US,D,20240423,000000,151.5,208.5,151.5,199.5,2745.226666392144,0
HKIT.US,D,20240424,000000,205.5,240,177,202.5,5254.966666141169,0
HKIT.US,D,20240425,000000,222,226.5,192,213,5167.106666149955,0
HKIT.US,D,20240426,000000,225,225,190.5,202.5,2363.113333097022,0
HKIT.US,D,20240429,000000,199.5,253.5,195,226.5,3862.439999613756,0
HKIT.US,D,20240430,000000,228,232.5,205.5,211.5,1125.43333322079,0
HKIT.US,D,20240501,000000,223.5,237,213,234,1391.386666527528,0
HKIT.US,D,20240502,000000,234,247.5,229.5,232.5,720.286666594638,0
HKIT.US,D,20240503,000000,234,238.5,196.5,204,830.1933332503139,0
HKIT.US,D,20240506,000000,208.5,217.5,208.5,213,290.6666666376,0
HKIT.US,D,20240507,000000,214.5,216,199.5,201,365.426666630124,0
HKIT.US,D,20240508,000000,202.5,216,202.5,207,282.12666663845397,0
HKIT.US,D,20240509,000000,208.5,208.5,198,201,185.859999981414,0
HKIT.US,D,20240510,000000,201,204,195,196.5,195.56666664711,0
HKIT.US,D,20240513,000000,198,204,189,202.5,380.95999996190403,0
HKIT.US,D,20240514,000000,202.5,221.985,198,219,983.613333234972,0
HKIT.US,D,20240515,000000,222,230.985,211.5,219,546.36666661203,0
HKIT.US,D,20240516,000000,208.605,217.515,201,202.5,347.713333298562,0
HKIT.US,D,20240517,000000,210,211.5,199.5,204,406.173333292716,0
HKIT.US,D,20240520,000000,205.5,217.5,199.5,207,651.96666660147,0
HKIT.US,D,20240521,000000,201,206.13,195,196.5,366.39999996336,0
HKIT.US,D,20240522,000000,198,199.5,175.5,198,491.393333284194,0
HKIT.US,D,20240523,000000,195,208.5,187.485,193.5,915.26666657514,0
HKIT.US,D,20240524,000000,197.955,202.485,195,199.5,201.09333331322398,0
HKIT.US,D,20240528,000000,202.5,234,187.5,222,1328.09999986719,0
HKIT.US,D,20240529,000000,214.5,241.305,214.5,227.25,594.306666607236,0
HKIT.US,D,20240530,000000,228,247.5,225,241.5,632.5199999367479,0
HKIT.US,D,20240531,000000,249,250.965,223.5,231.3,424.039999957596,0
HKIT.US,D,20240603,000000,235.5,238.5,216.33,232.5,258.653333307468,0
HKIT.US,D,20240604,000000,226.5,327,226.5,294,25642.919997435703,0
HKIT.US,D,20240605,000000,268.5,282,241.5,244.5,2704.713333062862,0
HKIT.US,D,20240606,000000,232.5,271.485,232.5,250.5,1523.06666651436,0
HKIT.US,D,20240607,000000,249.165,251.565,232.5,232.5,794.839999920516,0
HKIT.US,D,20240610,000000,234,250.515,226.5,238.5,433.453333289988,0
HKIT.US,D,20240611,000000,238.5,241.5,228.225,232.5,255.75999997442398,0
HKIT.US,D,20240612,000000,226.5,245.655,226.5,240,381.906666628476,0
HKIT.US,D,20240613,000000,247.17,270,237.225,253.5,1046.3333332287,0
HKIT.US,D,20240614,000000,253.5,262.5,252,259.5,513.0066666153659,0
HKIT.US,D,20240617,000000,259.5,259.5,249,255,286.55333330467795,0
HKIT.US,D,20240618,000000,252.75,254.985,247.5,247.65,177.39999998226,0
HKIT.US,D,20240620,000000,238.5,252.84,232.5,250.5,327.846666633882,0
HKIT.US,D,20240621,000000,240,277.5,240,261,327.9999999672,0
HKIT.US,D,20240624,000000,256.5,274.44,255.015,262.515,647.139999935286,0
HKIT.US,D,20240625,000000,262.5,315,262.5,270,1664.36666650023,0
HKIT.US,D,20240626,000000,271.5,280.485,240.015,247.5,744.3133332589019,0
HKIT.US,D,20240627,000000,244.5,267,241.515,265.5,329.519999967048,0
HKIT.US,D,20240628,000000,264,269.985,247.5,250.5,277.986666638868,0
HKIT.US,D,20240701,000000,250.5,264,240.015,264,400.219999959978,0
HKIT.US,D,20240702,000000,267,274.5,251.55,256.5,255.746666641092,0
HKIT.US,D,20240703,000000,268.5,268.5,240,246,214.15999997858398,0
HKIT.US,D,20240705,000000,250.5,252,222,241.5,733.1866665933479,0
HKIT.US,D,20240708,000000,241.5,250.5,241.5,243.585,164.01999998359798,0
HKIT.US,D,20240709,000000,243.015,247.5,239.85,246,94.319999990568,0
HKIT.US,D,20240710,000000,246,253.5,244.5,244.5,127.113333320622,0
HKIT.US,D,20240711,000000,244.5,248.25,241.5,242.04,145.393333318794,0
HKIT.US,D,20240712,000000,241.5,248.925,233.76,246,178.58666664880798,0
HKIT.US,D,20240715,000000,241.5,245.25,229.5,234,288.039999971196,0
HKIT.US,D,20240716,000000,234.63,238.5,228,234.63,179.779999982022,0
HKIT.US,D,20240717,000000,232.5,240,228,232.5,172.30666664943598,0
HKIT.US,D,20240718,000000,232.5,240,226.995,232.5,367.406666629926,0
HKIT.US,D,20240719,000000,232.5,238.5,213,222.33,227.09999997729,0
HKIT.US,D,20240722,000000,225,237,223.5,233.985,202.906666646376,0
HKIT.US,D,20240723,000000,229.5,229.5,219,228,193.67333331396597,0
HKIT.US,D,20240724,000000,223.5,228,222,223.8,99.439999990056,0
HKIT.US,D,20240725,000000,216,222,207,214.5,197.56666664691,0
HKIT.US,D,20240726,000000,214.5,219,210,217.5,171.03999998289598,0
HKIT.US,D,20240729,000000,214.5,249.57,214.5,223.5,258.47333330748603,0
HKIT.US,D,20240730,000000,216,216,207.345,211.5,126.939999987306,0
HKIT.US,D,20240731,000000,216,220.5,214.5,216.75,107.613333322572,0
HKIT.US,D,20240801,000000,223.23,223.23,194.985,198,508.146666615852,0
HKIT.US,D,20240802,000000,199.5,199.53,192,195.705,85.826666658084,0
HKIT.US,D,20240805,000000,187.5,189,178.5,178.5,268.61999997313796,0
HKIT.US,D,20240806,000000,193.5,193.5,178.5,186,171.13333331622,0
HKIT.US,D,20240807,000000,186,192,180.45,180.45,83.426666658324,0
HKIT.US,D,20240808,000000,184.5,184.5,180.75,183,84.3333333249,0
HKIT.US,D,20240809,000000,187.5,187.515,184.5,186.75,75.10666665915599,0
HKIT.US,D,20240812,000000,188.25,192,174,180,281.186666638548,0
HKIT.US,D,20240813,000000,181.5,201,181.5,196.5,273.09333330602396,0
HKIT.US,D,20240814,000000,192,213,190.5,211.5,304.039999969596,0
HKIT.US,D,20240815,000000,205.5,213,202.5,205.5,179.21333331541197,0
HKIT.US,D,20240816,000000,201,211.5,198,210,133.06666665336,0
HKIT.US,D,20240819,000000,210,210,204,207,36.926666662974,0
HKIT.US,D,20240820,000000,207,226.5,207,222,115.746666655092,0
HKIT.US,D,20240821,000000,225.75,237,219,234,194.059999980594,0
HKIT.US,D,20240822,000000,228.75,240,225,226.5,317.839999968216,0
HKIT.US,D,20240823,000000,228,234,225,228,178.379999982162,0
HKIT.US,D,20240826,000000,232.5,278.91,232.5,265.5,1111.5533332221778,0
HKIT.US,D,20240827,000000,264,273,229.5,253.5,646.839999935316,0
HKIT.US,D,20240828,000000,240.645,256.5,234,243,456.1066666210559,0
HKIT.US,D,20240829,000000,252,252,235.5,243,229.753333310358,0
HKIT.US,D,20240830,000000,243,258,240.015,244.5,678.946666598772,0
HKIT.US,D,20240903,000000,249,249,235.5,237,278.62666663880395,0
HKIT.US,D,20240904,000000,240,259.5,240,256.5,374.11333329592196,0
HKIT.US,D,20240905,000000,253.5,256.5,241.5,241.5,162.359999983764,0
HKIT.US,D,20240906,000000,244.515,249,234,241.5,174.673333315866,0
HKIT.US,D,20240909,000000,253.5,253.5,210,214.5,274.146666639252,0
HKIT.US,D,20240910,000000,218.7,222,180,211.5,423.33999995766595,0
HKIT.US,D,20240911,000000,207,224.7,203.61,214.5,224.559999977544,0
HKIT.US,D,20240912,000000,219,228,219,228,90.29333332430399,0
HKIT.US,D,20240913,000000,216,228,216,223.5,93.54666665731199,0
HKIT.US,D,20240916,000000,220.5,220.5,210,219,116.346666655032,0
HKIT.US,D,20240917,000000,221.055,222,213.45,213.45,41.046666662562,0
HKIT.US,D,20240918,000000,211.5,216.72,210,211.5,109.69333332236398,0
HKIT.US,D,20240919,000000,222,231,217.5,219,143.879999985612,0
HKIT.US,D,20240920,000000,216,219.555,210,217.5,83.879999991612,0
HKIT.US,D,20240923,000000,211.5,220.485,210,210,55.186666661147996,0
HKIT.US,D,20240924,000000,214.5,223.5,202.5,202.5,164.99999998349998,0
HKIT.US,D,20240925,000000,207,217.485,204.195,216,112.77333332205599,0
HKIT.US,D,20240926,000000,217.5,219,205.5,205.5,135.206666653146,0
HKIT.US,D,20240927,000000,210,213.015,207,210,85.286666658138,0
HKIT.US,D,20240930,000000,217.5,217.5,208.455,210,183.519999981648,0
HKIT.US,D,20241001,000000,210,219,204,219,89.49999999104999,0
HKIT.US,D,20241002,000000,222,260.4,218.85,246,1309.539999869046,0
HKIT.US,D,20241003,000000,245.985,245.985,213,226.5,225.086666644158,0
HKIT.US,D,20241004,000000,228.75,240,225,232.5,130.873333320246,0
HKIT.US,D,20241007,000000,238.5,267.75,237.3,252,634.4866666032179,0
HKIT.US,D,20241008,000000,249,252,228,229.5,172.57999998274198,0
HKIT.US,D,20241009,000000,226.5,232.5,208.515,222,366.873333296646,0
HKIT.US,D,20241010,000000,222,226.5,217.5,223.5,189.653333314368,0
HKIT.US,D,20241011,000000,225,236.55,222,223.5,146.37333331869598,0
HKIT.US,D,20241014,000000,224.49,237,208.5,214.5,395.06666662716,0
HKIT.US,D,20241015,000000,220.5,220.5,208.5,213,101.139999989886,0
HKIT.US,D,20241016,000000,223.5,223.5,210,210,101.86666665648,0
HKIT.US,D,20241017,000000,213,213,204,207,120.726666654594,0
HKIT.US,D,20241018,000000,208.5,216,207,211.5,72.806666659386,0
HKIT.US,D,20241021,000000,211.575,211.575,205.5,210,78.639999992136,0
HKIT.US,D,20241022,000000,210,214.5,205.5,210,91.453333324188,0
HKIT.US,D,20241023,000000,202.5,217.785,202.5,208.605,45.413333328792,0
HKIT.US,D,20241024,000000,204,210,204,210,53.346666661331994,0
HKIT.US,D,20241025,000000,210,211.5,207,208.5,39.819999996018,0
HKIT.US,D,20241028,000000,210,217.5,208.5,208.5,189.39999998106,0
HKIT.US,D,20241029,000000,208.5,214.5,206.25,214.05,131.89999998681,0
HKIT.US,D,20241030,000000,212.25,214.5,207,210.75,45.686666662098,0
HKIT.US,D,20241031,000000,210,210,195,201,189.59333331437398,0
HKIT.US,D,20241101,000000,212.25,212.25,198,205.5,87.57999999124199,0
HKIT.US,D,20241104,000000,195,208.5,195,205.5,85.293333324804,0
HKIT.US,D,20241105,000000,207,207,202.5,202.5,43.606666662306,0
HKIT.US,D,20241106,000000,202.2,202.5,198,201,83.139999991686,0
HKIT.US,D,20241107,000000,201,203.25,196.5,196.5,47.27333332860599,0
HKIT.US,D,20241108,000000,199.32,202.5,198,198,38.939999996106,0
HKIT.US,D,20241111,000000,199.5,199.5,196.5,199.5,104.71333332286198,0
HKIT.US,D,20241112,000000,199.5,202.5,197.37,202.5,365.453333296788,0
HKIT.US,D,20241113,000000,202.515,204,201,201,155.106666651156,0
HKIT.US,D,20241114,000000,201,202.5,195,201,277.73333330556,0
HKIT.US,D,20241115,000000,201,201,189,198,195.193333313814,0
HKIT.US,D,20241118,000000,199.5,199.995,189,197.445,143.79333331895398,0
HKIT.US,D,20241119,000000,205.5,205.5,197.265,199.5,84.31333332490199,0
HKIT.US,D,20241120,000000,199.515,203.37,196.5,198,61.91999999380799,0
HKIT.US,D,20241121,000000,195,201,190.5,193.95,175.46666664912,0
HKIT.US,D,20241122,000000,195,205.5,195,204,59.853333327348,0
HKIT.US,D,20241125,000000,201,209.355,199.5,208.5,122.473333321086,0
HKIT.US,D,20241126,000000,193.62,204,193.62,204,27.226666663944002,0
HKIT.US,D,20241127,000000,195.48,210,195.48,196.5,158.346666650832,0
HKIT.US,D,20241129,000000,205.5,205.5,193.5,193.5,95.419999990458,0
HKIT.US,D,20241202,000000,192,198,190.5,192,121.039999987896,0
HKIT.US,D,20241203,000000,192,196.5,189,192,89.159999991084,0
HKIT.US,D,20241204,000000,195,202.5,192,192,132.70666665339598,0
HKIT.US,D,20241205,000000,189,193.5,187.5,190.5,166.53999998334598,0
HKIT.US,D,20241206,000000,190.5,195,187.5,193.5,228.29333331050398,0
HKIT.US,D,20241209,000000,193.515,213,193.515,202.5,345.146666632152,0
HKIT.US,D,20241210,000000,208.5,210,204,208.5,109.73333332235998,0
HKIT.US,D,20241211,000000,199.689,241.5,187.5,225,645.56666660211,0
HKIT.US,D,20241212,000000,231,231,213,216,102.00666665646598,0
HKIT.US,D,20241213,000000,213,228,211.5,212.25,99.059999990094,0
HKIT.US,D,20241216,000000,201,214.5,196.5,208.5,70.693333326264,0
HKIT.US,D,20241217,000000,202.485,208.005,192,202.5,399.57999996004196,0
HKIT.US,D,20241218,000000,195,211.5,195,198,135.00666665316598,0
HKIT.US,D,20241219,000000,197.25,206.67,195,196.5,84.553333324878,0
HKIT.US,D,20241220,000000,205.485,220.5,192,195.75,364.973333296836,0
HKIT.US,D,20241223,000000,192.15,196.5,190.5,190.5,49.96666666167,0
HKIT.US,D,20241224,000000,195,200.94,192,195,193.953333313938,0
HKIT.US,D,20241226,000000,198,208.5,198,207,113.259999988674,0
HKIT.US,D,20241227,000000,193.5,207,193.5,201,253.81999997461799,0
HKIT.US,D,20241230,000000,207,238.5,192,226.5,1391.006666527566,0
HKIT.US,D,20241231,000000,229.5,247.5,198,214.5,1436.173333189716,0
HKIT.US,D,20250102,000000,216,220.47,205.5,216,200.88666664657796,0
HKIT.US,D,20250103,000000,223.5,223.5,208.5,219,146.20666665204598,0
HKIT.US,D,20250106,000000,220.5,225,213,216,123.80666665428599,0
HKIT.US,D,20250107,000000,220.5,220.5,196.5,213,320.59999996794,0
HKIT.US,D,20250108,000000,208.5,210,196.5,199.5,156.753333317658,0
HKIT.US,D,20250110,000000,211.5,214.5,195,204,271.89999997281,0
HKIT.US,D,20250113,000000,198,234,196.5,220.5,986.8266665679839,0
HKIT.US,D,20250114,000000,218.25,218.25,199.5,208.5,206.80666664598598,0
HKIT.US,D,20250115,000000,204,217.875,199.5,211.5,234.26666664324,0
HKIT.US,D,20250116,000000,210,223.5,199.5,214.5,569.319999943068,0
HKIT.US,D,20250117,000000,218.34,219,211.5,211.5,47.393333328594,0
HKIT.US,D,20250121,000000,213,219,208.5,214.5,113.106666655356,0
HKIT.US,D,20250122,000000,213.75,216,208.5,208.5,118.053333321528,0
HKIT.US,D,20250123,000000,213,213,195,208.5,573.3399999426659,0
HKIT.US,D,20250124,000000,205.47,214.5,198,201,116.63333332167001,0
HKIT.US,D,20250127,000000,204,216,201,205.5,244.446666642222,0
HKIT.US,D,20250128,000000,201,206.25,198.015,199.5,97.159999990284,0
HKIT.US,D,20250129,000000,202.5,204,198,201.09,68.173333326516,0
HKIT.US,D,20250130,000000,198,208.305,196.5,199.5,78.779999992122,0
HKIT.US,D,20250131,000000,189,198.9,189,193.5,127.846666653882,0
HKIT.US,D,20250203,000000,189,195,189,191.1,76.14666665905199,0
HKIT.US,D,20250204,000000,189.375,192,187.5,189,80.053333325328,0
HKIT.US,D,20250205,000000,189,199.5,187.5,187.5,47.29333332860399,0
HKIT.US,D,20250206,000000,192,195,184.5,187.5,96.186666657048,0
HKIT.US,D,20250207,000000,184.5,190.56,172.5,189,364.173333296916,0
HKIT.US,D,20250210,000000,181.5,184.5,174,177,211.093333312224,0
HKIT.US,D,20250211,000000,177,187.47,172.5,172.95,446.51999995534794,0
HKIT.US,D,20250212,000000,180,201,180,201,338.60666663280597,0
HKIT.US,D,20250213,000000,201,201,189.18,193.5,94.23999999057601,0
HKIT.US,D,20250214,000000,193.5,199.5,189,199.5,65.573333326776,0
HKIT.US,D,20250218,000000,198.75,201,195,199.5,62.526666660414,0
HKIT.US,D,20250219,000000,198,199.5,184.5,184.5,130.939999986906,0
HKIT.US,D,20250220,000000,188.25,195,186.9,195,76.99999999229999,0
HKIT.US,D,20250221,000000,197.775,200.175,184.5,189,302.3333333031,0
HKIT.US,D,20250224,000000,187.8,190.5,183,188.505,142.113333319122,0
HKIT.US,D,20250225,000000,183,186,183,184.5,24.813333330851997,0
HKIT.US,D,20250226,000000,190.5,190.68,186.06,187.5,73.286666659338,0
HKIT.US,D,20250227,000000,187.5,194.985,183,184.5,48.173333328516,0
HKIT.US,D,20250228,000000,187.26,187.26,180.12,183,102.739999989726,0
HKIT.US,D,20250303,000000,181.5,183,180,180,67.193333326614,0
HKIT.US,D,20250304,000000,181.5,186.75,180,183,71.313333326202,0
HKIT.US,D,20250305,000000,184.5,186,183,184.5,63.46666666032,0
HKIT.US,D,20250306,000000,183,184.5,180,180,59.26666666074,0
HKIT.US,D,20250307,000000,181.5,184.44,178.5,181.5,91.026666657564,0
HKIT.US,D,20250310,000000,184.5,186,178.575,180,92.37999999076199,0
HKIT.US,D,20250311,000000,184.5,192,184.5,190.395,65.179999993482,0
HKIT.US,D,20250312,000000,181.5,191.985,181.5,189,70.859999992914,0
HKIT.US,D,20250313,000000,184.5,187.5,184.5,187.5,9.333333332399999,0
HKIT.US,D,20250314,000000,189,190.5,186,186,82.67999999173199,0
HKIT.US,D,20250317,000000,186.33,190.47,186,188.835,31.86666666348,0
HKIT.US,D,20250318,000000,193.5,194.52,186,190.5,78.659999992134,0
HKIT.US,D,20250319,000000,190.5,195,189,192,44.146666662251995,0
HKIT.US,D,20250320,000000,187.5,192.015,187.5,192,24.959999997503996,0
HKIT.US,D,20250321,000000,188.25,188.25,187.515,188.235,11.173333332216,0
HKIT.US,D,20250324,000000,187.5,195,184.5,194.91,235.29333330980398,0
HKIT.US,D,20250325,000000,186.36,208.5,186.09,207,383.826666628284,0
HKIT.US,D,20250326,000000,207,207,193.5,200.91,220.606666644606,0
HKIT.US,D,20250327,000000,204,208.485,202.5,202.5,180.906666648576,0
HKIT.US,D,20250328,000000,202.5,202.5,195.54,195.54,63.239999993675994,0
HKIT.US,D,20250331,000000,195,198,187.5,187.5,204.39999997956,0
HKIT.US,D,20250401,000000,196.5,196.5,188.505,189,25.979999997401997,0
HKIT.US,D,20250402,000000,189,190.785,187.5,190.5,19.26666666474,0
HKIT.US,D,20250403,000000,197.355,197.355,183,183,179.63333331536998,0
HKIT.US,D,20250404,000000,181.5,186.75,181.5,183,60.95999999390399,0
HKIT.US,D,20250407,000000,183,184.5,181.5,183,76.446666659022,0
HKIT.US,D,20250408,000000,181.5,182.25,180,180.075,55.313333327802,0
HKIT.US,D,20250409,000000,180,182.25,180,181.5,30.093333330323997,0
HKIT.US,D,20250410,000000,181.5,181.5,181.5,181.5,6.213333332712,0
HKIT.US,D,20250411,000000,185.325,185.325,182.235,182.235,24.039999997596,0
HKIT.US,D,20250414,000000,184.695,186,180,182.25,96.139999990386,0
HKIT.US,D,20250416,000000,180.855,187.32,180,180,100.993333323234,0
HKIT.US,D,20250417,000000,178.5,185.94,178.5,180.885,12.713333332062,0
HKIT.US,D,20250421,000000,187.95,187.95,178.5,178.5,145.43333331879,0
HKIT.US,D,20250422,000000,177.075,190.5,177.075,190.5,611.96666660547,0
HKIT.US,D,20250423,000000,180,190.215,180,187.5,31.586666663507998,0
HKIT.US,D,20250424,000000,181.365,190.5,181.365,190.5,29.273333330406,0
HKIT.US,D,20250425,000000,187.5,189,187.5,187.545,15.459999998454,0
HKIT.US,D,20250428,000000,183,187.5,180.39,181.5,23.553333330978,0
HKIT.US,D,20250429,000000,180.495,181.5,178.5,181.5,31.499999996849997,0
HKIT.US,D,20250430,000000,180,190.5,180,183.765,44.399999995559995,0
HKIT.US,D,20250501,000000,184.5,184.5,181.5,181.5,7.26666666594,0
HKIT.US,D,20250502,000000,179.235,184.5,178.5,180,82.059999991794,0
HKIT.US,D,20250505,000000,178.5,188.43,178.5,184.5,101.406666656526,0
HKIT.US,D,20250506,000000,183,195,183,187.5,147.159999985284,0
HKIT.US,D,20250507,000000,180,189,175.5,176.46,304.013333302932,0
HKIT.US,D,20250508,000000,177.015,190.5,177.015,187.5,213.093333312024,0
HKIT.US,D,20250509,000000,187.47,187.5,184.5,184.5,104.926666656174,0
HKIT.US,D,20250512,000000,184.5,189.75,183.015,188.715,20.019999997998,0
HKIT.US,D,20250513,000000,195,195,187.5,188.94,142.486666652418,0
HKIT.US,D,20250514,000000,183.015,189,174,179.19,152.79999998472,0
HKIT.US,D,20250515,000000,177.105,186,177.105,186,72.286666659438,0
HKIT.US,D,20250516,000000,186.015,186.75,186,186,13.09999999869,0
HKIT.US,D,20250519,000000,184.5,186,180.015,186,116.06666665505999,0
HKIT.US,D,20250520,000000,184.5,186,178.5,181.935,147.05999998529398,0
HKIT.US,D,20250521,000000,184.5,184.5,178.5,182.25,4.539999999546,0
HKIT.US,D,20250522,000000,180,200.415,178.5,194.475,316.653333301668,0
HKIT.US,D,20250523,000000,187.5,200.865,186,188.235,142.69333331906398,0
HKIT.US,D,20250527,000000,188.385,190.5,188.385,190.5,6.146666666052,0
HKIT.US,D,20250528,000000,187.65,232.5,187.65,216,796.79999992032,0
HKIT.US,D,20250529,000000,216,216,210,211.5,91.50666665751599,0
HKIT.US,D,20250530,000000,211.515,211.515,204,205.5,117.886666654878,0
HKIT.US,D,20250602,000000,205.5,232.5,205.5,232.5,492.753333284058,0
HKIT.US,D,20250603,000000,228,231.945,214.035,223.02,136.086666653058,0
HKIT.US,D,20250604,000000,225,225,216,217.5,51.126666661554,0
HKIT.US,D,20250605,000000,217.5,218.925,210.075,214.5,141.09999998589,0
HKIT.US,D,20250606,000000,220.275,220.275,207.045,208.785,134.35333331989798,0
HKIT.US,D,20250609,000000,208.5,208.5,208.5,208.5,28.119999997188,0
HKIT.US,D,20250610,000000,208.5,211.5,207,207,14.559999998543999,0
HKIT.US,D,20250611,000000,205.5,208.23,204,207,126.179999987382,0
HKIT.US,D,20250612,000000,210.75,210.75,207,209.295,23.333333331,0
HKIT.US,D,20250613,000000,205.5,205.5,202.5,202.5,48.446666661822,0
HKIT.US,D,20250616,000000,196.5,205.62,196.5,199.5,158.206666650846,0
HKIT.US,D,20250617,000000,208.5,208.5,199.5,208.44,27.313333330602,0
HKIT.US,D,20250618,000000,207,207,201,202.5,19.499999998049997,0
HKIT.US,D,20250620,000000,198,211.5,198,201.465,97.63333332357,0
HKIT.US,D,20250623,000000,202.5,207,202.5,202.5,33.119999996687994,0
HKIT.US,D,20250624,000000,208.5,208.5,203.295,204,14.426666665224,0
HKIT.US,D,20250625,000000,202.62,205.5,201,205.5,64.046666660262,0
HKIT.US,D,20250626,000000,204,206.415,201,201,44.59999999554,0
HKIT.US,D,20250627,000000,202.245,208.5,201.9,205.5,30.719999996927996,0
HKIT.US,D,20250630,000000,205.5,206.25,202.5,206.25,43.186666662347996,0
HKIT.US,D,20250701,000000,205.5,217.5,199.5,201,273.473333305986,0
HKIT.US,D,20250702,000000,202.935,204,202.935,204,9.113333332422,0
HKIT.US,D,20250703,000000,214.5,214.5,199.515,201.075,48.159999995183995,0
HKIT.US,D,20250707,000000,204,216,202.5,216,31.446666663522,0
HKIT.US,D,20250708,000000,205.5,216,205.5,214.83,8.319999999168,0
HKIT.US,D,20250709,000000,211.5,211.5,208.545,210,10.706666665595998,0
HKIT.US,D,20250710,000000,208.5,219,208.5,219,93.95999999060399,0
HKIT.US,D,20250711,000000,219,219,212.145,214.5,20.493333331284,0
HKIT.US,D,20250714,000000,211.5,212.46,211.5,211.5,71.726666659494,0
HKIT.US,D,20250715,000000,211.5,215.97,211.5,211.5,28.13333333052,0
HKIT.US,D,20250716,000000,210,211.41,208.5,209.925,62.6666666604,0
HKIT.US,D,20250717,000000,208.5,217.5,208.5,213.975,16.773333331655998,0
HKIT.US,D,20250718,000000,213,213,207.21,210,143.993333318934,0
HKIT.US,D,20250721,000000,210.015,210.015,207,209.835,71.253333326208,0
HKIT.US,D,20250722,000000,207,208.5,207,207.075,98.39333332349399,0
HKIT.US,D,20250723,000000,204,209.055,204,205.5,40.406666662625994,0
HKIT.US,D,20250724,000000,207,208.5,207,207.795,13.939999998606,0
HKIT.US,D,20250725,000000,206.13,210,205.08,210,61.853333327148,0
HKIT.US,D,20250728,000000,205.575,210,205.575,208.11,61.893333327144,0
HKIT.US,D,20250729,000000,207,216,205.62,210,253.613333307972,0
HKIT.US,D,20250730,000000,209.25,213,209.25,213,19.03333333143,0
HKIT.US,D,20250731,000000,210.015,231,207,223.5,325.49999996745,0
HKIT.US,D,20250801,000000,217.155,231,211.5,230.475,198.59999998014,0
HKIT.US,D,20250804,000000,228,247.5,217.5,237.525,771.319999922868,0
HKIT.US,D,20250805,000000,241.5,241.5,228,240,249.29999997506997,0
HKIT.US,D,20250806,000000,235.5,240,233.22,235.995,43.059999995694,0
HKIT.US,D,20250807,000000,235.5,243,226.5,238.5,88.03333332453,0
HKIT.US,D,20250808,000000,220.5,233.835,220.5,232.5,105.846666656082,0
HKIT.US,D,20250811,000000,225,229.5,225,225,123.97999998760199,0
HKIT.US,D,20250812,000000,229.5,237,222,226.5,80.34666665863199,0
HKIT.US,D,20250813,000000,228,236.025,225,229.5,131.506666653516,0
HKIT.US,D,20250814,000000,230.25,232.5,228,228,116.45333332168799,0
HKIT.US,D,20250815,000000,229.5,230.25,229.5,229.5,8.793333332453999,0
HKIT.US,D,20250818,000000,229.86,229.86,226.5,226.5,196.13333331372,0
HKIT.US,D,20250819,000000,226.5,235.695,225,229.38,88.686666657798,0
HKIT.US,D,20250820,000000,225,233.67,225,231,18.993333331434002,0
HKIT.US,D,20250821,000000,223.5,231.54,223.5,225.015,29.473333330385998,0
HKIT.US,D,20250822,000000,226.485,226.485,223.5,223.5,39.179999996082,0
HKIT.US,D,20250825,000000,222,222.03,222,222,18.879999998111998,0
HKIT.US,D,20250826,000000,223.5,224.985,222,222,43.73999999562599,0
HKIT.US,D,20250827,000000,223.5,223.5,220.5,220.5,70.506666659616,0
HKIT.US,D,20250828,000000,220.5,222,220.5,220.5,42.659999995734,0
HKIT.US,D,20250829,000000,220.5,223.5,220.5,222,141.86666665248,0
HKIT.US,D,20250902,000000,223.5,230.61,222,226.5,107.51999998924799,0
HKIT.US,D,20250903,000000,222,230.985,222,229.5,29.53333333038,0
HKIT.US,D,20250904,000000,229.5,229.98,225,225.555,68.646666659802,0
HKIT.US,D,20250905,000000,225,228,225,228,5.593333332774,0
HKIT.US,D,20250908,000000,228,232.5,228,232.5,45.979999995402,0
HKIT.US,D,20250909,000000,230.88,268.5,230.88,249,1949.979999805002,0
HKIT.US,D,20250910,000000,244.5,289.5,243,267,1221.906666544476,0
HKIT.US,D,20250911,000000,267,312,267,298.5,1165.239999883476,0
HKIT.US,D,20250912,000000,294,305.07,262.59,264,419.719999958028,0
HKIT.US,D,20250915,000000,270.75,280.5,252,259.5,392.546666627412,0
HKIT.US,D,20250916,000000,264.015,298.5,264.015,265.5,180.359999981964,0
HKIT.US,D,20250917,000000,264,268.35,243,252,265.559999973444,0
HKIT.US,D,20250918,000000,252,270,249,262.5,97.473333323586,0
HKIT.US,D,20250919,000000,259.5,276,259.5,267,131.206666653546,0
HKIT.US,D,20250922,000000,270,280.485,270,270,180.39999998196,0
HKIT.US,D,20250923,000000,273,281.325,267.015,280.5,186.006666648066,0
HKIT.US,D,20250924,000000,276,290.7,270,277.08,180.06666664866,0
HKIT.US,D,20250925,000000,268.5,276.75,262.5,274.5,102.81333332305199,0
HKIT.US,D,20250926,000000,266.07,278.97,266.07,278.97,73.313333326002,0
HKIT.US,D,20250929,000000,282,282,267,270.33,52.27333332810599,0
HKIT.US,D,20250930,000000,273,273,271.5,271.5,11.013333332232,0
HKIT.US,D,20251001,000000,267,278.67,265.5,274.5,37.93333332954,0
HKIT.US,D,20251002,000000,264,279,264,279,27.053333330627996,0
HKIT.US,D,20251003,000000,270,285,270,277.5,106.73333332265999,0
HKIT.US,D,20251006,000000,283.5,288,270,280.5,231.33333331019998,0
HKIT.US,D,20251007,000000,285,286.5,276,277.53,36.406666663025995,0
HKIT.US,D,20251008,000000,277.5,286.635,271.515,283.5,129.999999987,0
HKIT.US,D,20251009,000000,283.5,307.5,283.5,291,147.339999985266,0
HKIT.US,D,20251010,000000,295.5,295.5,270,271.5,276.346666639032,0
HKIT.US,D,20251013,000000,272.415,279,272.415,277.5,51.553333328178,0
HKIT.US,D,20251014,000000,277.5,283.5,276,279,103.146666656352,0
HKIT.US,D,20251015,000000,284.97,285,276,280.5,35.933333329739995,0
HKIT.US,D,20251016,000000,277.5,286.5,277.5,282,86.253333324708,0
HKIT.US,D,20251017,000000,282,288.015,279.15,283.5,30.526666663613998,0
HKIT.US,D,20251020,000000,283.5,285,270,280.5,162.513333317082,0
HKIT.US,D,20251021,000000,282,285,271.5,280.5,75.31333332580199,0
HKIT.US,D,20251022,000000,280.5,322.5,276,294,624.23333327091,0
HKIT.US,D,20251023,000000,300,345,300,336,747.139999925286,0
HKIT.US,D,20251024,000000,342,351,297.225,348,295.95333330373796,0
HKIT.US,D,20251027,000000,346.5,361.86,316.5,327,1220.993333211234,0
HKIT.US,D,20251028,000000,324,346.5,300,328.5,272.06666663946,0
HKIT.US,D,20251029,000000,318,334.65,301.5,322.5,477.86666661888,0
HKIT.US,D,20251030,000000,301.2,316.5,298.5,309,337.41333329959195,0
HKIT.US,D,20251031,000000,312,336,295.5,295.5,1678.979999832102,0
HKIT.US,D,20251103,000000,294,312,294,306,245.779999975422,0
HKIT.US,D,20251104,000000,291,313.485,286.5,300,430.373333290296,0
HKIT.US,D,20251105,000000,306,339,292.5,310.5,372.96666662937,0
HKIT.US,D,20251106,000000,310.5,342,289.5,336,1159.739999884026,0
HKIT.US,D,20251107,000000,319.5,342,304.5,328.5,643.473333268986,0
HKIT.US,D,20251110,000000,333,627,333,622.5,61104.186660556246,0
HKIT.US,D,20251111,000000,379.5,435,360,414,3347.2199996652776,0
HKIT.US,D,20251112,000000,388.5,410.7,339,355.5,911.43333324219,0
HKIT.US,D,20251113,000000,360,379.5,350.025,373.5,855.426666581124,0
HKIT.US,D,20251114,000000,360,360,291,296.25,693.186666597348,0
HKIT.US,D,20251117,000000,253.5,264,247.5,250.5,508.286666615838,0
HKIT.US,D,20251118,000000,250.5,297,245.25,262.5,526.8133332806519,0
HKIT.US,D,20251119,000000,258,283.5,254.235,279,368.3333332965,0
HKIT.US,D,20251120,000000,277.5,277.5,228,249,441.793333289154,0
HKIT.US,D,20251121,000000,243,289.5,240,252,1285.893333204744,0
HKIT.US,D,20251124,000000,247.5,255,234,237,1046.0266665620638,0
HKIT.US,D,20251125,000000,228.015,238.5,211.515,219,487.546666617912,0
HKIT.US,D,20251126,000000,226.44,245.94,216,237,487.33999995126595,0
HKIT.US,D,20251128,000000,240,256.5,240,244.5,214.493333311884,0
HKIT.US,D,20251201,000000,253.5,324,216,258.825,22757.63333105757,0
HKIT.US,D,20251202,000000,225,249,218.25,244.5,24657.139997534283,0
HKIT.US,D,20251203,000000,229.5,243,208.5,225,8497.159999150283,0
HKIT.US,D,20251204,000000,228,241.5,214.5,240,4523.819999547618,0
HKIT.US,D,20251205,000000,223.5,252,219,219,5121.43333282119,0
HKIT.US,D,20251208,000000,219,220.5,202.5,202.5,167.919999983208,0
HKIT.US,D,20251209,000000,207,213,201,204,262.79999997372,0
HKIT.US,D,20251210,000000,208.5,229.5,208.5,223.5,228.6666666438,0
HKIT.US,D,20251211,000000,222,225,217.305,221.25,201.146666646552,0
HKIT.US,D,20251212,000000,213,248.25,213,243,992.9533332340379,0
HKIT.US,D,20251215,000000,234,277.5,234,273,1089.446666557722,0
HKIT.US,D,20251216,000000,277.5,285,268.5,282,1457.9399998542058,0
HKIT.US,D,20251217,000000,298.5,389.04,297,316.5,6258.646666040801,0
HKIT.US,D,20251218,000000,331.5,339,307.5,319.5,1059.559999894044,0
HKIT.US,D,20251219,000000,319.5,335.25,319.5,325.5,349.346666631732,0
HKIT.US,D,20251222,000000,324,325.5,296.25,298.5,945.59999990544,0
HKIT.US,D,20251223,000000,304.5,328.5,288,321,1301.6733332031658,0
HKIT.US,D,20251224,000000,316.5,333,316.5,322.5,471.546666619512,0
HKIT.US,D,20251226,000000,330,330,319.5,328.5,184.579999981542,0
HKIT.US,D,20251229,000000,319.5,342,318,328.5,464.3333332869,0
HKIT.US,D,20251230,000000,327,330,313.5,325.5,108.31333332250199,0
HKIT.US,D,20251231,000000,319.5,342,319.5,334.5,277.173333305616,0
HKIT.US,D,20260102,000000,345,345,335.445,339,102.23333332310999,0
HKIT.US,D,20260105,000000,331.5,346.5,301.5,307.5,3640.6133329692716,0
HKIT.US,D,20260106,000000,309,313.5,210,260.55,3160.506666350616,0
HKIT.US,D,20260107,000000,268.5,273.75,255,267,1200.259999879974,0
HKIT.US,D,20260108,000000,273,315,270,312,665.919999933408,0
HKIT.US,D,20260109,000000,306.66,319.5,299.25,312,294.76666663719,0
HKIT.US,D,20260112,000000,310.5,310.5,300,307.5,75.56666665911,0
HKIT.US,D,20260113,000000,304.5,325.5,300,324,183.673333314966,0
HKIT.US,D,20260114,000000,324,330,310.5,330,96.106666657056,0
HKIT.US,D,20260115,000000,327.75,336,327,336,26.899999997309997,0
HKIT.US,D,20260116,000000,337.5,337.5,324,336,39.379999996062,0
HKIT.US,D,20260120,000000,318,331.5,300,303,1233.36666654333,0
HKIT.US,D,20260121,000000,300,300,274.515,292.5,1221.773333211156,0
HKIT.US,D,20260122,000000,277.5,322.5,270,319.5,612.36666660543,0
HKIT.US,D,20260123,000000,294,309,291,303,284.746666638192,0
HKIT.US,D,20260126,000000,298.5,312,295.5,304.5,122.26666665444,0
HKIT.US,D,20260127,000000,303,308.25,274.5,277.5,160.953333317238,0
HKIT.US,D,20260128,000000,279,300,279,291,41.939999995806,0
HKIT.US,D,20260129,000000,292.5,319.5,279,294,537.2399999462759,0
HKIT.US,D,20260130,000000,305.22,307.5,285,288,423.9466666242719,0
HKIT.US,D,20260202,000000,285,298.5,280.5,295.5,135.853333319748,0
HKIT.US,D,20260203,000000,301.515,303,292.5,292.5,104.50666665621598,0
HKIT.US,D,20260204,000000,291,301.5,291,294,42.273333329106,0
HKIT.US,D,20260205,000000,300,301.5,292.5,292.5,53.49999999465,0
HKIT.US,D,20260206,000000,291,301.5,289.5,291,64.139999993586,0
HKIT.US,D,20260209,000000,303,303,288,288,56.866666660979995,0
HKIT.US,D,20260210,000000,289.5,330,283.5,312,175.219999982478,0
HKIT.US,D,20260211,000000,310.5,318,295.635,297,86.573333324676,0
HKIT.US,D,20260212,000000,300,312,300,303,7.706666665896,0
HKIT.US,D,20260213,000000,301.5,304.5,294.015,295.5,38.846666662782,0
HKIT.US,D,20260217,000000,303,303,298.5,298.5,11.959999998804,0
HKIT.US,D,20260218,000000,301.5,309,295.515,300,31.053333330227996,0
HKIT.US,D,20260219,000000,300,309,300,309,29.526666663713996,0
HKIT.US,D,20260220,000000,303.75,309,297,298.5,50.013333328331996,0
HKIT.US,D,20260223,000000,297.75,300,297.75,300,23.333333331,0
HKIT.US,D,20260224,000000,297,300.75,297,300,27.3333333306,0
HKIT.US,D,20260225,000000,300,300,297.015,300,29.999999997,0
HKIT.US,D,20260226,000000,297.525,298.5,297,297.015,56.239999994376,0
HKIT.US,D,20260227,000000,292.5,300,292.5,296.25,37.019999996298,0
HKIT.US,D,20260302,000000,292.5,300,277.5,279,2.8933333330439996,0
HKIT.US,D,20260303,000000,279,279,187.5,187.5,802.8599999197139,0
HKIT.US,D,20260304,000000,195,195,79.59,122.685,6033.593332729974,0
HKIT.US,D,20260305,000000,126,139.028,112.508,128.85,1170.026666549664,0
HKIT.US,D,20260306,000000,135,142.5,129.015,138,215.773333311756,0
HKIT.US,D,20260309,000000,147,147,135,145.5,129.89999998700998,0
HKIT.US,D,20260310,000000,145.5,177,145.5,162,4.653333332868,0
HKIT.US,D,20260311,000000,162,163.875,147,149.25,145.06666665216,0
HKIT.US,D,20260312,000000,151.5,175.215,127.515,148.508,261.906666640476,0
HKIT.US,D,20260313,000000,161.985,161.985,150,153,74.67999999253199,0
HKIT.US,D,20260316,000000,153,162,135,159.72,350.85333329824795,0
HKIT.US,D,20260317,000000,148.095,157.5,148.095,150,44.386666662227995,0
HKIT.US,D,20260318,000000,150,192,150,166.5,1037.893333229544,0
HKIT.US,D,20260319,000000,157.5,172.5,139.695,157.5,305.03333330283,0
HKIT.US,D,20260320,000000,163.5,217.5,158.25,178.5,8336.486665833017,0
HKIT.US,D,20260323,000000,175.5,175.5,13.05,17.07,857520.1065809146,0
HKIT.US,D,20260324,000000,12.225,12.33,8.85,10.755,244514.69997554852,0
HKIT.US,D,20260325,000000,8.85,10.2075,8.67,10.2,70306.3733263027,0
HKIT.US,D,20260326,000000,8.955,8.955,7.65,8.7,65208.586660145804,0
HKIT.US,D,20260327,000000,13.785,23.235,4.5,8.25,5453402.879454659,0
HKIT.US,D,20260330,000000,6.465,6.465,5.49,6,840520.1265826146,0
HKIT.US,D,20260331,000000,14.94,15.75,7.935,8.625,4860100.892847323,0
HKIT.US,D,20260401,000000,7.065,7.65,6,7.26,580501.3532752831,0
HKIT.US,D,20260402,000000,6.75,6.75,5.37,5.37,217749.51331155837,0
HKIT.US,D,20260406,000000,5.52,6.21,4.86,5.61,364415.9999635584,0
HKIT.US,D,20260407,000000,5.16,5.16,4.2603,4.98,174855.3333158478,0
HKIT.US,D,20260408,000000,4.8,4.845,3.54,3.99,202153.66664645128,0
HKIT.US,D,20260409,000000,3.51,3.7497,3.27,3.39,131031.33332023019,0
HKIT.US,D,20260410,000000,3.69,5.16,3.33,3.6,1233465.66654332,0
HKIT.US,D,20260413,000000,3.45,3.45,3.0603,3.33,124618.66665420479,0
HKIT.US,D,20260414,000000,3.27,3.27,2.7894,3.06,151635.33331816978,0
HKIT.US,D,20260415,000000,2.9667,3.0957,2.8575,3.03,70623.333326271,0
HKIT.US,D,20260416,000000,3.12,3.39,3.03,3.27,97525.6666569141,0
HKIT.US,D,20260417,000000,3.27,3.2958,3,3.03,71346.666659532,0
HKIT.US,D,20260420,000000,3,3.06,2.91,2.9673,30693.666663597298,0
HKIT.US,D,20260421,000000,2.8809,2.94,2.7615,2.7906,29106.333330422698,0
HKIT.US,D,20260422,000000,2.7987,3,2.67,3,50254.999994974496,0
HKIT.US,D,20260423,000000,2.775,3.03,2.775,3,29136.333330419697,0
HKIT.US,D,20260424,000000,2.8503,3.45,2.8353,2.97,985744.3332347588,0
HKIT.US,D,20260427,000000,2.6484,2.7597,2.25,2.4036,178482.66664881838,0
HKIT.US,D,20260428,000000,2.4,2.5758,2.23485,2.55,57605.6666609061,0
HKIT.US,D,20260429,000000,2.4837,2.565,2.3724,2.5266,32910.3333300423,0
HKIT.US,D,20260430,000000,2.4756,2.4777,2.34,2.4597,29591.333330374197,0
HKIT.US,D,20260501,000000,2.4,2.4351,2.1,2.1303,63549.999993645,0
HKIT.US,D,20260504,000000,2.2533,2.5689,2.13,2.55,307823.333302551,0
HKIT.US,D,20260505,000000,2.4549,2.487,2.1156,2.2191,92536.3333240797,0
HKIT.US,D,20260506,000000,2.17485,2.3511,2.0175,2.247,77660.99999223389,0
HKIT.US,D,20260507,000000,2.2011,2.4,2.04,2.1849,35901.3333297432,0
HKIT.US,D,20260508,000000,2.1309,2.19,2.0364,2.1,42328.666662433796,0
HKIT.US,D,20260511,000000,2.07405,2.0994,1.9245,1.98,47131.999995286795,0
HKIT.US,D,20260512,000000,1.986,2.0739,1.9479,2.0244,93788.99999062109,0
HKIT.US,D,20260513,000000,2.1975,2.3877,1.8333,2.1,5641365.6661025295,0
HKIT.US,D,20260514,000000,2.0664,2.79927,2.016,2.6196,757252.333257608,0
HKIT.US,D,20260515,000000,2.16,2.3115,1.95,2.0622,189301.3333144032,0
HKIT.US,D,20260518,000000,2.0523,2.07,1.8903,2.07,88990.6666577676,0
HKIT.US,D,20260519,000000,1.9869,2.0277,1.86,2.0232,64699.99999352999,0
HKIT.US,D,20260520,000000,1.995,2.1363,1.89,2.1,47638.999995236096,0
HKIT.US,D,20260521,000000,1.8966,2.0409,1.8966,1.9956,19397.999998060197,0
HKIT.US,D,20260522,000000,1.971,2.19,1.938,2.01,29786.333330354697,0
HKIT.US,D,20260526,000000,2.073,2.1255,1.9587,2.1,101776.66665648899,0
HKIT.US,D,20260527,000000,1.6248,1.8,1.5,1.6122,117390.3333215943,0
HKIT.US,D,20260528,000000,1.5,1.6323,1.5,1.6323,55684.3333277649,0
HKIT.US,D,20260529,000000,1.7,1.9892,1.46,1.46,837634,0
HKIT.US,D,20260601,000000,3.195,8.8,3.01,6.58,90454624,0
HKIT.US,D,20260602,000000,1.67,1.83,0.62,0.62,24122271,0
HKIT.US,D,20260603,000000,0.501,0.5199,0.3713,0.4502,15272336,0
HKIT.US,D,20260604,000000,0.4138,0.4295,0.33,0.33,27448308,0
HKIT.US,D,20260605,000000,0.3794,0.3851,0.23,0.2811,42453271,0
HKIT.US,D,20260608,000000,0.281,0.7,0.25,0.3147,105467265,0
HKIT.US,D,20260609,000000,0.28,0.3341,0.2587,0.273,28275597,0
HKIT.US,D,20260610,000000,0.406,0.65,0.356,0.436,244418156,0
HKIT.US,D,20260611,000000,0.4832,0.9131,0.48,0.559,222333791,0
HKIT.US,D,20260612,000000,0.5809,0.64,0.4701,0.5025,45388913,0
HKIT.US,D,20260615,000000,0.5117,0.5355,0.4486,0.465,10871602,0
HKIT.US,D,20260616,000000,0.44,0.4401,0.3808,0.412,5751100,0
HKIT.US,D,20260617,000000,0.389,0.389,0.3,0.35,5253732,0
HKIT.US,D,20260618,000000,0.3307,0.34,0.2988,0.3218,4425309,0
HKIT.US,D,20260622,000000,0.3239,0.3239,0.28,0.3162,2485513,0
HKIT.US,D,20260623,000000,0.28,0.293,0.277,0.2906,1756340,0
HKIT.US,D,20260624,000000,0.2753,0.278,0.2512,0.2635,2558948,0
